0.014941,0.2702,-0.032677,-0.27653,-0.10691,0.065809,-0.091584,-0.11664,-0.01786,-0.0016126,0.053828,0.0062158,0.03225,-0.072198,0.090055,-0.047566,-0.0068694,0.074985,-0.11617,-0.045165,0.10117,-0.011053,-0.14338,-0.11302,0.13617,0.041437,-0.072817,-0.039334,-0.024097,-0.0066452,0.13512,0.045782,0.10653,-0.10498,0.057751,0.027767,-0.060955,0.059595,0.0969,0.086727,0.081163,-0.070478,-0.029265,0.10219,-0.19169,0.040242,0.057478,-0.0067294,-0.19215,-0.10681,0.07948,-0.10708,0.033071,0.075454,0.05388,-0.097014,0.0044679,0.080213,0.0346,-0.036294,0.048965,0.1004,0.0067808,0.071968,-0.18485,0.074427,-0.099972,-0.009721,-0.081686,-0.05041,0.038468,0.08052,0.0084152,-0.092186,0.033568,-0.03,-0.13434,-0.039187,0.04262,-0.088759,0.0010757,0.074757,-0.22604,-0.0067491,-0.037026,-0.07928,0.018651,0.11367,0.01055,-0.037321,0.14476,-0.019875,-0.014698,-0.013308,0.073661,-0.13006,-0.097842,0.026468,0.19018,0.034753
0.13264,0.17734,0.0071618,0.037543,-0.19288,0.17568,-0.043344,0.10649,-0.10914,-0.10422,0.15491,0.11543,-0.15226,0.0791,0.21743,-0.03463,-0.029633,-7.2659e-05,0.059634,-0.070967,-0.12733,-0.03534,-0.13876,-0.064989,-0.035315,0.02719,-0.02285,-0.076901,0.069644,0.10971,0.072715,0.096811,0.11061,-0.14197,0.10262,-0.10449,-0.17296,0.023148,-0.012757,0.16419,0.031019,0.10923,-0.07652,-0.06118,0.099798,0.059634,-0.077202,-0.045986,0.097844,0.036387,-0.10466,-0.06941,0.10711,-0.15089,0.039706,-0.16023,0.16787,-0.069199,0.12151,0.073212,-0.11087,-0.12569,-0.087629,-0.16378,-0.065392,0.081315,0.16949,-0.037107,-0.021252,-0.036648,-0.1038,0.042289,-0.0059392,0.064374,-0.080267,-0.082169,-0.068658,0.015614,0.069891,-0.094336,0.02847,-0.1596,0.070582,-0.0067265,0.117,0.073641,-0.16345,0.025501,0.2735,0.027939,0.031366,0.053679,-0.09853,0.023761,-0.014408,0.11624,-0.065853,0.042836,0.050926,-0.070654
-0.091818,-0.0016248,0.077893,-0.13856,-0.018423,-0.087057,-0.096496,0.10726,0.041027,0.065184,0.114,0.078331,0.090157,-0.1049,0.12758,-0.028972,0.059773,-0.03715,0.013517,-0.020501,-0.044163,-0.050058,-0.095755,0.063276,-0.095786,0.1215,0.014858,-0.090345,-0.082555,0.010123,-0.078287,-0.17125,-0.07576,0.063416,-0.00029071,0.088544,0.018683,0.10988,-0.08208,4.3394e-05,0.0071399,0.11269,0.031896,-0.055773,0.087354,0.16484,-0.016927,-0.022897,-0.0097999,0.010323,0.035438,-0.070071,-0.076155,0.10709,-0.087047,-0.11147,-0.00034639,0.2313,0.077412,0.040137,0.12139,-0.018284,-0.05838,-0.049096,-0.17745,-0.0027692,-0.063688,0.10951,-0.009,0.13479,0.062153,0.041684,0.061534,-0.11163,0.087682,-0.014335,0.06508,0.1486,-0.084245,-0.014166,-0.092529,0.072811,0.083677,-0.0021369,-0.16213,-0.13159,-0.11622,0.04961,-0.087517,0.11548,-0.032611,0.045531,0.09293,-0.10203,-0.045053,0.2429,-0.0091461,-0.086945,0.043665,-0.13021
-0.0047764,-0.088724,0.089542,-0.093111,0.022687,0.031913,0.059497,0.11058,0.05005,-0.019267,0.091331,0.019527,-0.045084,0.25994,-0.075876,-0.2204,0.16093,0.080774,-0.12503,-0.015461,0.15391,-0.092244,-0.21632,0.053494,-0.029872,-0.0025215,-0.1732,0.13597,0.058109,-0.059592,0.038302,0.1053,0.041797,-0.0023891,-0.097068,0.067531,-0.10868,0.19722,-0.048098,-0.12214,-0.019325,-0.29919,-0.048157,-0.005794,-0.043498,-0.021391,-0.011415,-0.17645,-0.16654,-0.13194,-0.008216,-0.02135,0.031508,0.056896,-0.096586,0.0086187,-0.08501,-0.13192,-0.037764,0.16019,-0.011365,-0.10468,-0.059895,0.036079,0.015894,0.082205,-0.018891,-0.22639,0.053434,-0.014179,-0.039193,0.13447,0.04675,-0.1161,-0.062581,0.16052,-0.16647,0.021246,0.059656,0.030634,-0.042629,0.20045,0.057753,-0.022919,0.024655,0.034424,-0.21019,0.16912,0.0048606,0.034518,0.10837,-0.037749,-0.032137,0.026322,-0.20563,-0.076257,0.030745,-0.0068794,0.16687,-0.036292
-0.087469,-0.14647,-0.24254,-0.045073,0.049678,0.065989,-0.070408,0.08432,0.037283,-0.16801,-0.051622,-0.13993,0.091511,-0.16723,0.095236,-0.02635,0.041531,-0.051912,0.041175,-0.16706,-0.029455,0.034854,0.064504,0.043553,-0.076681,0.047841,0.15322,-0.040203,-0.070788,-0.12993,0.041723,0.078965,-0.23628,-0.032939,0.0082834,-0.048302,-0.047859,-0.052427,-0.1117,0.02976,0.12885,0.013302,0.020316,0.11288,-0.083755,-0.021466,0.00048862,-0.12897,0.00069572,0.013427,0.10167,0.085293,0.031267,0.093217,0.071574,0.027129,0.10914,0.11155,-0.22321,8.3459e-05,-0.34684,-0.11082,-0.021352,-0.094128,0.045293,-0.10788,0.11602,0.089131,0.063723,-0.020484,0.042595,-0.049368,-0.0028809,-0.090628,0.020128,-0.18584,0.060618,0.082106,-0.095587,0.010333,0.12716,-0.056441,0.05623,-0.13404,0.032934,-0.032584,-0.048105,0.11156,0.0072666,0.092328,-0.092419,-0.048477,-0.026772,-0.029058,-0.080812,0.031008,-0.049927,0.023563,0.061551,0.049409
0.10666,-0.054998,0.0090422,0.11009,-0.062752,-0.084568,-0.13345,0.080696,0.017297,0.09593,-0.059839,0.2189,-0.044936,0.15006,-0.017798,-0.069944,-0.1038,-0.086519,-0.076426,-0.049154,0.080566,0.063445,0.11079,0.089618,0.012805,-0.083821,-0.1902,0.043684,-0.086641,0.16647,0.062812,0.085404,0.071435,0.046585,-0.075641,0.16912,-0.037722,0.24031,0.013613,0.015162,-0.031511,0.13091,0.059513,0.1963,0.093836,0.11154,-0.17204,-0.015776,0.0034934,-0.031435,-0.034486,-0.080245,0.12713,-0.11784,0.08772,-0.083348,-0.056428,0.18692,0.073074,-0.017159,0.075973,-0.042938,0.048491,0.12482,-0.011505,-0.092557,-0.29141,-0.070482,-0.080269,0.039277,-0.0020143,-0.0029299,-0.060022,0.091016,0.018273,0.033136,0.13594,0.12066,0.035643,0.064546,0.0062051,0.07198,-0.028137,-0.085879,-0.015947,0.009135,0.0059788,0.014224,-0.044968,0.026806,-0.04859,-0.15874,-0.011607,-0.12159,0.068302,0.13314,-0.061253,-0.061556,0.10114,0.11994
0.013932,-0.085932,0.098007,0.16923,0.062297,0.081463,0.10072,0.022936,0.049232,-0.24476,0.075612,-0.077862,-0.13266,-0.0022264,-0.054834,0.053046,-0.10467,0.07312,-0.082612,-0.050385,-0.069244,-0.12522,-0.11119,0.022296,-0.047346,-0.027507,0.19282,0.10979,-0.12531,-0.048215,0.12184,-0.040143,-0.086409,-0.13159,0.013992,0.08456,-0.084377,0.072455,-0.043667,0.059264,-0.013297,-0.052637,-0.15264,-0.046261,-0.083749,0.014669,-0.099232,0.011428,-0.0067792,-0.1098,-0.015739,0.0012472,-0.1394,0.0046696,-0.029163,-0.10143,0.082896,0.081394,0.0090956,-0.018107,-0.091115,0.045651,0.058872,-0.070413,0.048882,-0.0086408,-0.063495,-0.2462,0.012884,-0.026653,0.26193,0.16992,0.12181,-0.015378,-0.046401,-0.076176,-0.019947,0.078248,-0.074232,0.074174,-0.023605,0.027326,-0.035417,0.047137,-0.019134,0.0011555,-0.061815,-0.020615,0.19117,0.095537,0.0072037,0.03813,-0.12711,0.019358,-0.26826,0.054897,0.083456,0.086261,0.019952,0.17031
0.061789,0.11016,-0.18485,0.018975,-0.063915,-0.042341,0.031252,0.020803,0.033435,-0.032769,-0.1137,-0.11063,0.013973,0.046696,0.055558,-0.13909,0.17163,0.017673,-0.00051928,0.12743,0.082901,0.18949,0.02459,-0.0027552,-0.12108,0.033331,-0.016504,-0.14226,0.050612,-0.017738,0.13964,-0.00017247,-0.020778,0.039761,-0.15321,-0.018119,-0.058234,0.093332,-0.055698,-0.047091,0.10474,-0.016337,-0.035909,-0.0056328,0.068397,0.11527,0.10602,0.049191,-0.19586,-0.024021,-0.0088979,0.020923,-0.032873,0.10057,0.0010583,-0.1499,-0.0080532,-0.065628,0.069,0.042179,0.0085763,-0.061835,-0.043717,-0.032818,0.067472,0.12462,-0.07195,-0.052002,-0.11043,-0.071317,0.030977,-0.12874,-0.10967,-0.12991,0.13096,0.053949,0.14042,0.10685,0.16492,0.054754,-0.037652,0.13442,0.072238,0.073081,-0.01363,0.15867,-0.022917,0.10575,0.02854,0.058188,-0.06169,-0.035855,0.091222,-0.03676,0.07624,0.092724,-0.068512,-0.092326,0.12536,0.015464
-0.059262,-0.099668,0.011301,-0.069517,0.07484,0.098661,0.060633,0.026901,0.09677,0.081514,0.032395,0.026014,-0.049425,-0.080924,0.064277,-0.188,-0.073315,-0.10997,0.065351,0.093333,0.15666,0.13148,0.023169,0.047651,-0.044556,0.12049,-0.056233,0.22189,0.085757,-0.20106,0.0080279,0.0081555,0.056787,-0.20279,0.020578,-0.0027848,-0.018873,0.023644,0.072462,-0.10618,-0.0026909,-0.019857,-0.045493,-0.0061365,0.10212,0.056228,0.02811,0.050452,-0.14023,0.04482,0.2745,0.00023818,0.25979,0.048806,0.099089,0.077158,0.03422,0.15169,-0.029484,-0.012611,-0.10984,0.21557,-0.04238,0.17187,0.17773,0.17854,0.01279,-0.10084,0.027283,0.014227,-0.11558,0.12598,-0.034481,-0.039853,0.13617,-0.090481,-0.18406,-0.084986,0.084417,0.045485,-0.013637,-0.13291,-0.10948,-0.057425,0.038475,0.27062,0.0013415,0.037534,-0.14215,0.10222,0.18242,0.1021,-0.10524,0.10038,-0.23406,-0.058614,-0.012293,-0.16834,0.072267,0.11532
-0.17761,0.020155,-0.27086,0.018249,-0.16961,-0.049456,-0.093414,-0.044286,0.018147,-0.0094449,-0.083918,-0.19562,-0.17719,0.15978,-0.079291,-0.19247,-0.11116,-0.085138,0.00061909,-0.20005,0.1661,0.045761,0.10164,-0.019465,-0.071721,0.036932,-0.2051,-0.046903,0.04095,-0.13751,-0.16153,-0.058344,0.12957,0.062114,0.16637,0.059292,0.062689,0.25781,-0.17132,0.15446,0.085958,0.088766,0.186,0.031756,-0.051169,0.072032,0.0018658,0.097434,-0.12606,-0.023754,0.094818,-0.15426,-0.034958,0.067971,0.013501,0.023953,0.067458,-0.043062,-0.077113,-0.0022505,-0.12941,-0.030177,0.039222,0.039282,-0.11102,-0.087664,0.09198,0.01977,-0.017071,0.18538,-0.15207,0.18323,0.034137,-0.063985,-0.096858,-0.023174,-0.037716,0.10786,-0.029271,0.14316,0.17981,0.017929,-0.16629,-0.094552,-0.0041703,0.13522,0.011016,0.056477,0.098592,0.16497,-0.10231,-0.042142,0.059757,0.044668,-0.032226,-0.078514,0.030532,-0.058747,0.08024,0.056325
-0.054161,0.13173,-0.15514,-0.12959,-0.13049,0.11025,-0.019732,0.082188,-0.02307,-0.022265,-0.11327,0.071344,-0.18246,0.098697,-0.054914,-0.0086383,0.0017262,0.24961,0.12904,0.039451,-0.013768,0.032778,-0.07263,-0.11299,0.030822,0.0072189,-0.051331,-0.080193,0.11797,-0.10606,-0.079274,-0.072807,-0.1176,0.25014,-0.086989,-0.021741,0.03221,-0.072308,0.1434,-0.17266,0.0010622,0.062988,0.18199,0.11416,0.0064651,-0.0202,0.11318,0.087134,0.1031,-0.12552,-0.10745,0.065112,0.046034,-0.018904,0.081565,-0.041353,0.024942,-0.18423,0.08052,0.12986,-0.011762,-0.053717,-0.064603,0.17493,-0.095966,-0.061049,-0.089226,-0.19141,-0.011608,0.12172,0.06332,-0.17928,-0.071842,-0.040787,-0.022576,-0.011257,-0.1727,0.14879,0.20793,0.073669,-0.052525,-0.038594,-0.19447,0.059432,-0.071172,0.0063604,-0.018054,0.060319,-0.02959,-0.084155,0.02371,0.025407,0.028861,-0.010075,-0.13795,-0.23608,-0.0090998,0.094943,0.052034,-0.071437
0.075747,0.032436,-0.026449,-0.075317,-0.042104,-0.059657,0.21642,0.0068345,-0.044845,0.025098,-0.028698,-0.15354,0.082849,-0.057905,0.087453,-0.074671,-0.071748,0.05075,0.17737,-0.12142,-0.16714,0.12317,-0.10922,0.0080678,0.10033,-0.1508,0.15761,-0.049366,-0.15792,0.15006,-0.056239,0.12618,0.028357,-0.14347,0.07742,-0.015947,-0.0043095,-0.09976,0.11455,0.09956,0.020008,-0.10791,0.023187,-0.14353,0.082152,0.071899,0.035192,-0.036877,-0.13669,0.2005,0.099133,0.049818,0.1163,-0.18432,0.13306,0.016312,0.12234,-0.076976,-0.034341,-0.1156,0.092731,0.034599,0.11683,-0.14498,-0.10582,-0.1184,-0.11599,-0.057896,0.11425,-0.075065,-0.020338,-0.083736,0.17814,0.20089,0.048102,0.040539,0.0087191,0.043839,-0.057783,0.053731,-0.089274,-0.11281,-0.079147,-0.119,-0.12166,-0.1617,-0.089222,0.13751,0.12154,0.08834,-0.096196,0.019731,0.075254,-0.010488,-0.0047619,0.14844,0.13011,0.086339,-0.039177,0.077142
0.027611,-0.024362,-0.013745,0.094347,-0.051037,-0.073161,-0.06715,0.044906,-0.10527,0.053712,-0.09652,-0.031248,-0.082027,0.043835,-0.057458,-0.080401,-0.069758,0.024045,-0.0088178,0.22957,-0.039074,0.057693,0.16171,-0.11855,-0.053212,-0.025383,0.042818,0.064455,0.081091,0.0032509,-0.11236,0.030046,0.061887,-0.10187,0.004416,0.042484,-0.13843,-0.046428,-0.12824,-0.00058956,0.05386,0.028644,-0.12051,-0.16682,0.12791,0.044015,0.021926,-0.070906,-0.095486,0.20136,-0.11142,0.037626,-0.028886,0.13248,-0.04723,-0.15371,-0.28317,0.065184,-0.14789,-0.047456,-0.055826,-0.0012863,-0.052338,-0.013065,0.075869,-0.081478,-0.091979,-0.11179,0.1022,0.095396,0.23182,0.024266,-0.068265,-0.035006,0.067367,0.024055,-0.09399,0.016762,-0.12762,0.21901,0.20784,0.028551,-0.061293,-0.159,-0.047539,0.085465,0.026242,0.017335,-0.15083,0.19643,0.056459,0.048515,0.015815,-0.12264,0.15629,0.038279,0.18011,0.15184,0.11426,0.053005
-0.032284,0.04533,-0.038653,0.021661,0.13559,-0.12708,0.039738,-0.11244,-0.032186,-0.020479,-0.095416,-0.14593,-0.022512,0.029893,-0.071819,0.033896,0.0085929,0.042019,0.1258,-0.3037,-0.14375,-0.0021144,-0.072062,-0.063782,0.03569,-0.079398,0.081083,0.0027882,-0.10564,0.0015753,0.13283,-0.053236,-0.066263,0.05704,0.093904,-0.1911,0.074309,-0.045977,-0.11741,-0.1142,0.06484,0.21528,-0.02578,-0.020043,-0.10786,-0.047998,0.081461,0.015854,0.14417,0.093589,-0.1161,0.021185,0.0051573,0.0058216,-0.13049,-0.23008,0.085753,0.068773,-0.071259,0.028993,-0.084421,0.047921,0.016217,0.03274,-0.095107,0.070078,-0.090692,-0.25216,-0.16222,-0.14242,0.029733,-0.11466,-0.022898,-0.26078,0.084432,-0.058281,0.0065975,-0.032425,0.017161,-0.023869,-0.072564,-0.12589,-0.1294,0.09374,-0.078647,0.11266,-0.02678,0.0077122,0.0773,0.048682,0.11705,-0.21413,-0.096725,-0.12114,0.035748,-0.032127,-0.023425,-0.066457,0.01469,-0.04948
0.060373,-0.03832,0.13537,-0.15642,0.1684,0.15518,-0.060589,-0.11484,0.05772,0.073238,-0.019173,-0.092215,0.048486,0.10152,-0.037516,-0.012229,-0.053472,-0.031807,-0.10696,0.093117,-0.023454,-0.027521,-0.16309,-0.033796,-0.037883,0.058186,-0.020702,-0.0076915,0.028205,-0.15491,0.049985,0.0053169,-0.028298,-0.08641,0.0044347,0.089509,0.00012642,0.16562,0.082494,0.19775,-0.084425,-0.042068,-0.027187,-0.043168,-0.048329,-0.044969,0.012585,-0.033002,-0.034152,-0.030626,-0.033612,-0.21263,0.13234,-0.026398,-0.014203,0.083709,0.2522,-0.05701,0.10698,-0.015349,-0.067679,0.084133,0.054884,0.05576,0.0045051,0.019055,-0.015462,-0.068669,0.012252,0.13584,0.086632,-0.11252,0.0079255,-0.051535,0.053281,0.089098,-0.011092,-0.15762,0.041065,-0.044611,-0.11658,-0.2268,-0.057609,0.042066,0.026876,-0.128,-0.014518,0.13292,0.031527,-0.016336,-0.013712,-0.0045315,0.21612,-0.03051,-0.083143,0.02714,0.037727,-0.048148,-0.12453,0.069513
0.038479,0.062888,-0.081647,0.0096853,0.08946,0.14154,0.067212,-0.13426,0.048545,-0.13077,-0.018091,-0.090494,-0.087512,-0.042309,-0.032315,0.14522,-0.070923,-0.052968,-0.062445,-0.031256,0.16644,-0.072383,-0.15848,0.014297,-0.034105,0.044152,-0.14912,0.11087,0.08342,-0.00089713,0.018173,0.1106,-0.090336,-0.072141,-0.00091583,-0.072011,-0.053445,0.12391,-0.20922,-0.12481,0.041688,-0.028654,-0.0073893,-0.011385,0.087791,-0.018246,-0.0047285,-0.033878,-0.051806,0.11584,-0.027319,0.10818,-0.06149,0.072256,-0.11548,-0.013505,-0.017464,0.0028416,0.04692,0.022671,0.090782,-0.11198,0.090755,-0.04078,-0.1032,0.10609,0.07866,-0.081336,-0.12422,0.057343,0.041785,0.018365,0.08626,0.1613,0.012222,0.052057,-0.089087,-0.18298,-0.16827,-0.051973,-0.026486,-0.055173,0.069183,-0.11233,0.0098415,-0.14724,-0.011222,-0.042598,0.038498,0.10892,-0.042742,-0.071407,-0.15745,0.092982,-0.053639,0.18297,-0.064562,0.05214,-0.035283,0.051016
-0.070169,-0.012135,-0.058229,0.012001,0.097437,-0.0098365,-0.0227,0.15212,0.087338,0.077656,-0.055119,-0.085619,-0.028699,-0.013263,-0.10967,-0.0223,-0.059313,0.062984,0.080526,0.26255,0.031803,-0.079189,-0.19125,0.16058,-0.0069723,0.054517,-0.018098,-0.037938,0.18382,0.12918,0.15156,0.14063,0.060466,-0.066235,0.11787,-0.14748,-0.047972,0.049699,0.024467,0.057508,-0.10447,-0.11608,-0.022156,-0.0090235,-0.28266,0.056483,-0.00095925,-0.099239,-0.014814,-0.0040036,0.069327,-0.11664,-0.055634,0.082334,0.033125,0.095665,0.18652,-0.11255,-0.078645,0.082273,-0.00028229,-0.12528,0.091084,0.028777,0.065304,-0.0054507,0.022721,0.16956,0.04002,-0.024547,0.00021718,0.040698,-0.073032,0.11433,-0.025677,-0.068566,-0.032207,-0.014431,-0.058577,0.073043,-0.041876,-9.4424e-05,-0.083014,-0.00043419,-0.026455,0.060339,0.0083632,0.17802,-0.09373,-0.04425,0.0069738,0.0031399,-0.19324,-0.10656,0.12991,-0.20452,0.074999,0.097218,-0.012505,-0.15244
-0.058971,0.17575,-0.09078,0.22682,0.1181,0.019453,-0.036607,-0.0021542,-0.11469,0.025689,0.13075,0.048511,-0.13885,-0.094125,0.098124,0.088429,0.11847,-0.10136,0.070482,0.009101,0.12911,-0.17432,-0.15446,-0.0091191,0.12958,0.09991,-0.0061169,0.14096,0.070912,0.1116,0.086351,-0.0026025,0.3002,0.15559,-0.10212,0.16432,-0.0080179,0.13163,-0.10043,0.070173,0.061097,0.10918,-0.15169,-0.13906,0.074256,-0.080423,-0.064599,0.17241,-0.21505,0.12987,-0.030424,0.019757,0.085896,-0.001417,0.18604,-0.037392,-0.008996,0.1084,0.052348,-0.13129,0.092124,0.13309,0.065049,0.067992,-0.021833,-0.0213,0.068479,0.026879,0.04281,-0.034065,-0.20135,-0.0071481,0.024792,0.030944,-0.11488,-0.086633,-0.15159,0.12014,-0.0024508,0.14048,-0.010615,-0.062875,-0.0053918,-0.010131,-0.14461,0.050318,-0.22714,-0.042384,-0.035474,-0.014951,0.096517,0.083812,-0.075141,-0.095741,-0.024439,-0.26903,-0.048251,-0.058009,0.11174,0.1312
-0.085847,0.045946,0.083036,0.12216,0.20839,0.047856,0.16731,0.051412,0.33246,0.037617,0.093272,0.16516,-0.15787,-0.21816,0.086877,-0.081759,0.045796,0.019453,0.04897,-0.010017,-0.031979,-0.093681,-0.14137,-0.30507,0.05813,0.073605,0.039534,0.13408,-0.15747,0.14318,0.00018824,0.15189,0.075926,0.01962,-0.25168,-0.18224,0.090379,0.041969,-0.024788,0.077818,-0.010801,-0.014295,0.011014,-0.045307,0.11066,0.0083969,0.20235,0.001592,0.009993,-0.16506,-0.048585,-0.090907,0.062271,0.12823,0.19375,0.117,-0.087404,-0.19487,0.019102,0.12716,-0.10836,-0.14504,0.086816,0.12658,0.092801,-0.19745,0.092728,0.018299,0.092264,0.17239,-0.10346,-0.087543,-0.014159,0.0076919,-0.055243,0.080534,0.051266,-0.12026,0.087468,-0.14911,-0.064987,0.12568,0.12896,-0.0097069,0.038284,0.12498,0.12848,-0.13475,0.059365,-0.1211,0.12168,-0.18031,-0.067662,0.0041893,-0.077716,-0.0021473,0.063243,0.15675,0.0041562,-0.035702
-0.051089,0.080762,-0.14554,-0.00084576,0.021751,0.0044957,0.1429,0.080686,-0.052863,-0.077278,0.062238,0.071406,0.133,0.11069,-0.0036723,-0.15924,0.067857,-0.12168,-0.20289,0.053365,-0.10398,-0.06904,0.00056478,-0.049159,0.13683,-0.099002,-0.032826,-0.076868,-0.0067254,0.12,0.056156,0.10597,-0.069757,-0.04373,0.10481,0.13883,-0.09161,-0.018114,-0.081641,-0.097975,-0.11564,-0.015109,-0.014286,0.158,-0.049269,-0.10823,0.045968,0.17647,0.034568,0.079661,-0.18847,0.005609,-0.12951,0.09418,-0.016465,0.036424,-0.17762,-0.10075,0.11988,-0.04621,-0.076669,-0.1323,-0.012597,0.012604,-0.055086,0.19397,0.050339,-0.084075,0.22295,-0.024282,-0.020391,0.08708,0.12025,-0.22299,-0.010557,-0.014694,0.2365,-0.065206,0.0027149,0.12875,0.17774,-0.1346,0.01815,0.05191,0.044284,-0.066363,-0.14231,0.12736,0.10691,-0.19322,0.0057507,-0.055906,-0.13962,0.076536,-0.096075,0.088199,-0.11538,0.093271,0.19672,-0.2005
0.089621,0.06988,-0.057356,0.070855,0.11855,0.12254,-0.083631,0.0727,0.092937,0.025511,0.35013,0.022932,-0.12921,-0.06749,-0.050276,-0.13693,-0.12878,-0.15879,0.061639,-0.022842,-0.009495,-0.067178,-0.0689,0.019259,-0.13166,-0.073459,-0.17561,-0.024307,0.10827,-0.062011,0.15094,-0.028179,0.19748,-0.12935,-0.03349,-0.01418,-0.020938,0.048154,0.048337,-0.098532,0.070382,-0.22326,-0.083254,0.013598,0.056813,0.06486,-0.035457,0.057661,0.14273,-0.20253,0.11816,0.0052956,-0.042027,0.23952,-0.10656,-0.036251,-0.048416,-0.02388,-0.13177,0.22981,-0.19011,-0.092465,0.022553,0.067858,-0.047469,-0.23751,0.060023,0.024369,0.23527,-0.03799,0.012559,-0.040068,0.0011699,0.12274,-0.033098,0.12806,0.14346,-0.084462,-0.094596,0.068863,-0.00027347,0.16278,0.036814,-0.15817,0.095727,-0.022703,0.13093,-0.064076,0.012459,-0.095072,0.07419,0.043725,-0.15244,0.14844,-0.039103,-0.12142,0.047635,0.060849,0.041622,-0.010035
-0.042733,0.0011128,0.078248,0.027207,0.055996,0.18148,0.046141,0.072464,-0.047152,-0.19549,0.079627,-0.13611,0.16876,-0.24252,-0.11549,0.023085,-0.05454,-0.032008,0.051348,0.060754,0.093633,-0.021236,-0.061292,-0.14823,0.087251,-0.0030198,0.096511,-0.16009,0.14291,0.061505,0.0072951,0.07663,-0.058147,-0.016714,0.19033,0.0019095,-0.11776,0.045996,0.063525,-0.093593,-0.0017132,-0.033708,-0.014965,0.033652,-0.079054,0.11347,-0.048768,0.1377,-0.23925,0.0071671,-0.080499,0.045634,-0.080904,0.047038,0.020188,-0.0040398,0.088964,0.055398,0.094252,0.17136,-0.092227,-0.067531,0.019987,-0.015182,0.003279,0.081051,-0.15069,0.13234,-0.025543,-0.011777,0.11226,0.16229,-0.034487,0.067509,-0.11447,-0.045029,0.048093,-0.099219,0.064423,0.20141,-0.091642,0.034825,0.028478,-0.067564,0.063263,0.15921,-0.071841,0.17877,0.0478,-0.020976,-0.091223,-0.07667,0.057521,0.09739,-0.063089,-0.0049622,-0.011214,0.0081341,-0.020955,0.23981
-0.014249,0.13357,0.053952,0.042361,0.077612,-0.050126,-0.056642,0.14231,-0.047402,-0.057618,-0.28824,-0.090298,-0.19925,0.11507,0.14383,-0.10363,0.023114,-0.028035,-0.062718,0.04559,-0.00041586,0.032148,-0.026338,0.21691,-0.24659,0.07324,-0.041005,0.0072014,0.0021201,-0.057099,0.0097093,-0.028191,-0.12725,0.025355,-0.11617,-0.049643,-0.20234,-0.050828,0.036756,0.07769,-0.20693,0.10058,0.067557,-0.21085,-0.0095682,-0.13536,0.090683,0.013987,0.11736,-0.21981,0.21933,0.04532,-0.1936,-0.1776,-0.12659,0.063837,-0.26447,0.0021019,0.012048,-0.25007,0.10169,0.19726,0.013766,-0.04264,0.07226,0.11246,0.025061,-0.0085509,-0.082318,-0.040076,-0.12608,0.1539,0.0478,0.038172,-0.038423,-0.10009,-0.065807,-0.023737,0.15687,-0.07055,0.040529,0.0088919,-0.1174,1.5331e-05,0.021765,-0.019207,-0.16632,-0.020191,0.13103,-0.18565,-0.11156,0.11122,-0.16416,0.009085,0.02136,0.14665,0.027031,0.0081293,0.007234,0.16764
-0.10298,-0.080421,-0.19886,-0.021683,-0.12187,0.041082,-0.035338,-0.11192,-0.22326,0.042928,0.051487,-0.031139,-0.048638,-0.13088,-0.061883,-0.19165,0.16229,0.057287,-0.11325,0.12988,0.12322,0.12879,-0.040934,0.11905,0.011974,-0.10126,0.050132,-0.015859,-0.0024537,-0.06766,0.11205,0.066337,-0.0021455,-0.017474,-0.04426,0.11338,0.15313,0.070443,0.00037294,0.0503,-0.11739,-0.021672,-0.12252,-0.033453,-0.18224,0.013091,0.043691,-0.061067,0.016303,-0.0030486,0.0049593,0.05486,-0.15331,-0.0076822,0.039688,0.014024,-0.092914,-0.047156,0.020568,0.1014,0.010798,0.062571,0.0097173,0.11657,-0.11647,-0.04962,-0.18924,-0.010349,-0.13994,0.015438,-0.10881,0.08626,0.062732,-0.093672,-0.11464,-0.024148,-0.030178,-0.14462,0.0073511,-0.087251,-0.0099175,-0.074374,0.0035654,-0.18916,0.34155,-0.070993,-0.089242,-0.16873,-0.030207,-0.057657,-0.048684,0.01378,0.10765,0.1252,-0.096348,0.0082889,0.17674,0.051535,-0.084028,-0.11631
0.15858,-0.16888,-0.011761,-0.011072,-0.012756,0.015301,0.017652,-0.017603,-0.035185,-0.14218,0.0055041,-0.16318,0.033048,0.13481,-0.03852,0.023129,0.1132,0.13985,0.0050967,0.034093,-0.015698,0.075065,0.057234,0.1379,0.045468,-0.051461,0.12785,0.0787,0.085028,0.069347,-0.13294,0.13327,-0.074878,0.30052,0.21438,-0.1735,-0.068814,-0.023256,0.070726,0.035471,0.075,0.047734,-0.0095371,-0.071915,-0.052676,0.1493,-0.0018894,-0.11366,0.081788,0.018017,-0.022891,-0.079119,0.0059061,-0.087784,0.0091983,0.10985,0.046167,0.076147,0.11019,0.13823,0.0049643,0.20851,0.091272,-0.047372,-0.050875,-0.11501,0.046772,0.05133,-0.035995,0.061053,-0.17077,-0.064868,0.030232,0.09817,-0.025767,-0.20758,-0.071919,0.029502,0.077877,0.037094,-0.0024809,-0.018887,0.03692,0.17406,-0.019484,-0.081907,0.13647,0.23532,0.069716,0.063207,-0.079885,0.032921,0.046737,-0.28412,0.13007,0.049108,-0.11079,0.14588,0.067607,0.054888
-0.012458,0.22005,-0.03242,0.079193,-0.0026789,-0.061336,0.10521,0.092815,-0.071632,0.078102,-0.071329,-0.042767,0.016588,0.12356,0.016323,-0.016393,-0.0081213,-0.16429,-0.066477,0.066564,0.0057462,-0.13784,0.033885,0.023068,0.024879,-0.060933,-0.031365,-0.037563,0.048368,-0.077929,0.13143,-0.12482,0.11859,-0.084645,0.22521,-0.066617,-0.092328,0.077808,-0.20045,0.011131,-0.0039988,-0.045746,-0.14122,0.043562,0.077625,0.042097,-0.076182,0.065604,-0.098323,-0.15832,-0.097729,0.13911,-0.0036329,-0.10544,-0.068829,-0.052094,-0.24624,-0.02419,-0.0095023,-0.13306,-0.070268,0.011507,-0.025242,-0.063125,0.16007,0.030109,0.051758,0.1067,0.19508,-0.097916,-0.016055,0.11883,-0.20711,-0.032998,-0.0575,-0.13619,0.1146,-0.17037,-0.07803,0.072543,0.1266,-0.068488,-0.15385,-0.19756,-0.06164,-0.11379,-0.15189,-0.11388,-0.095004,0.053111,-0.031061,-0.087133,-0.22567,-0.0091365,-0.17247,0.11293,0.055383,0.072342,0.057417,0.0096138
-0.19175,-0.043108,-0.1128,0.095798,0.021867,0.037894,0.085784,0.11455,-0.015248,0.06149,0.072053,-0.10761,-0.061452,0.00021037,-0.066981,-0.14169,0.12027,0.015002,0.086406,0.056786,0.060426,0.1011,-0.047807,0.099789,0.055156,-0.090571,-0.0072675,0.12619,0.075251,0.026347,0.12901,-0.12423,-0.097185,0.039949,-0.017231,-0.098861,0.0081254,0.070402,-0.030575,-0.024517,0.1388,-0.013232,0.018599,0.0025892,0.062518,-0.028656,0.091681,-0.0087642,0.24739,-0.10062,0.069571,0.0093623,0.044134,0.018893,0.042399,0.087555,-0.11481,-0.040817,-0.10523,-0.016215,-0.011455,0.0019185,-0.073873,-0.054054,0.013637,0.14975,0.14219,-0.017975,-0.10356,0.0037995,-0.033491,0.02187,0.04088,0.047484,0.034872,-0.03943,0.001725,0.072361,-0.063153,0.27545,-0.10412,0.097258,-0.012479,0.062609,0.14473,-0.3118,-0.097635,0.092285,-0.0059271,0.0060451,-0.1164,0.052326,-0.091961,-0.09282,-0.089376,0.10586,0.28811,0.042657,-0.086192,0.068782
-0.068581,0.090219,0.20793,-0.1277,-0.062466,-0.0079869,-0.1922,0.02676,0.13887,-0.11131,-0.073204,0.099989,0.078769,-0.11038,0.043861,0.038207,-0.085042,-0.027152,-0.019394,0.040633,-0.030699,-0.031117,0.044193,-0.049614,0.019134,0.1007,0.030084,-0.1251,0.14376,0.098478,-0.016328,0.046875,0.11392,-0.014973,-0.15374,0.049791,-0.12841,-0.059754,-0.075818,-0.061458,-0.17333,0.0081816,0.032947,-0.0031331,0.023828,0.0067862,0.085908,-0.13317,0.11426,-0.024659,-0.096728,-5.1193e-05,0.02149,0.15055,-0.10638,0.011332,0.18358,-0.042106,-0.10075,-0.080045,-0.0062718,0.0099252,0.030573,0.21022,-0.080683,0.051474,0.15688,0.080221,-0.00045567,-0.039477,0.13973,0.063297,-0.031619,-0.10439,0.010826,-0.0022238,-0.01854,0.048033,0.042351,0.15464,-0.12616,0.061382,-0.30513,-0.21563,0.0014196,0.055974,0.029383,0.07255,0.016407,-0.12188,0.086201,-0.12171,0.030243,-0.047187,0.17516,0.0069786,0.11333,0.066026,-0.02807,0.076829
0.18343,-0.0034382,-0.099222,-0.11487,-0.018397,-0.012712,-0.01156,-0.071942,0.036024,-0.057838,-0.010398,-0.074781,0.19277,-0.034868,0.073986,-0.038254,-0.14081,-0.055437,0.075787,0.048328,0.10379,-0.058705,0.031168,-0.17798,-0.18234,-0.17376,0.060127,-0.0036397,-0.12285,0.0043355,0.067966,0.26385,-0.097609,0.14628,-0.15318,0.091941,-0.051985,-0.14674,0.0071866,0.062196,-0.077763,0.17204,-0.023087,0.16266,-0.022498,0.091048,-0.16834,0.0034183,0.049965,-0.056678,0.0564,0.035309,0.016028,0.20224,-0.049394,0.097422,-0.018402,-0.0052728,0.0063152,0.19365,0.00018901,0.025473,-0.0044217,-0.022017,-0.015682,0.092702,0.013984,-0.12127,0.083438,-0.21336,-0.16016,-0.054304,0.019216,-0.056216,0.024391,0.030631,0.017534,-0.052301,-0.015578,0.067247,0.13338,-0.096299,-0.080166,0.00027976,-0.038157,-0.13233,-0.040308,-0.11128,0.013099,0.040254,0.14303,-0.088955,-0.057084,0.0083132,0.05215,-0.12273,0.13602,0.0247,-0.067088,-0.062861
0.059711,0.064505,0.047864,-0.14607,0.079463,-0.13231,-0.087968,0.096576,0.013451,0.13071,-0.15033,-0.088262,0.074505,0.16688,-0.031899,-0.059557,0.014677,0.19339,0.007167,0.089048,0.027494,-0.17073,-0.072843,0.03792,-0.026948,0.061035,0.13956,0.0005998,-0.075199,0.014599,0.20518,0.11354,-0.069045,-0.049209,-0.096725,-0.10715,-0.067635,-0.024124,-0.061038,0.13469,0.036586,0.025841,-0.15166,0.1454,-0.041704,0.11545,0.061655,-0.093626,0.0051055,-0.23057,0.099434,0.2563,-0.049681,-0.12466,-0.21666,-0.035041,0.09899,-0.059488,0.036681,-0.081096,-0.074476,-0.24101,-0.008755,-0.037353,0.081977,0.022661,0.037108,0.083679,0.073055,-0.090714,0.02919,0.14054,-0.10052,0.11519,0.030401,-0.012623,0.039001,-0.23293,-0.017411,-0.024024,-0.21338,-0.073254,0.048404,-0.0055417,-0.082159,-0.085497,0.016707,0.00039818,0.1799,0.14428,-0.083244,-0.15041,-0.10994,-0.082815,0.12524,-0.083685,-0.031534,-0.046284,-0.039187,0.0068507
-0.14781,-0.016,-0.24427,-0.018589,-0.002387,0.10897,0.055042,0.0067404,-0.097528,-0.05829,-0.0036778,-0.032083,-0.12078,0.18587,0.065647,0.0061901,0.096259,0.026551,0.21671,-0.075886,0.00019661,0.030035,-0.17924,-0.11829,-0.078951,-0.0060227,0.11117,0.14694,0.044843,-0.026147,-0.053639,-0.039262,-0.096974,-0.071336,-0.051903,0.011521,0.14687,0.13566,0.061365,-0.10897,-0.063119,-0.10222,-0.084648,0.060345,-0.0074926,0.16322,0.087963,-0.15714,0.023764,-0.023473,-0.0033984,-0.10634,0.010334,-0.0089421,-0.033906,-0.032756,-0.18521,0.045754,0.10882,-0.041474,-0.080031,0.077307,0.046776,0.17844,-0.043054,0.094647,-0.08293,0.028535,-0.10898,-0.09915,-0.12881,-0.20772,0.0078767,0.10614,-0.034175,-0.18591,0.066821,-0.1036,0.17864,0.26471,-0.27306,0.12697,-0.15143,0.096488,-0.066568,-0.030209,-0.03351,-0.10629,-0.17368,0.12865,0.11106,0.017427,-0.11671,-0.11597,-0.0099255,-0.11327,-0.1204,0.034785,-0.15382,-0.16213
-0.085025,-0.062679,-0.12607,-0.12948,0.091046,-0.047874,0.074333,-0.11006,-0.097137,-0.0058524,0.012832,0.019462,-0.08414,-0.046588,0.13506,0.096339,-0.075263,-0.058839,-0.0082982,-0.15869,0.11087,0.016309,0.054472,0.0060693,-0.0047595,0.093447,-0.091301,-0.013488,-0.0084105,-0.071715,-0.034171,-0.19623,-0.046596,0.050654,-0.11666,-0.0053857,0.098392,0.13728,0.10593,0.0371,0.12726,0.13719,-0.09553,0.084946,0.12951,-0.15452,0.073678,-0.064919,-0.067872,0.16278,0.14999,-0.058928,-0.059649,-0.058599,0.20847,-0.13629,0.047134,0.12529,-0.05824,-0.077614,0.0032305,0.080221,-0.079592,0.035927,-0.06078,0.0084674,0.019877,0.022374,-0.13647,-0.039356,-0.20924,-0.0078412,-0.15575,-0.12585,-0.033799,0.0038765,0.17046,-0.11228,-0.153,-0.046587,0.033462,-0.095164,-0.026259,-0.16084,0.083285,-0.082388,-0.22317,-0.082345,0.016231,-0.0038087,-0.034545,-0.16229,0.076781,-0.01589,-0.02029,0.061961,0.10515,0.074628,-0.10015,-0.075505
-0.15178,0.039466,-0.021568,-0.10467,-0.053048,-0.10356,0.15654,0.05424,0.16476,0.19912,-0.087194,0.19727,-0.12577,-0.12074,-0.1495,-0.13697,0.0074555,0.051208,-0.065798,0.016684,0.20926,0.087178,-0.11069,-0.021953,0.041823,0.016837,-0.085385,-0.016912,0.013887,0.09384,0.0092798,-0.033241,-0.12264,-0.25593,-0.0008842,0.16654,0.12412,-0.042606,-0.014628,-0.0085954,-0.017994,0.038332,-0.14665,-0.13928,-0.0099076,0.15521,-0.0849,-0.11541,0.0089511,-0.010088,-0.019786,-0.052024,-0.18985,0.019652,0.05905,-0.15698,-0.0071615,-0.16492,-0.12358,0.16808,-0.058709,-0.057274,0.023842,-0.16448,0.070746,-0.079878,0.146,-0.012785,0.01814,-0.055215,-0.04144,-0.26455,-0.11241,0.043508,-0.18186,-0.11891,-0.019512,-0.18803,0.0044236,-0.10058,-0.082853,-0.16765,0.053937,-0.019204,-0.14265,-0.094316,0.11048,0.15174,0.12125,-0.052163,-0.021406,0.10316,0.10912,-0.032674,-0.13591,0.01426,0.028217,0.045485,-0.097652,0.086483
-0.15283,0.070247,0.024908,0.0076366,0.13112,-0.090879,-0.031513,0.008139,0.10344,0.01189,0.01315,0.053186,-0.058039,0.16299,-0.056036,-0.0061826,0.04388,0.020504,-0.038293,0.059874,0.069989,-0.11419,-0.014564,-0.2357,0.016865,0.08998,-0.0015103,-0.26228,-0.064394,0.085554,0.070944,-0.011201,0.0016219,0.10986,-0.038823,-0.013024,0.026326,-0.028461,-0.078918,0.11994,0.043398,-0.0063746,-0.027742,-0.15805,0.0065833,0.070999,-0.016873,0.077896,0.11007,-0.13103,-0.0039832,0.0056338,0.01803,0.064797,0.14123,0.090727,0.16244,0.022725,-0.056927,0.083754,0.088881,0.13877,-0.078458,0.0025675,0.063372,-0.22951,-0.047078,-0.14132,0.024439,-0.082252,0.11059,0.12455,0.048164,-0.20141,0.089531,0.016624,-0.024627,0.026637,0.24975,0.052101,0.10151,-0.0097582,0.076413,-0.070239,0.030515,0.098867,-0.15255,-0.095479,-0.15135,-0.0076964,0.024559,0.16618,-0.039156,0.033973,0.029709,0.050824,0.1429,-0.0073921,-0.034856,-0.0098079
0.16496,0.071695,-0.012722,0.058598,-0.09694,-0.024301,-0.040457,-0.10611,0.12978,-0.062874,-0.063856,0.0065908,0.0036723,-0.16115,-0.15024,-0.037041,-0.057594,0.10535,0.056635,-0.12342,0.14115,-0.10648,-0.048215,0.096896,0.042083,-0.15232,0.044414,-0.14033,-0.020484,0.033636,0.059065,-0.09746,0.081024,0.089066,-0.23066,-0.049051,-0.14677,0.097341,-0.10012,-0.059387,0.07543,0.031199,0.067136,-0.14868,-0.010157,0.14783,0.10419,0.041439,-0.068445,0.16604,0.1986,-0.0095577,0.0231,0.045387,0.097394,0.075345,-0.21193,-0.018399,-0.019156,0.073951,0.032461,0.11458,-0.070347,0.1244,0.24328,0.031902,0.032594,0.094636,0.098604,-0.080567,0.066077,-0.113,-0.057944,0.045055,0.060502,-0.18721,0.061951,0.078713,0.030877,0.11516,0.14384,0.012633,-0.034582,0.023541,0.26362,0.073189,0.080403,0.093855,-0.039467,-0.092075,0.20878,-0.082529,-0.21656,-0.029263,-0.091414,0.0037142,0.040698,0.050332,0.087453,0.11311
0.033912,-0.20337,-0.045372,0.053851,0.029055,0.094628,0.080395,0.068998,-0.14009,-0.039471,-0.13674,0.038011,-0.21726,0.20703,0.01505,0.077741,0.084469,0.044389,-0.035823,-0.054025,0.072807,0.027643,-0.13755,0.09468,-0.023666,0.078361,-0.034036,-0.07209,0.090791,0.036391,-0.098742,-0.096692,-0.029232,-0.050235,-0.17775,-0.090416,0.05308,-0.0021428,-0.057461,-0.03863,0.046041,0.09716,-0.14692,0.0034124,0.19556,-0.17811,-0.070809,0.019762,-0.023715,-0.20349,0.013162,-0.0041893,0.2643,0.10117,-0.026086,0.12541,0.019061,-0.047858,-0.037228,0.034088,-0.029153,0.061749,0.035771,0.096359,0.12003,0.016962,0.011731,-0.069983,0.044711,0.26227,-0.13389,0.066142,0.034593,-0.015993,-0.034106,0.12617,0.027794,0.021968,-0.075661,-0.082029,0.083541,-0.12067,0.010619,0.18205,0.13281,-0.098398,0.063152,0.039767,-0.12757,0.050195,0.079183,-0.087506,0.13857,-0.12567,0.049766,-0.027862,-0.068035,-0.013537,-0.040971,-0.08273
-0.12892,0.017844,0.15347,-0.079,-0.064339,0.049608,0.034348,0.0017629,-0.048306,0.1457,0.049618,0.012787,-0.014264,-0.18907,-0.02733,-0.094427,0.17577,-0.053254,0.039385,-0.0084163,0.12345,0.030336,-0.0058681,0.066841,0.10358,0.053907,-0.15706,-0.082377,-0.17451,-0.042342,-0.087407,-0.14915,0.10377,-0.032071,-0.047434,-0.17993,0.096622,0.050853,0.14174,0.040047,0.062249,-0.039762,-0.11741,0.16081,-0.17527,-0.019029,0.13788,-0.12212,0.10488,-0.055766,0.1263,-0.065224,0.043231,-0.0010384,0.003123,-0.053512,0.099283,0.0049363,0.044911,0.026324,-0.081564,-0.05207,0.020002,0.11856,0.1243,0.072166,-0.10497,-0.074304,0.01492,0.15331,-0.0095777,0.21434,0.045474,0.025318,0.0027912,0.1298,-0.13565,-0.085544,-0.066278,-0.034453,0.12918,-0.081252,0.0041592,0.057962,0.14178,-0.044938,0.036091,-0.13773,-0.24626,0.12079,-0.16016,-0.034693,-0.046535,0.032226,-0.049683,0.052778,0.12741,0.14517,-0.094594,-0.025567
0.027178,0.11047,0.21457,-0.017003,-0.011694,0.089584,-0.056032,0.18533,0.035496,0.052458,0.020941,-0.10245,-0.13772,-0.052554,0.068088,0.0062585,-0.12527,0.0035851,-0.056709,-0.10662,-0.017924,0.071452,0.097412,-0.00017292,-0.050721,0.014389,-0.010948,0.0080142,0.076414,0.060284,-0.091004,-0.0040823,0.06023,0.11582,0.0021,0.092881,0.080535,0.015834,0.15327,0.01604,0.064561,0.010034,-0.097352,-0.0085042,-0.011866,0.032926,-0.1315,0.021268,0.033043,0.051355,-0.074515,0.070606,0.098988,-0.098347,0.050848,0.1017,-0.081092,0.070395,0.024208,-0.032246,-0.0026129,0.10041,0.06591,-0.036469,0.031386,-0.0062059,-0.041496,0.015837,-0.16053,-0.1427,-0.012972,-0.025317,0.065894,0.15803,-0.035765,0.099506,-0.14143,0.035037,0.15474,-0.025812,0.001524,0.026398,0.037803,0.056541,0.11845,-0.013838,0.025576,0.10014,0.25761,-0.21767,-0.075245,-0.014511,0.093097,-0.0094256,0.013218,0.18884,0.098333,-0.2255,-0.096434,0.091919
-0.00614,-0.14953,-0.0026509,-0.078695,-0.084359,-0.1594,0.059109,0.133,-0.030962,0.062798,0.056984,0.0042725,-0.15317,0.31978,0.090082,0.17254,-0.019345,-0.070104,-0.101,0.056548,-0.176,0.026285,0.086752,0.046906,0.015303,0.066906,-0.037509,-0.085673,-0.010693,-0.21788,0.10854,-0.17173,0.11235,0.00014179,-0.14214,-0.091725,-0.18916,0.18511,-0.1281,-0.16263,-0.088623,-0.18149,0.026204,-0.0046923,0.091037,0.088201,0.0011399,-0.071247,-0.065149,-0.1915,0.0044067,0.23805,0.062911,-0.041952,-0.15523,0.1492,0.047485,-0.01772,0.033301,-0.077433,0.16122,0.089116,0.15966,0.015972,-0.14171,-0.16211,-0.10189,-0.049255,0.090838,-0.16723,-0.21896,-0.018373,0.056513,-0.10631,-0.006244,-0.11931,0.13951,0.16416,-0.10613,-0.14764,-0.038587,-0.1643,0.0084037,0.059855,-0.084125,-0.071529,-0.089645,0.023773,-0.063718,-0.13239,0.071095,0.12322,-0.016404,-0.023323,0.0078989,0.099717,0.087445,-0.0421,0.10879,0.13724
-0.021009,-0.14366,0.024261,0.029361,0.0050441,0.11719,-0.046603,-0.086608,-0.1236,0.12735,0.28872,0.030305,-0.063534,-0.015179,-0.010359,-0.17389,-0.030009,0.069566,-0.046397,0.021106,0.021073,-0.12729,0.029314,-0.088025,0.026912,0.006372,-0.10567,-0.15983,0.068827,0.11352,-0.099823,-0.013275,-0.0058588,0.028836,-0.033548,-0.048323,0.10412,0.06307,0.01387,0.024765,0.047779,0.10152,-0.1136,-0.0085032,-0.072657,0.0028201,-0.085429,0.21823,0.090235,-0.075294,0.17089,0.048825,-0.099567,-0.10581,-0.24694,0.043657,-0.0039182,0.19503,0.010035,0.11457,-0.16579,-0.056123,0.037807,0.096701,0.066884,0.17642,0.072626,-0.10791,0.22382,0.041598,0.13225,-0.053257,0.04199,-0.05991,-0.042286,-0.059659,0.083976,0.017183,0.055623,0.080033,-0.09007,0.049304,0.1169,0.077899,-0.025367,0.073869,0.038488,-0.047849,0.076574,0.073167,-0.077892,0.062519,0.04412,0.0077322,0.11083,0.10841,-0.096673,-0.025362,-0.12254,0.11725
0.13242,-0.071979,0.043553,-0.020165,0.017269,-0.081774,-0.012178,0.0026756,0.11162,-0.17932,-0.1259,0.017381,-0.049578,0.027611,-0.17994,-0.13159,0.025766,-0.037879,-0.010375,-0.011933,0.081684,-0.020058,0.011913,0.029512,-0.057995,-0.1732,0.10162,0.0048665,0.10299,0.032361,-0.060879,-0.10258,-0.017304,-0.035581,0.062365,-0.0040885,-0.023255,-0.077268,0.019364,0.032978,0.10085,-0.047821,0.012485,-0.026316,-0.071388,-0.11576,0.014302,0.11378,0.11779,-0.073784,-0.063946,-0.023185,-0.11086,-0.17619,-0.017217,0.15594,-0.041897,-0.11758,0.086442,0.15299,-0.031574,0.027187,0.12001,-0.00036999,-0.016118,0.06844,-0.14289,0.053915,0.01112,0.016337,-0.12222,0.11151,-0.039515,0.0045727,-0.12924,-0.013119,-0.11096,0.024027,-0.0023759,-0.19604,-0.034937,0.015302,0.043695,0.034502,0.015999,0.062347,0.020173,-0.049012,0.038672,0.020989,-0.1273,-0.012386,0.011654,-0.010041,0.032379,0.1266,0.059071,-0.12764,-0.20513,-0.046032
0.13682,-0.23109,0.17641,-0.067215,-0.070225,0.074182,0.016489,-0.080413,-0.07254,0.16692,-0.014905,0.056808,0.046485,-0.026547,0.046911,0.095169,0.12302,0.055099,0.11602,-0.080973,0.17153,0.17918,-0.086717,0.012511,-0.081626,-0.12734,-0.13493,-0.056367,0.099153,-0.017429,-0.066297,0.18407,-0.021837,-0.095525,0.10846,0.072254,-0.14031,0.11313,0.12449,0.054455,-0.049506,-0.054203,0.058244,-0.0059101,0.11798,-0.057477,-0.04486,0.11723,-0.073368,-0.010357,0.023769,-0.050291,-0.093775,-0.28972,0.088373,-0.11093,0.13842,-0.044653,-0.10861,-0.15192,-0.15518,0.026621,0.22152,0.11978,0.0076095,-0.0025437,0.013093,-0.19482,-0.023406,0.029048,-0.045081,0.041698,-0.082952,0.1023,0.025859,-0.072937,0.083299,0.086249,-0.080844,0.0086189,-0.07333,0.17445,-0.07736,-0.024848,0.15107,0.034832,-0.063799,0.074102,-0.11115,0.026613,-0.080087,0.0044859,0.0059681,-0.059791,-0.10641,-0.068547,0.097286,-0.13969,0.0067005,0.033241
-0.0032238,-0.053422,-0.011514,0.043241,0.030429,0.024252,0.14867,-0.20964,-0.13954,-0.10667,-0.21028,0.22194,-0.10167,0.089081,0.060352,0.093674,-0.056024,-0.041964,-0.03053,-0.0013695,-0.1615,0.078691,-0.051204,0.15769,-0.083662,0.14404,0.0070069,-0.10077,-0.11587,-0.10375,-0.12946,-0.08288,0.13662,0.1681,0.051129,-0.14855,-0.138,-0.025801,0.028369,-0.070463,-0.057325,0.10925,0.058946,-0.098262,0.022858,-0.13324,-0.0044083,0.031886,-0.072849,-0.015444,-0.04093,-0.012025,0.12836,-0.080697,-0.012387,-0.11549,-0.013763,-0.0054099,0.03995,-0.19338,0.017636,0.033167,0.10766,0.020865,-0.09958,-0.013353,-0.031708,0.082124,0.03036,-0.090683,0.13154,0.042999,0.067097,0.14037,-0.028049,-0.10409,0.11058,-0.11607,-0.029523,-0.014417,0.041174,-0.17314,0.064063,-0.004838,-0.11793,-0.035293,-0.13503,0.14992,0.039278,-0.11498,0.03158,0.034746,0.076364,0.0079939,-0.039687,-0.13938,-0.063494,0.015276,-0.028842,-0.07797
0.027292,0.043576,-0.098673,0.12101,-0.11515,-0.010351,-0.099514,-0.064229,0.14281,-0.057072,-0.14629,0.12525,0.13687,0.14918,-0.012443,-0.073656,-0.013138,0.021326,0.18971,-0.035461,-0.0079378,-0.10209,0.095233,0.10243,0.07019,-0.1954,-0.15629,-0.049203,0.12445,-0.05427,0.09592,0.079015,0.046176,0.047667,-0.057057,-0.1207,0.057834,-0.044966,-0.043191,-0.054252,-0.1089,0.24381,-0.061767,-0.15419,0.091391,-0.12241,0.002494,-0.0013791,-0.085041,0.049293,0.059717,0.04406,0.19137,0.037587,0.15928,-0.031026,-0.10524,-0.004745,-0.18159,-0.037971,-0.0098025,-0.17827,0.038749,-0.094373,-0.02044,0.03405,0.065662,-0.0078905,0.049508,-0.014431,-0.18496,0.083266,0.1218,8.1593e-05,0.011197,-0.019712,0.22388,-0.12053,0.079496,-0.13178,0.003198,0.031556,0.028115,0.039414,0.10065,-0.14846,-0.17018,0.078396,-0.050025,0.062137,-0.053509,0.085573,0.11209,-0.17954,-0.1502,0.13142,-0.0028969,0.11118,-0.19907,-0.0012457
-0.0088462,-0.098501,-0.066225,-0.11101,0.052966,0.021202,-0.15051,-0.31101,0.03845,0.020828,0.19029,0.094553,-0.074604,0.05939,-0.010082,0.0068082,0.090641,-0.079021,-0.060465,0.08073,-0.13056,-0.041193,0.21564,-0.13496,0.091396,0.042353,0.091154,-0.063023,-0.23506,-0.050115,-0.13039,-0.019506,-0.044995,0.13823,-0.056471,-0.081093,-0.031601,0.12825,0.0069993,-0.11877,-0.023284,-0.030195,0.053168,0.080329,-0.095072,-0.14274,0.077027,-0.065893,0.047839,0.11406,-0.17389,-0.11062,0.01192,0.0094142,-0.23771,-0.09597,0.089538,0.035058,0.002156,0.038209,-0.10422,-0.066186,0.21783,-0.13087,0.040676,-0.20516,-0.037679,0.045593,0.088597,-0.082156,0.080468,-0.20464,-0.0075826,0.057204,0.15827,-0.095931,0.0060205,-0.13086,0.11098,-0.13017,-0.029246,0.086034,-0.10459,-0.086318,0.17184,0.098145,-0.2182,-0.11136,-0.075798,-0.15918,0.030086,-0.057309,0.027549,-0.021676,0.066228,-0.26855,0.015864,0.057757,0.029766,0.22113
0.14307,-0.078537,-0.018898,-0.073618,0.15031,-0.21016,0.027635,0.16375,0.01717,-0.059865,0.046442,0.052384,0.15848,-0.075181,-0.056493,0.084881,0.14753,0.16323,-0.052079,0.0049652,0.14171,-0.0558,-0.054023,0.15814,0.05095,0.27938,0.097087,-0.006169,-0.11177,0.00013774,-0.14857,-0.14327,0.019212,-0.070115,0.06321,-0.0043863,-0.0085788,-0.10266,-0.043221,-0.012075,0.21331,0.029708,-0.18526,-0.19106,-0.068705,-0.27615,-0.048279,0.089673,0.20064,-0.22368,0.12504,-0.018029,0.09192,-0.082815,-0.077495,-0.12998,-0.0865,-0.044164,-0.010002,-0.03786,0.032711,0.063635,-0.148,-0.15485,-0.005063,0.068485,0.016842,0.056791,0.077667,-0.019339,-0.066582,0.050033,0.019063,-0.22755,-0.085454,0.047784,0.12596,-0.10993,0.031041,-0.035204,-0.22705,-0.10661,0.01809,0.10574,-0.01273,0.0081797,-0.061095,0.069847,-0.061257,-0.017572,0.11532,0.084441,-0.078642,-0.030708,0.05799,0.094634,0.010768,-0.018775,-0.10587,0.20872
0.02906,-0.071506,-0.054357,-0.043202,0.097459,-0.088236,0.020974,-0.072327,-0.051392,0.022896,0.023475,0.062033,-0.034551,-0.066928,0.1779,-0.041914,0.089505,-0.1704,-0.0097688,-0.0070745,-0.064584,-0.14161,-0.094864,-0.049276,0.080114,0.080918,0.22263,-0.14061,0.065256,0.0045815,-0.12457,0.1664,0.016417,0.032561,-0.021329,-0.22179,0.12527,-0.11467,0.19206,0.0074598,-0.14256,-0.13187,0.041763,-0.094519,0.019092,-0.043439,0.11546,-0.071217,0.16199,0.067816,0.12986,0.071404,0.049492,0.016319,0.050799,0.077074,-0.20883,0.073996,0.0010212,-0.095684,0.1975,0.060359,0.10126,-0.13414,-0.078612,-0.042932,0.13533,-0.2199,0.010683,0.081845,-0.025977,0.081641,0.039172,-0.055148,0.14278,-0.08557,-0.24241,0.10017,0.10902,0.16722,0.0046928,-0.063476,-0.0099677,-0.11393,0.16678,0.093823,-0.1452,-0.10762,-0.05148,-0.10539,-0.079017,0.085201,0.028096,0.097887,-0.14531,0.098665,-0.042589,0.008613,-0.024498,0.08929
-0.018188,-0.081831,-0.02971,0.18035,0.12381,0.047683,0.060313,-0.05718,-0.041406,-0.11548,0.21745,0.0051533,-0.062555,-0.008388,-0.079981,0.011203,0.07871,0.12881,0.12499,-0.23985,-0.10099,-0.053997,0.0448,0.15004,0.0059221,-0.03828,0.17629,-0.1449,0.015382,-0.091382,-0.10082,-0.080347,-0.0041074,0.03833,-0.10665,-0.1494,-0.025114,-0.11026,0.010967,0.12195,0.016675,0.044966,0.053142,-0.0076345,-0.054741,0.026134,-0.018988,0.082352,-0.035287,-0.072363,-0.20189,0.19504,-0.074508,0.095105,-0.095014,-0.10458,-0.067907,-0.059148,-0.059652,-0.083666,-0.089693,0.076813,0.062178,-0.17249,0.022829,-0.13019,0.0046543,0.091299,-0.033177,-0.070907,-0.0082596,0.056676,-0.10753,0.014058,0.042107,0.19283,-0.27007,-0.12761,-0.022248,0.019911,-0.092991,0.16322,-0.047156,-0.025821,-0.12454,0.024994,0.022617,-0.097575,-0.086975,-0.012368,0.1092,-0.045384,0.011878,0.26411,0.030649,0.17891,0.04761,0.13269,0.066084,-0.15036
-0.05342,-0.018535,0.0047622,-0.01205,0.033679,-0.041201,-0.016216,-0.13598,0.022234,0.014693,0.087091,-0.037847,0.11385,-0.013247,0.047875,-0.044849,-0.031716,-0.17634,-0.04496,0.018675,-0.13463,0.081738,0.045573,0.045341,0.084247,0.029474,0.028462,-0.26854,0.037275,-0.12135,0.025858,0.073943,-0.054345,0.043145,-0.1841,0.25649,-0.16886,0.062871,0.041956,0.16248,-0.028863,-0.10788,-0.042118,-0.18278,-0.068925,-0.05047,-0.057991,-0.067287,0.0725,-0.080859,-0.089238,-0.067322,-0.044496,-0.10779,-0.059374,-0.039857,-0.0055658,0.11083,0.085223,-0.15836,-0.059572,-0.062836,-0.025058,-0.088805,0.026544,-0.093636,-0.066172,0.08552,0.045119,0.077725,0.11802,-0.0044247,0.0093641,0.14393,-0.091532,-0.046216,-0.05265,0.050706,-0.046792,-0.051236,0.0087943,0.020899,0.048744,0.10991,-0.095693,0.011476,-0.070856,0.17724,-0.16604,-0.038075,0.030167,0.024656,-0.14688,0.1398,0.10102,-0.060147,-0.011025,0.053878,-0.11737,-0.020339
-0.023794,-0.077685,0.074259,-0.039789,0.15301,0.1442,-0.11484,-0.19421,0.062617,0.020813,-0.021672,0.072167,0.068906,-0.15596,0.040551,0.028178,0.044045,-0.075533,-0.11728,-0.074797,0.18366,-0.097045,-0.095404,0.088006,0.035717,-0.083223,-0.069858,-0.096155,0.020577,0.058481,-0.013305,-0.11202,-0.1292,-0.20413,-0.060557,-0.067848,0.03923,-0.11226,0.068331,0.055404,-0.020044,0.0083168,0.26356,-0.1262,-0.091829,0.21253,0.033547,-0.082964,0.06485,-0.11365,0.033342,0.0032207,0.13429,-0.029221,0.046235,0.028253,0.0087768,0.16197,-0.077868,0.074478,-0.12202,-0.058079,0.0792,-0.0013141,-0.025339,0.0049199,0.0064181,0.018516,-0.0076438,0.059336,-0.023234,-0.096272,-0.14175,-0.039204,0.23281,-0.055177,-0.18052,-0.027975,-0.10502,0.16075,0.10037,0.10222,-0.095066,0.010018,0.096734,0.09738,-0.0030401,0.016297,-0.015556,-0.1195,-0.026668,-0.14979,-0.013395,0.11027,-0.0069656,-0.15664,0.03831,-0.13534,0.02329,-0.07496
0.025621,-0.077791,-0.0361,0.069761,0.037433,0.043735,-0.078251,0.0019587,-0.11598,-0.025267,0.023826,-0.027756,-0.020511,-0.18685,0.041023,0.14651,-0.047238,-0.033121,-0.11564,-0.056708,0.0050663,0.0041696,0.10537,-0.10346,-0.075989,-0.056346,0.16116,0.16817,-0.0949,0.009662,-0.10223,0.094728,0.0059495,0.11911,-0.073915,0.12868,-0.076506,-0.11805,-0.025341,-0.062395,-0.061028,-0.084031,0.22973,-0.05038,0.066159,-0.030384,0.15819,-0.010629,-0.0061855,-0.12328,0.040451,0.074546,-0.17746,0.050976,-0.0029145,0.053899,-0.14829,-0.14456,-0.064813,-0.015595,0.020922,-0.081789,-0.036708,0.045294,0.16312,0.10056,0.13159,0.062183,-0.0672,-0.10632,-0.11568,0.12748,0.069493,-0.092601,0.11502,0.016333,0.0083636,-0.08242,0.11428,-0.041368,-0.041158,-0.12255,-0.043005,0.10094,-0.043278,-0.054434,-0.13216,-0.021054,-0.0077959,0.017107,-0.12144,0.082489,0.053016,-0.074161,-0.063058,-0.018701,0.30382,-0.02697,-0.0022008,0.021635
0.12998,-0.11754,-0.071038,0.071146,-0.13313,-0.045298,-0.12923,-0.20252,-0.11353,0.0047291,0.086487,0.060301,-0.29989,-0.12937,0.15752,-0.18283,0.078515,-0.15626,0.044948,0.15633,0.0047331,-0.099275,0.1464,-0.0098993,-0.071135,0.042267,0.055416,-0.090737,0.0095479,0.10927,0.016809,-0.046966,0.082862,0.051211,0.16524,-0.044241,0.0051554,-0.11225,0.047564,0.15283,-0.026265,-0.1859,0.17659,0.059099,0.028348,-0.0042806,0.059192,0.075909,-0.084964,-0.020941,0.1193,-0.023206,0.042599,0.01626,0.075158,0.02829,0.10747,-0.075868,-0.11749,-0.091909,-0.13578,-0.10237,0.10289,0.15417,-0.053978,-0.032939,0.19494,-0.044949,-0.089567,0.13571,-0.010887,-0.013484,0.061697,-0.082885,-0.14279,0.054587,-0.23748,-0.1334,0.073995,-0.035641,0.13426,-0.011552,0.16561,0.034313,-0.15378,-0.026759,0.20838,0.24178,0.052292,0.07069,-0.030957,0.24166,0.2028,-0.06618,0.21968,0.076921,0.022362,-0.036758,-0.15319,0.085177
-0.024086,0.01697,-0.017402,-0.075852,-0.15699,0.24611,0.0021404,-0.12115,0.017217,0.049306,-0.06072,-0.028066,-0.16775,0.049227,0.086688,-0.03502,-0.027919,0.23429,0.034192,-0.058617,0.17025,-0.023469,-0.046463,-0.026508,0.0025673,0.060602,0.077194,0.014699,0.084518,0.024185,-0.058205,-0.060974,-0.06346,-0.027761,0.16262,-0.052711,0.024837,0.023568,-0.0080982,0.026938,0.084361,0.053772,-0.13908,-0.0089843,-0.042288,-0.028553,-0.098195,0.0045911,-0.023057,0.22829,0.02334,-0.072162,0.050729,-0.24618,0.0063998,-0.10416,-0.019774,-0.17573,-0.094056,-0.24636,-0.08378,-0.071703,-0.099678,-0.11543,0.020558,0.12342,0.11112,-0.078662,-0.0098088,0.017515,-0.12003,0.16505,-0.0019658,0.1351,-0.027818,0.032135,0.0038845,0.032559,0.050646,0.078092,-0.042152,-0.14195,-0.37607,-0.016708,0.012431,0.086656,-0.090524,0.065285,0.05661,-0.32937,-0.13118,0.020338,-0.00909,0.025578,-0.20701,0.17902,0.045735,-0.076,0.13166,0.050923
0.11584,0.036342,0.063726,0.015671,0.1494,-0.061114,-0.041987,0.092035,-0.19558,0.13306,-0.18856,-0.097657,0.028503,-0.16041,-0.028329,-0.046174,0.079276,-0.21687,0.057551,0.2332,-0.033177,-0.077736,0.11652,-0.011286,-0.067832,-0.074788,-0.05656,0.076252,0.036358,-0.093095,-0.10206,0.11268,0.17488,-0.016437,-0.010254,-0.10943,-0.020777,0.098904,0.010879,0.014047,0.18112,-0.062218,-0.05211,0.021096,-0.0028464,0.10052,-0.13254,-0.083935,-0.037473,0.16283,0.095847,-0.0065016,0.041723,-0.23618,-0.0028409,-0.16085,0.067421,0.11379,-0.011926,0.11173,0.11091,-0.10187,0.0066248,-0.073744,-0.031583,0.022306,-0.041254,0.25478,-0.13031,-0.039915,0.1572,-0.068039,-0.028898,-0.086463,0.16584,-0.15585,0.060584,0.017088,0.13436,-0.064998,-0.045078,-0.17528,0.06072,-0.08029,0.080743,0.022416,0.063147,0.020085,-0.056692,0.16609,-0.09073,-0.039666,-0.087021,-0.010955,0.16999,0.066466,0.10093,-0.17914,0.026395,-0.057738
-0.03967,0.069375,-0.024617,-0.056682,0.059146,-0.058382,-0.014644,-0.0056757,-0.019472,-0.054868,0.021849,0.096717,0.13697,0.017008,-0.11291,-0.0052072,0.074743,-0.24431,0.24045,0.11062,-0.076517,0.043293,-0.15059,0.0026527,-0.13542,0.0021975,0.10865,-0.0093256,-0.19393,0.11455,0.10372,0.096755,0.072058,0.21938,0.11759,-0.10099,0.057508,0.055805,-0.17385,-0.14522,-0.034668,0.080925,0.020944,0.16158,-0.11574,-0.0017605,0.062368,-0.07634,0.02099,-0.058415,-0.11361,-0.031524,0.13111,-0.10508,0.055244,-0.084722,-0.23143,-0.035595,0.025242,-0.032581,-0.083549,0.17673,0.17083,0.14299,-0.076131,-0.14573,0.13878,-0.11576,0.15642,-0.051928,0.017371,0.058244,0.036785,0.079941,-0.13044,-0.098045,0.16462,0.05381,-0.054884,-0.0305,-0.10265,-0.074236,0.11226,0.064416,0.099621,0.05715,-0.041487,0.18957,-0.13197,0.063141,-0.11982,-0.02607,0.13539,0.14792,0.027002,-0.0002693,-0.027309,-0.011874,-0.12923,-0.058378
0.099468,-0.02596,-0.13061,-0.069402,-0.076603,-0.224,-0.0078665,-0.022676,-0.089082,-0.094693,0.0166,0.043757,-0.067463,-0.085699,0.008108,-0.026394,-0.09382,0.1151,0.092259,-0.15142,0.069828,0.10991,-0.14177,-0.10833,0.066587,0.17565,-0.053846,0.044773,0.10629,-0.089647,0.043314,-0.071828,-0.0071026,-0.01576,-0.16233,0.06746,-0.011817,0.073963,-0.0012644,0.035682,-0.034698,-0.049524,0.054331,0.064073,-0.13037,-0.16188,0.083657,0.10113,-0.01708,0.051048,-0.073879,-0.076787,0.05116,0.1616,-0.0022445,0.034319,-0.10849,-0.10784,0.22323,0.14552,-0.019877,0.036693,-0.048918,-0.010359,-0.073115,-0.0069138,0.23585,-0.077941,-0.023997,0.087148,0.015967,0.015087,-0.031242,-0.046769,0.025006,-0.082221,0.057334,-0.035059,-0.05196,-0.031877,0.010537,-0.058352,-0.11457,-0.01706,0.0040633,-0.048821,0.07763,0.12821,-0.042861,0.052598,0.27618,0.030778,-0.10258,0.012758,0.060166,0.050709,0.02787,0.11427,-0.074004,-0.099015
0.028869,0.015839,-0.078262,0.13817,0.13249,0.12161,0.13795,-0.0050946,0.11298,0.10334,0.092764,-0.030736,-0.079196,-0.072941,0.053245,-0.0093396,0.1287,-0.088712,-0.0077215,0.0261,-0.15851,-0.044051,-0.0041275,0.026492,-0.13496,-0.19868,-0.011428,-0.14384,0.022133,-0.073074,-0.054116,0.10838,-0.12792,-0.028345,-0.17691,-0.027391,0.2787,-0.15625,0.016175,-0.012273,0.021179,-0.072227,0.076839,0.049691,-0.044964,-0.072888,-0.089658,0.093715,-0.10064,-0.12258,0.030356,-0.11169,0.009858,-0.13832,0.034973,-0.010396,0.012009,-0.090173,-0.04208,0.045794,0.14421,0.041604,-0.022869,-0.015845,0.049184,0.12128,0.17578,-0.015087,-0.099397,-0.09781,-0.0098089,0.038309,-0.012371,0.070973,-0.0829,0.070553,-0.0086637,0.071243,0.14269,-0.10679,0.0099087,0.0034661,0.12474,-0.094158,-0.064956,0.054866,-0.011069,-0.044447,0.10347,-0.022426,0.133,0.10598,-0.12229,-0.12027,0.047114,0.018981,-0.065192,0.037554,0.021041,-0.0083289
-0.041784,-0.021025,-0.0016048,0.034431,-0.085678,0.16385,0.043538,-0.05277,0.042548,0.047878,0.16193,-0.15196,-0.085206,-0.14013,-0.10462,0.080402,0.11792,-0.03699,-0.061872,-0.084234,-0.019152,0.13715,-0.10732,-0.04809,-0.099723,0.15637,-0.031585,0.0052708,-0.20594,-0.1646,0.02501,0.11856,0.0058182,0.042863,-0.13955,0.068103,-0.018813,-0.11756,-0.066519,-0.033155,-0.033427,-0.12536,0.017603,-0.081346,-0.12695,-0.00012408,0.10964,0.013608,-0.067744,0.11337,0.079297,-0.044313,0.083987,-0.033181,-0.080823,0.11234,0.029428,-0.10767,-0.064795,0.11728,0.15832,-0.18908,-0.054171,0.095348,0.075021,-0.18349,0.0048412,0.042753,-0.015094,-0.074532,0.066875,-0.20677,-0.039221,-0.05863,-0.069634,0.025915,-0.1408,-0.025313,-0.038493,0.067898,0.041496,-0.1935,-0.069036,-0.0069106,-0.0015795,-0.021383,-0.014541,0.047522,0.047491,-0.018036,0.0093924,-0.089072,0.11124,-0.097113,0.18474,0.00094528,0.054109,-0.034505,-0.032589,0.11137
-0.12376,0.00087185,-0.20604,0.040734,-0.083046,0.1164,0.10948,-0.18579,0.036555,-0.1158,-0.0047043,0.042506,0.10403,0.01469,0.097745,-0.0054781,0.031466,0.048318,0.041965,0.065389,0.060668,0.28036,-0.11866,-0.009586,-0.00019772,0.048412,0.052445,0.023499,0.16918,0.13789,0.10998,-0.19182,-0.052819,-0.18025,-0.070414,-0.18404,-0.081539,-0.10678,0.0034164,0.068776,-0.04045,0.16538,0.012833,-0.0224,0.028753,-0.11987,-0.12667,0.0074347,-0.060945,0.10351,0.0457,0.013303,0.012575,0.21959,0.00065424,-0.11828,0.078178,0.087318,-0.072311,0.088184,-0.020422,0.009247,-0.070166,-0.14713,0.044472,0.17719,0.04977,-0.05797,0.017944,0.15739,0.040806,0.0017658,0.11854,0.070807,-0.088287,0.10324,0.037522,0.14407,0.11077,-0.052279,-0.030127,0.055655,0.015033,-0.017284,0.0074015,0.056104,-0.14138,-0.053707,-0.0028009,-0.028102,0.025513,0.024613,0.11387,-0.03877,0.010021,-0.11432,0.017526,0.031495,0.0254,0.0071712
0.012008,0.058235,0.12197,-0.0083892,0.0033602,-0.01679,0.053722,0.029585,-0.084834,0.19227,0.025609,-0.012629,-0.099833,-0.0019819,0.060123,0.044324,0.12267,-0.11627,-0.11255,-0.058569,-0.028885,0.10656,0.096906,-0.096747,-0.10734,0.033004,0.016571,0.058753,-0.13503,-0.15539,-0.024619,-0.21908,0.04535,0.090669,-0.088706,0.061809,-0.05464,0.18982,0.079067,0.09406,0.1061,0.11767,0.013996,0.20604,0.0043868,-0.0022551,0.092008,-0.17142,0.10598,-0.01923,0.12407,-0.040887,-0.13676,-0.022591,-0.040537,0.27785,-0.07101,-0.026131,0.0049947,-0.15345,-0.064337,-0.064202,0.0043777,-0.083697,-0.113,-0.038019,0.048926,0.076328,0.097013,-0.12061,0.02088,-0.11775,0.047008,0.012067,0.058127,-0.080872,-0.027995,0.054565,-0.20043,0.05763,-0.08276,0.038703,0.098799,-0.17154,-0.18186,-0.087994,0.0067972,-0.079193,-0.013386,0.011093,0.084478,-0.0013728,-0.08212,0.18147,0.11894,0.089203,0.13736,-0.015087,-0.1578,0.17754
-0.24321,-0.086128,0.060334,0.11289,0.075158,-0.057814,-0.053497,-0.10974,-0.034796,0.078347,0.087277,-0.13522,0.056956,0.057447,0.097135,-0.0081123,-0.042497,-0.088224,0.070692,0.17954,-0.013214,0.056328,-0.0035937,0.07397,-0.22498,0.094828,0.083731,0.168,-0.086349,0.0010467,-0.050401,-0.041821,-0.077371,0.017617,-0.11768,0.063117,0.18167,0.012305,-0.053785,-0.22802,-0.13623,0.10723,0.068243,0.081103,-0.016811,-0.025079,0.0031584,0.16521,-0.004645,0.091045,-0.068773,-0.024182,0.13911,-0.034188,-0.10712,0.11433,-0.074279,0.14252,-0.0071157,0.028143,-0.069788,-0.16736,-0.016884,-0.033301,0.093528,-0.15984,0.0033781,-0.059129,0.10094,-0.008567,-0.12715,0.094634,0.17978,0.102,0.25794,0.058026,0.031045,-0.0050377,0.0054759,-0.097404,0.01724,-0.12184,-0.12447,-0.11988,0.017959,0.071944,0.01651,-0.030241,-0.16365,-0.033259,-0.049957,-0.10598,0.2567,0.015081,0.03949,-0.14972,0.23165,0.016134,-0.080295,-0.044618
-0.026592,-0.0057045,0.00088704,0.027245,-0.0026716,-0.084829,-0.12441,0.12674,0.32313,-0.071448,-0.021178,-0.00078204,0.057524,0.064557,0.037565,0.1557,-0.065258,0.067679,0.048042,-0.076835,-0.071825,-0.10783,-0.035206,0.026839,0.019686,0.075918,-0.072243,0.095185,-0.13178,0.061316,0.083895,0.045363,-0.012066,0.079733,0.095222,-0.11738,-0.027365,0.069299,-0.12882,0.049202,0.036233,-0.20402,0.0881,0.18196,-0.007715,-0.030643,0.11435,0.17336,0.14512,-0.10243,-0.19769,-0.02102,0.083062,-0.088976,-0.02403,0.19554,0.088121,0.062687,0.17995,-0.14521,0.023367,0.17733,-0.13161,-0.039651,-0.055621,-0.23826,-0.062807,-0.058589,-0.080434,0.036509,0.054827,0.16439,-0.010517,0.015794,-0.004043,0.11151,-0.011114,-0.17166,-0.041599,-0.060617,0.21857,-0.039065,0.01311,-0.010775,-0.11098,-0.047586,0.059388,0.050808,-0.16357,-0.27789,-0.073082,-0.21371,0.10272,0.073882,0.033972,-0.0076733,0.23404,-0.004347,0.10891,-0.097813
-0.029979,0.013051,-0.048367,-0.0045292,0.18017,0.0080322,-0.13108,-0.094232,0.016379,-0.074437,0.088257,-0.030016,0.18614,0.16771,-0.12637,0.096937,-0.17489,-0.008497,0.040495,0.029366,-0.10082,0.027004,-0.0027319,0.0045237,0.032066,0.13348,-0.13886,-0.11899,0.0039561,0.001926,-0.11918,0.03796,0.08779,0.03569,0.14043,-0.16601,0.064814,-0.1846,0.11709,0.059627,-0.095155,-0.11261,-0.048501,-0.27176,-0.029735,-0.06033,0.016492,-0.2387,-0.19348,-0.068194,0.18225,-0.10722,-0.033078,-0.039735,-0.090652,0.090963,-0.043894,-0.024013,0.0040461,0.12087,0.081626,0.079638,-0.03356,0.0020678,0.077856,-0.022515,-0.16028,0.070742,0.013931,0.050391,-0.15648,0.0070325,0.055516,-0.04064,-0.083368,-0.035332,-0.054633,-0.14985,0.014225,0.082795,0.1694,-0.014971,-0.039599,-0.065486,-0.0013449,0.071167,-0.15688,-0.087911,-0.14587,-0.016748,-0.147,-0.017067,0.12907,-0.002683,-0.026355,0.087826,-0.13735,-0.20302,0.025763,0.0054077
-0.02762,-0.15693,0.082671,0.0083621,-0.021592,0.048064,0.12892,0.071545,-0.014849,-0.078267,-0.0899,0.024449,-0.14074,0.076046,0.10162,-0.11267,-0.084334,-0.095568,-0.051561,-0.045221,-0.16739,0.093203,0.16721,-0.087947,-0.089505,-0.029518,-0.0087257,-0.12569,0.075046,-0.19168,0.032612,0.00082968,0.1539,-0.079493,0.0040329,-0.16967,-0.070496,-0.004769,-0.0112,-0.057239,-0.19524,-0.16397,-0.1902,0.0058266,0.012139,-0.16149,0.10318,-0.075852,0.061587,-0.035582,-0.095086,0.015536,-0.15416,0.22099,-0.13862,0.16706,-0.037876,0.05963,0.090449,-0.12908,0.055786,0.16061,-0.017979,-0.010053,-0.021812,-0.11027,0.08215,0.076808,-0.064868,-0.058651,-0.10051,0.0098193,-0.025426,-0.037208,0.02619,0.16177,0.0723,-0.11419,-0.064529,0.036705,-0.020267,0.089715,-0.13069,0.16588,-0.10071,-0.081461,-0.11974,-0.01122,-0.19203,0.057085,0.013858,-0.030946,0.030402,-0.014014,-0.10529,0.081884,0.069473,0.046899,-0.057316,0.028382
-0.030465,-0.079849,0.022325,0.05511,0.026242,-0.10464,-0.017459,-0.016443,0.075562,0.021565,0.12237,-0.045144,-0.012119,-0.16562,-0.038604,-0.17423,0.0064464,-0.14539,-0.028977,-0.034656,-0.087686,-0.13503,-0.030218,0.037138,0.14289,-0.081684,0.089671,-0.049459,0.10396,-0.058344,-0.088209,-0.044849,0.0093695,-0.055223,0.02771,-0.014504,0.079932,0.013102,-0.10106,-0.021345,0.0040997,-0.029221,0.062505,0.07903,-0.020132,-0.021423,-0.048139,0.056739,-0.011834,0.045384,-0.037609,-0.08813,0.039942,0.038234,-0.17664,-0.043438,-0.073589,0.038663,0.030501,-0.0019725,-0.085598,0.031083,-0.015369,0.061324,-0.038866,-0.0057483,0.080033,0.030881,-0.012253,0.043199,-0.0092336,-0.04732,0.043443,-0.13606,-0.033093,0.019382,0.15854,-0.070845,0.079197,-0.22855,0.044856,0.079808,0.1817,0.059005,-0.073111,0.18642,-0.054455,-0.031282,-0.018988,0.1747,-0.014728,0.2429,-0.062908,-0.027475,0.14922,-0.00049744,0.10678,0.003822,-0.18157,-0.031471
-0.143,-0.19664,-0.21742,0.07932,-0.077152,-0.10979,-0.11014,0.068887,-0.025447,0.017673,0.028377,-0.098277,0.022313,-0.024659,0.054402,0.03128,-0.058064,-0.14704,-0.040439,0.042329,-0.14511,-0.16408,0.043305,-0.040192,0.096683,0.073232,0.026302,-0.14945,-0.10228,-0.065504,-0.029845,0.069354,0.065414,-0.019936,0.063607,-0.037081,-0.16495,0.061207,-0.059815,-0.050841,-0.080372,0.03667,0.16285,-0.077939,0.015137,-0.03608,-0.048953,-0.018501,0.04199,-0.13723,-0.0084236,-0.10862,-0.089845,0.012324,0.0066504,0.035695,0.0041974,0.068362,-0.025443,0.048567,0.11711,-0.021937,-0.080955,0.089431,0.023365,0.031161,0.092804,-0.0096278,-0.15217,-0.0093948,0.061697,0.13092,-0.026599,0.088819,-0.011261,-0.037193,0.0769,0.17441,0.0050676,-0.14081,0.09572,0.015555,-0.31571,0.14953,0.069268,0.21534,-0.12639,0.13466,0.019363,0.090696,-0.032453,-0.10469,0.067493,0.095839,-0.03502,0.034713,-0.084791,-0.076966,-0.038719,-0.042002
0.24358,-0.14365,-0.019119,0.079755,0.13372,-0.039396,-0.055964,0.2168,0.073979,0.0077629,-0.062039,-0.15067,0.077643,-0.11365,-0.1082,0.11306,-0.013801,0.089433,0.33501,-0.037104,-0.24734,0.070486,-0.0009423,-0.087412,0.029992,0.10342,0.044391,0.095815,-0.1753,-0.048393,0.15503,0.15842,-0.011218,-0.077389,-0.062746,-0.059808,-0.0314,0.060381,0.073138,-0.16604,0.21378,0.064123,0.045274,0.1371,-0.0034238,0.048667,-0.047491,-0.073688,0.023543,0.061563,0.077922,0.20967,-0.066069,0.067924,0.032611,-0.0065192,-0.20702,-0.1011,-0.056073,-0.0191,0.234,0.22239,-0.1098,0.024431,-0.077299,0.063769,-0.010842,0.03721,-0.19667,-0.0017391,-0.1115,-0.016547,0.096637,-0.041866,-0.02889,0.20472,-0.061199,-0.058798,-0.043306,-0.052099,-0.14075,-0.096538,0.14441,0.093156,0.11942,0.074233,0.027039,-0.080888,-0.090185,0.058216,-0.050192,-0.080563,-0.19196,-0.0078628,0.0071527,-0.056894,0.049016,-0.14894,-0.033839,-0.10772
-0.022503,-0.11549,-0.0039662,-0.054346,-0.00059617,-0.0055774,0.13736,0.23005,0.15578,-0.21166,0.10274,-0.17797,0.030795,-0.052022,-0.070499,-0.13042,-0.050307,-0.014041,0.04306,0.069302,0.060675,-0.037174,0.0046963,0.014709,0.13852,0.084242,0.15298,-0.030516,-0.092102,-0.037342,0.033789,0.011013,0.088987,0.012968,-0.098778,-0.044959,-0.21659,-0.011216,0.12179,-0.12907,-0.16093,-0.21132,-0.034312,-0.10096,0.044792,0.082388,0.022051,0.0076351,-0.22027,-0.066574,-0.043176,0.11599,-0.11661,-0.018752,0.19025,-0.051374,-0.017542,0.01707,0.12664,0.041448,-0.22228,0.023742,0.0039915,-0.080727,0.038003,-0.14749,-0.070503,0.12181,-0.10966,0.071777,-0.088255,-0.11868,-0.092106,0.014954,-0.022852,-0.13085,-0.20905,-0.016029,-0.076927,0.068509,0.031924,0.00051864,0.11566,-0.046125,0.14352,-0.044313,0.061593,-0.10129,0.029832,-0.12219,0.065036,-0.20651,0.073937,-0.0047774,-0.04133,-0.007359,0.014802,0.041339,0.035718,-0.019311
-0.037434,0.08245,-0.099222,-0.10379,0.089014,0.20548,-0.15311,-0.081824,-0.015047,-0.022604,0.1078,-0.13739,-0.04022,-0.21714,-0.09032,0.17162,0.011231,0.034187,0.095098,0.087964,-0.027649,-0.044828,-0.15717,-0.11914,-0.0047114,-0.0012803,-0.026238,-0.14536,0.005447,0.072,-0.01974,-0.0022422,0.05627,0.19385,0.0246,-0.13085,-0.20944,0.093547,-0.027702,0.056003,-0.1148,-0.019761,-0.018531,0.057053,0.19774,-0.028944,0.096576,-0.076284,0.024123,-0.095184,0.052243,-0.039691,-0.21379,0.058158,-0.071788,-0.23275,-0.094338,-0.1454,-0.022476,-0.12203,-0.009126,0.01362,-0.01525,-0.0032647,0.083179,-0.013858,-0.035136,-0.0031862,-0.13314,0.027336,-0.18295,0.050837,0.24834,0.1584,0.10508,-0.14779,0.066133,0.13922,0.08305,0.21672,-0.069583,-0.097772,-0.0092932,-0.027594,-0.048223,0.014917,-0.06946,0.0028949,0.016045,0.052055,0.15868,0.054616,-9.918e-05,-0.023731,-0.0031929,-0.00012002,0.015205,-0.034168,-0.0010481,-0.089038
-0.11936,-0.15553,0.073476,0.047184,-0.050623,-0.018266,-0.016063,0.064175,0.0093984,0.13337,-0.010127,-0.05029,0.10818,0.032442,-0.030072,-0.10747,-0.0018636,-0.022562,-0.036388,-0.09764,0.11459,-0.20309,-0.16804,0.0044804,-0.039131,-0.08979,-0.076308,0.059035,-0.022776,0.07906,0.19711,0.33402,-0.076866,-0.013598,0.01451,-0.037335,0.098373,0.078558,-0.31453,-0.12252,-0.0094205,0.034539,-0.1049,0.062083,-0.051765,0.020466,0.089034,-0.06389,0.075659,-0.11659,0.13729,-0.058609,-0.012982,0.051105,-0.020444,0.081842,-0.015831,-0.16193,-0.14071,-0.0095999,-0.044218,0.03099,-0.20422,0.099173,0.21803,-0.13748,0.083437,-0.07312,-0.063291,0.0040322,0.070684,-0.12722,-0.084877,0.14698,0.049849,0.095952,0.03012,-0.047741,-0.06819,-0.11189,-0.091408,-0.035693,-0.11774,0.10172,-0.16572,0.16898,0.074008,0.0016811,-0.079929,0.19749,0.085991,-0.075944,-0.034255,0.028972,0.028914,0.14353,0.039273,-0.18497,-0.12341,0.10758
0.071083,-0.13128,0.026023,-0.13047,-0.011503,-0.029922,0.047938,-0.13677,-0.036725,0.0065032,-0.036822,-0.025239,0.023505,-0.14782,0.047691,-0.045188,-0.04977,0.14108,0.010481,-0.088301,0.28202,0.096493,0.029694,-0.071121,0.021644,0.20383,-0.19341,0.1557,0.080026,-0.015402,-0.084375,0.2126,0.15822,-0.1651,0.0030593,-0.069896,-0.052857,-0.020227,-0.03594,-0.19541,0.16102,0.24463,-0.044505,-0.046358,0.010281,-0.05038,0.034207,-0.12,0.10848,-0.047811,0.060332,0.047054,0.26539,-0.069178,0.088271,0.10718,-0.06621,-0.17268,0.060183,0.063472,0.067443,0.047929,-0.15209,-0.055119,-0.023193,-0.11063,0.13658,0.016443,0.049903,-0.22758,0.0015574,-0.067945,-0.12278,-0.025803,0.11424,0.079177,0.035988,-0.045248,-0.066953,0.024653,0.069141,0.0068007,0.11593,0.052253,-0.017323,-0.044672,-0.053647,-0.11758,-0.085361,-0.13104,-0.1074,-0.23336,-0.086994,-0.044594,-0.16741,0.016865,-0.031482,0.071349,-0.074379,0.13004
-0.030226,0.11675,-0.15865,-0.039288,0.30867,-0.050553,0.065611,-0.06004,-0.045005,0.22239,0.00942,-0.020667,0.14425,-0.10409,-0.1964,0.015948,-0.00028389,-0.089022,-0.1124,0.03016,0.12377,0.067677,-0.029564,0.048952,0.15732,-0.019189,0.10584,0.045851,-0.040414,-0.091583,0.080288,0.030998,-0.043199,-0.25015,0.053201,-0.24682,0.10571,0.10029,0.014878,-0.16519,0.011712,-0.084787,0.12646,0.16816,0.019027,-0.14196,0.043264,-0.030503,0.067985,0.10721,0.22363,0.11987,-0.027595,-0.050147,0.059408,-0.14102,-0.090422,-0.12693,0.12702,0.080277,0.075832,0.20011,0.13535,0.0068985,0.1489,0.077143,0.095458,0.044316,-0.14071,-0.16276,0.0034941,0.078185,0.124,0.22182,0.051942,-0.031456,-0.11617,0.050351,-0.085622,-0.0049633,0.045667,-0.092572,-0.048371,0.068853,-0.063918,-0.017883,-0.068669,-0.055188,0.21562,0.041565,0.036968,-0.045514,0.12952,0.19183,0.093962,-0.015628,0.089319,0.15036,0.14663,0.018951
0.13162,-0.020182,-0.040086,0.14943,-0.096013,-0.085239,-0.0099941,-0.11167,0.14382,0.071077,-0.041961,0.16404,0.040781,-0.058904,-0.11796,0.017115,0.17067,-0.031557,0.0084621,0.027074,0.11335,0.14909,0.1525,0.035601,-0.083782,-0.069541,0.0010694,-0.09524,-0.0073357,0.051842,0.0023813,-0.064679,0.064679,-0.10191,-0.017389,-0.10445,0.080568,-0.068415,-0.15074,0.24399,-0.13689,0.016801,0.12586,-0.050554,-0.055235,0.21717,0.0028,0.066653,-0.093948,0.065877,0.0206,0.062534,-0.16674,-0.1244,0.20093,0.0083958,-0.24944,-0.054332,-0.058737,0.18397,-0.15067,-0.0011486,0.13058,-0.056424,-0.03169,-0.090501,0.023054,0.079436,0.046144,-0.16919,0.015618,0.020762,0.063209,0.0083672,0.13719,0.065191,0.048346,-0.059014,0.046385,-0.10426,0.093034,-0.00096582,-0.018962,-0.13147,0.022128,-0.021901,-0.094745,-0.052436,0.082454,-0.098939,-0.039036,0.11154,-0.0086554,-0.13264,0.079177,0.033482,0.033261,0.013737,0.16576,0.024668
0.037691,-0.073913,-0.020837,-0.084848,0.064679,-0.029676,0.016462,0.070061,-0.0091772,-0.070874,0.071278,0.026521,0.0096922,-0.11487,0.054323,0.30301,0.0041046,-0.022235,-0.084265,0.12387,0.080372,0.016708,0.13731,-0.038441,0.12746,-0.0030487,0.016387,-0.04665,0.0021033,-0.013341,0.011844,0.049131,0.023148,0.048564,-0.024452,0.21993,0.064879,-0.034383,-0.068967,0.045424,0.17903,0.014181,-0.043046,-0.054174,-0.092604,-0.11866,-0.03734,0.22839,-0.086648,0.0018325,0.06852,0.044245,0.014053,-0.062088,0.0264,0.046978,0.11246,0.052263,-0.043489,0.23789,0.035508,0.04672,0.14284,-0.068823,0.04647,0.1109,-0.19244,0.069356,-0.30249,-0.16163,0.13337,0.13229,0.011565,-0.055128,-0.036292,-0.16489,0.087321,0.069742,0.080095,-0.12308,-0.1021,-0.051383,-0.0082834,-0.027437,0.18603,0.044937,-0.11569,-0.056823,-0.071874,-0.16831,0.1175,-0.017311,-0.019611,0.071538,-0.057438,0.12294,0.059019,-0.014436,-0.10119,-0.030705
-0.15875,-0.075664,0.099603,-0.035861,-0.00087622,-0.011054,0.16575,0.031301,-0.22211,-0.20677,-0.040301,-0.089012,0.035407,0.017065,-0.11568,0.12708,0.03621,-0.07092,-0.10711,-0.18231,0.069913,0.11636,-0.097746,-0.089537,0.016385,-0.059973,-0.19084,0.080759,0.062551,-0.0044714,-0.08753,0.058217,0.13625,0.35099,0.075915,0.019204,0.057374,-0.033576,0.053947,-0.079011,0.041546,-0.051926,0.13325,0.073778,0.0094828,-0.17319,0.25249,-0.0033292,0.20125,-0.03967,-0.12784,0.03704,-0.065017,-0.17231,-0.11142,0.061726,-0.047889,-0.087294,-0.055377,0.020809,-0.083903,-0.085667,0.13683,-0.022326,-0.069622,-0.0014913,-0.022945,0.065276,-0.02063,-0.068591,-0.24623,0.021007,0.20415,0.096917,0.0022919,0.037319,0.042483,-0.062079,-0.04952,-0.051871,0.15632,0.22003,-0.01306,-0.03229,-0.099363,0.098355,-0.20114,-0.14102,0.22222,-0.038082,0.085568,-0.06707,-0.034299,0.094508,-0.039911,-0.0062745,-0.051116,-0.091526,-0.085876,-0.11082
0.012682,0.082913,0.072146,0.016088,-0.035123,0.020225,-0.10251,-0.017975,0.0048832,0.19909,-0.12347,0.13978,0.21945,0.019737,0.009439,-0.0021685,0.04279,0.1189,-0.18548,0.18689,-0.11084,0.07491,-0.031464,0.031721,-0.078585,-0.034672,-0.064483,0.065675,-0.15971,0.10166,0.024334,0.059949,-0.032005,0.073811,0.03515,0.031393,0.23026,0.073851,-0.13476,0.20028,0.090873,0.24829,0.17058,-0.14383,0.00012785,-0.20783,-0.073199,0.032211,-0.018216,-0.05118,0.20475,0.11934,0.039034,0.0041786,-0.17113,-0.075395,0.062992,-0.16592,-0.048066,-0.19281,0.21541,-0.10968,-0.016015,-0.097007,-0.060312,-0.0037123,0.050618,0.0048737,0.069258,-0.10295,-0.16348,-0.13571,0.063978,-0.015835,0.06844,0.17289,0.082475,-0.16576,-0.071475,-0.064795,-0.11145,0.038413,0.076397,-0.11528,0.27214,-0.087744,-0.11266,0.029176,-0.022754,0.089013,0.040476,-0.12851,0.14967,-0.19484,-0.054095,-0.017401,-0.0076272,0.083324,0.15174,-0.043341
-0.019375,-0.079133,-0.15744,-0.098379,0.17985,-0.050454,0.1164,0.099839,-0.068427,-0.14494,-0.021266,0.059737,-0.086761,0.035692,0.029755,-0.029451,0.11047,0.03344,-0.17424,-0.079918,0.088165,0.044752,-0.15955,0.063524,-0.07532,-0.050181,0.13642,0.035253,-0.027074,0.14285,0.083493,-0.093137,0.0050299,-0.18852,-0.056017,0.093566,-0.055167,0.059119,0.079077,-0.075042,-0.0049997,0.18969,0.038189,-0.087009,-0.0056242,0.15053,0.12297,-0.11004,-0.079234,-0.0026974,0.19335,0.11636,0.044197,0.12829,0.017795,-0.030234,-0.089781,0.056983,0.05417,-0.14506,-0.21997,0.07977,-0.019165,0.18613,-0.0048429,0.0054936,0.12792,0.15699,0.082279,-0.11917,-0.029018,-0.2107,0.17374,-0.13038,-0.18473,0.1207,0.11222,-0.011666,0.0070695,0.1652,-0.11869,-0.044794,-0.048041,0.0043252,-0.12505,0.047985,0.10285,0.043961,0.045519,0.026382,0.078856,0.10796,-0.14651,0.072711,0.023208,-0.14744,0.079635,0.011893,0.030828,-0.22631
0.18293,-0.2507,0.10438,0.16475,0.037179,0.072315,0.15974,0.078728,-0.091683,0.059506,-0.1807,0.066318,0.025637,-0.080641,0.028673,0.093711,0.025448,-0.05707,0.007213,-0.059176,0.068202,-0.01349,0.033907,0.16239,-0.12291,-0.034983,-0.026118,0.042657,0.0082461,-0.054669,-0.050943,0.02593,0.060134,-0.17874,-0.10184,-0.09595,-0.082954,0.13614,0.054135,-0.22292,0.13352,0.10695,0.0069532,-0.12558,0.11412,-0.016982,0.11212,-0.10534,0.01583,0.064537,0.015207,0.15361,0.13925,-0.02124,0.040989,0.068541,-0.096947,0.13494,0.026525,-0.17388,-0.03509,0.14107,-0.095617,-0.096792,0.079402,0.19983,-0.15628,-0.10197,-0.19479,-0.0003105,-0.095888,-0.064582,0.032146,-0.17889,0.0078722,0.063383,-0.018173,0.025136,-0.030988,0.20645,0.032832,0.081273,-0.12266,-0.069421,0.0085494,0.011034,-0.16431,-0.0050543,-0.23806,-0.031141,-0.025349,0.067687,0.024744,-0.0070874,-0.067148,0.087263,0.13574,0.01945,0.17359,-0.083537
0.049364,-0.052847,-0.088918,0.015208,-0.044679,0.2065,0.03765,0.10629,-0.14877,0.00069668,0.061743,0.026761,0.15295,-0.047715,-0.048521,-0.089311,0.11106,-0.051869,-0.060612,0.040448,-0.064533,0.22155,-0.075923,0.01392,0.076651,0.036315,-0.049819,-0.0023387,-0.018393,0.17766,-0.03772,0.034127,0.062459,0.050144,0.076394,0.0051556,-0.07902,0.12051,-0.064954,-0.037353,-0.07987,0.055566,0.11396,0.14909,-0.0050793,-0.18927,-0.024102,0.044361,0.059674,0.097787,0.034229,-0.036913,0.10533,0.030461,0.04869,0.19413,0.043949,0.004709,-0.082999,-0.0065502,0.067484,0.062441,-0.044701,-0.031425,-0.10585,-0.14994,0.11422,0.080525,-0.026812,0.12859,0.011226,-0.10736,-0.057899,-0.080416,0.075969,-0.024598,0.063823,-0.057362,0.070288,-0.068627,-0.029335,0.05537,0.042942,0.16767,0.12692,0.10973,-0.0053144,-0.12471,0.1661,0.081264,0.079529,-0.013682,0.089665,-0.0068507,0.17219,-0.088538,0.18045,0.020657,-0.10738,-0.057657
0.052482,-0.060506,-0.015231,-0.14554,0.15802,-0.016537,-0.035303,0.044503,-0.041392,-0.12006,-0.046092,0.059397,-0.084515,0.017535,-0.14975,0.11269,0.086699,0.068113,0.052227,-0.12851,-0.1198,0.014483,-0.042072,0.012824,0.00028034,0.0008112,-0.11183,-0.14538,0.12666,-0.030296,0.026897,0.020458,-0.066831,-0.12723,-0.025218,0.038605,-0.11098,0.0085759,0.17454,0.019551,-0.034558,-0.010787,0.11802,0.0033728,0.056486,0.040355,-0.066818,0.10347,0.093002,-0.027409,-0.035511,-0.058461,-0.1188,0.094973,0.043137,0.17734,0.10385,0.049212,0.14209,-0.018363,0.0085518,0.24238,0.033371,-0.12735,0.20275,-0.0079377,0.030944,-0.00040026,-0.1133,-0.019944,-0.28287,-0.018523,0.024552,-0.031448,0.024385,-0.083752,0.18698,-0.15159,0.06786,0.059714,-0.18608,-0.061055,0.043403,0.14295,-0.14757,-0.058806,-0.0059095,-0.048519,-0.04491,0.12573,-0.059996,-0.00086218,-0.026077,0.0108,0.1411,-0.087309,-0.014117,0.23603,0.050964,0.2222
-0.039125,0.092149,0.16607,0.11456,0.013163,-0.17952,0.091488,-0.068524,0.043095,0.029937,-0.01492,0.02118,0.060746,0.014427,-0.16276,-0.096548,0.16835,0.10148,-0.1185,-0.07582,0.097627,-0.033532,-0.22231,0.076198,-0.063951,0.07042,0.032578,-0.15288,0.015658,0.2415,0.048478,0.044237,0.0054282,-0.070847,-0.054019,-0.075027,-0.10351,-0.058348,-0.046701,0.051831,-0.052417,-0.092314,-0.053137,-0.18843,-0.12408,0.024291,0.00018718,-0.12202,-0.13391,0.10553,-0.027362,0.080811,0.00045422,0.13041,-0.048707,-0.02994,-0.020221,0.045872,-0.18232,-0.15162,-0.031176,0.058214,-0.11517,-0.14873,-0.014486,-0.10125,0.048391,0.0015133,0.072819,0.16007,0.11717,-0.054988,0.23336,0.1102,-0.1297,0.085245,-0.11821,0.1392,-0.05688,-0.21373,0.10429,0.22561,-0.25541,0.012594,0.16237,0.085201,-0.12993,-0.18847,0.14878,0.01722,0.11386,-0.12065,-0.068359,-0.068624,-0.00021349,0.019295,0.021604,0.0038913,0.038918,-0.11955
0.031936,-0.13606,-0.025005,0.028108,0.14656,0.076061,-0.012604,-0.032269,0.20143,0.11449,0.10848,-0.076936,0.20902,0.033932,0.15791,0.046723,-0.17716,0.17501,-0.26272,-0.040476,-0.14473,0.12017,-0.069009,0.16067,0.031491,-0.083557,0.041978,0.021852,-0.034479,-0.12575,-0.0031095,0.071906,-0.063228,0.01634,-0.099828,-0.13646,0.22866,-0.16444,0.1928,0.041072,0.10347,-0.069885,0.048174,0.023681,0.11526,-0.039216,-0.0027278,0.068608,-0.019207,0.018578,-0.096558,-0.049722,-0.034767,-0.11476,0.017133,-0.037561,0.074029,0.11099,-0.09251,-0.059131,-0.059642,-0.21098,-0.049137,-0.0061679,-0.047629,0.067335,0.014067,0.13433,0.065842,-0.038146,0.052292,-0.049848,0.041654,0.054697,-0.075067,-0.0094943,-0.046208,-0.14755,-0.060155,0.021887,-0.0050625,-0.032342,-0.05593,0.018534,0.00080315,-0.10462,0.26788,0.12416,0.049063,0.11254,-0.13546,-0.089003,-0.096724,-0.073562,-0.035292,-0.050071,-0.024001,-0.021758,-0.07743,0.14875
0.11852,0.075661,0.056169,-0.028148,0.11839,0.063281,-0.13802,-0.0039246,0.062174,0.0031059,-0.0031582,0.13737,0.12641,-0.18007,0.041739,-0.03821,0.12594,-0.17178,0.037026,-0.0056755,-0.024795,0.0011422,0.089618,-0.081196,0.049725,0.066762,-0.08347,-0.068528,0.099212,0.10021,0.044011,0.072574,0.1294,-0.008116,0.095826,-0.059948,-0.019273,-0.065402,-0.097224,-0.058522,0.061782,-0.021026,-0.15271,0.27474,0.031342,0.017007,-0.19692,0.072704,0.078369,-0.0084888,-0.08927,0.038521,0.13743,0.056521,-0.047242,0.024088,0.065307,0.046125,-0.027888,0.041697,0.04257,-0.088928,-0.039522,-0.030613,-0.10116,0.06282,0.0088979,-0.1272,0.19214,-0.070795,-0.19988,-0.02895,-0.028948,0.014636,0.047128,-0.0090667,-0.13645,0.16468,-0.095961,-0.011056,-0.087225,0.012385,-0.029122,0.19345,-0.13872,0.25325,-0.016346,0.1255,-0.078797,0.049393,0.11082,-0.028364,-0.001737,0.02917,-0.068607,0.12009,-0.15357,0.011043,-0.04427,0.047779
-0.025125,-0.098825,0.025495,0.25143,0.12038,0.074775,-0.048299,-0.030366,-0.004826,0.055402,-0.080767,-0.057994,-0.088448,-0.012413,-0.068707,-0.14803,-0.013948,-0.25553,0.079662,-0.014536,0.070637,0.17853,-0.074027,-0.13675,0.020729,-0.00090774,0.078314,-0.029562,-0.065176,0.088103,-0.077488,0.030175,-0.070327,0.07436,0.064674,-0.24052,0.040303,-0.070999,0.094854,-0.0013397,0.032959,0.048135,-0.054724,-0.089892,-0.10962,0.024561,0.17409,0.084079,-0.17835,-0.040038,-0.14403,0.050724,0.040203,0.099497,0.080266,-0.07077,0.057749,-0.15884,0.02694,0.15232,-0.048804,0.0058287,-0.08136,0.12818,-0.0090957,-0.060239,-0.084852,0.09979,0.077121,-0.15168,-0.064818,0.11015,0.091565,0.28002,0.053191,-0.10111,-0.153,0.055451,-0.13111,0.064799,0.078466,-0.055737,-0.10433,-0.040742,-0.060684,-0.013753,-0.11693,-0.17325,0.12193,-0.014858,0.085501,-0.094107,0.074956,-0.035938,0.00062228,-0.097001,0.043226,-0.035216,0.14239,-0.14258
-0.050866,0.031008,0.22374,0.076607,0.11023,0.026472,-0.12935,0.041771,0.051765,0.023625,0.10262,0.062007,0.10374,-0.12246,0.10109,-0.051899,-0.17742,0.15165,0.0061926,-0.02102,-0.056334,0.081099,-0.12757,0.053239,0.13237,-0.00083382,-0.040394,0.10782,-0.025902,0.037872,-0.029021,0.033148,0.011144,-0.052494,-0.068964,-0.10192,-0.18954,-0.063197,-0.26306,0.024246,0.072486,-0.11756,-0.059833,0.1366,-0.13961,0.00041118,0.053577,0.048034,-0.10054,-0.03294,-0.017176,-0.077819,-0.16143,-0.18263,-0.036423,-0.071417,0.066857,-0.16509,-0.005404,-0.12377,-0.018847,0.0066138,-0.026403,-0.020308,-0.080408,0.19167,-0.011414,-0.2267,0.10104,0.099565,0.15021,0.12066,-0.1139,0.27607,0.014602,-0.13756,0.010883,-0.041835,-0.12751,-0.042982,0.072532,-0.13528,-0.040904,-0.19579,0.013807,0.12857,0.20599,-0.18308,-0.086985,0.029723,0.0096572,0.19674,0.13632,-0.047722,0.079757,-0.15548,-0.049111,-0.10011,0.13178,-0.16904
-0.00988,0.032296,-0.12197,-0.12338,-0.1103,0.0013319,0.066328,0.14837,-0.13329,0.19794,-0.26292,0.14171,0.017306,0.11078,-0.12076,-0.11352,0.0089543,0.093893,0.050236,0.19306,-0.15463,0.036629,0.085008,0.11577,-0.12657,0.019439,-0.16527,-0.030592,-0.11802,0.052818,0.0030161,-0.079319,-0.1015,-0.023055,-0.13491,0.089016,-0.18906,0.020297,-0.080675,0.0086079,0.078657,-0.060647,0.093706,0.037408,-0.10414,-0.12244,0.22017,-0.060822,-0.0080493,-0.26302,0.0094326,-0.016429,0.11385,-0.087581,0.067275,0.038452,-0.026092,-0.13194,0.092068,0.05399,0.18084,0.097083,-0.062875,0.043497,0.10979,0.063463,-0.21217,-0.087398,-0.03591,-0.12942,-0.055679,-0.0051121,0.019728,-0.021495,0.10114,0.037354,0.029134,0.056031,0.035045,-0.16114,0.046954,-0.0068474,0.13871,0.037727,-0.03629,0.091392,-0.14337,0.036543,0.032583,0.093344,0.0098008,0.1433,-0.015881,0.023606,0.010705,0.013316,-0.00089294,0.16346,-0.00029284,-0.022469
0.11293,0.1194,0.17837,0.11503,-0.1649,0.23924,0.035007,-0.076114,0.11017,0.087002,0.10381,0.045502,-0.15064,0.034606,-0.32445,-0.090293,0.1554,-0.065428,-7.1204e-06,-0.059552,-0.091855,0.064287,-0.22065,0.1102,0.075748,0.14052,-0.016256,-0.0443,0.16487,0.023557,-0.059618,-0.048677,-0.098506,-0.15774,-0.030306,-0.18646,-0.15286,0.08176,0.14733,-0.0305,-0.057357,-0.15102,0.0060274,0.048687,-0.044207,-0.086336,-0.08251,0.021752,-0.022439,0.074124,0.11189,-0.10011,-0.1968,-0.10209,-0.033879,0.072216,-0.011318,0.27882,-0.14337,0.15687,0.020953,-0.1405,0.060842,-0.019225,-0.056621,-0.020254,-0.013048,0.15593,0.19308,-0.038946,-0.0087928,-0.046657,-0.13538,0.063743,0.17399,0.14898,0.048974,0.22961,0.072331,-0.03981,0.1571,-0.073648,0.027324,-0.12455,-0.046149,0.012063,0.085588,-0.15866,-0.0020758,0.10751,-0.026321,-0.052491,-0.21743,0.18746,-0.13539,-0.023702,-0.12658,-0.13286,0.00084565,0.010357
-0.071395,-0.061851,-0.15627,0.019992,-0.10318,-0.12143,-0.079112,-0.065658,-0.20358,-0.055914,0.036959,0.15594,0.13288,0.16287,-0.066698,0.18053,-0.18594,-0.008718,0.037073,-0.27706,0.079445,0.067364,0.0010895,-0.032472,0.098352,-0.029604,-0.023956,-0.090337,0.033565,0.0076362,0.0042279,-0.14584,-0.00069153,-0.023369,-0.060115,-0.0018398,0.0052997,-0.18796,-0.13084,0.13828,0.10427,-0.064695,-0.031655,0.029719,-0.11082,-0.17277,0.037303,0.035765,-0.096786,0.019095,-0.054433,-0.11867,0.089888,0.10299,0.036811,-0.017735,-0.12848,0.093276,-0.044459,0.27703,-0.0009902,0.058992,0.019987,0.090745,-0.14342,0.07289,-0.078574,0.2257,0.02729,0.0025133,0.0044419,-0.12205,0.12931,-0.015298,0.15845,0.07087,-0.014163,0.11655,0.013396,-0.09623,0.0088795,-0.01428,-0.15582,-0.14982,-0.090193,-0.12293,0.048667,0.14208,0.050676,0.20719,0.042744,-0.14131,-0.041791,0.15473,-0.10239,0.037385,0.085809,0.043801,0.075124,0.11173
0.034534,-0.14572,-0.16641,0.088146,0.043711,-0.17525,-0.052179,-0.073159,0.084239,-0.029777,0.018704,0.065498,-0.012228,0.057894,0.021751,0.058353,0.034301,0.14591,0.079552,0.084616,-0.13498,0.13422,0.069692,0.074445,-0.10953,-0.083078,-0.16898,0.035194,-0.059432,-0.029203,-0.026874,-0.097906,-0.074618,0.07762,-0.024798,0.18351,0.066735,-0.12556,0.076263,0.17141,-0.038086,0.077683,-0.12311,0.13449,-0.012203,-0.0291,-0.011538,0.017422,0.093845,0.078362,-0.13766,0.0024943,-0.14195,0.051316,-0.021827,0.18671,0.24426,0.12153,-0.031909,0.02857,0.064673,0.10579,-0.10492,-0.024132,-0.00052756,0.012917,0.15244,0.063853,-0.15983,0.14616,0.083245,-0.071996,-0.18265,-0.10505,0.074124,0.028226,0.079837,-0.03531,0.018036,-0.022019,0.01333,0.060105,0.011455,0.10124,-0.2468,-0.069367,0.0059878,-0.16295,-0.10163,-0.057482,-0.16255,-0.067334,0.17334,-0.16721,-0.04781,-0.044678,-0.012002,0.084336,0.029674,0.099313
-0.10421,-0.10337,-0.11795,0.20982,0.12085,-0.044636,-0.20373,-0.05176,0.031667,-0.074044,-0.036641,0.036287,0.041197,0.2265,-0.09186,0.020096,-0.098664,-0.1302,-0.30066,0.1169,0.077022,-0.034717,0.016226,0.076215,0.02461,0.045308,-0.059548,-0.11629,-0.10643,0.045613,-0.089209,-0.060353,-0.070033,0.11217,-0.041701,-0.052468,0.026418,0.16816,0.008226,0.10051,0.10816,-0.096945,-0.11467,0.15127,0.034647,-0.080342,0.022324,-0.036145,-0.060027,0.17037,-0.031807,-0.21666,0.07917,-0.11709,-0.053668,-0.11617,0.067127,-0.0054661,-0.24717,-0.050593,0.12575,0.034187,-0.052023,-0.1385,-0.047822,-0.19561,0.0060432,0.087235,-0.15617,-0.034595,-0.046973,-0.097783,0.057772,0.026551,0.088061,-0.18975,0.0071156,-0.025473,-0.18132,0.0029283,0.13402,0.044925,0.061246,-0.043939,0.0093911,-0.030381,0.11762,0.015506,-0.055689,0.0041121,0.16076,0.091191,0.041528,0.18085,-0.12945,0.0098007,-0.087196,-0.069136,-0.080726,-0.012999
0.15275,-0.061097,-0.060467,0.074947,0.0010312,0.086799,-0.098863,0.081515,0.17086,-0.090523,-0.0075992,0.098893,0.078405,0.030535,0.10433,0.017268,-0.015574,0.067932,0.076457,0.0071232,0.016461,-0.0073165,-0.011465,-0.035328,-0.026267,0.095955,0.11968,-0.042553,0.026605,-0.12983,-0.036956,0.12779,0.020532,-0.03417,0.069038,-0.023071,-0.089133,-0.14847,-0.1021,-0.047236,-0.069282,-0.11634,0.10371,-0.042883,-0.11249,0.041574,-0.12832,0.013238,0.043218,-0.0054724,0.084322,0.12248,0.033104,0.071312,0.039549,-0.044472,0.11857,-0.098096,0.083359,-0.058906,-0.12518,-0.18282,0.23057,-0.06861,0.043833,-0.035251,-0.015829,0.06909,0.15908,0.14667,-0.032821,0.043194,0.0010266,0.20847,0.028562,-0.035676,0.14436,0.2256,0.078541,0.021655,-0.13212,-0.027389,0.16317,-0.050952,-0.022974,-0.12835,-0.12492,-0.013281,-0.066051,0.11013,0.10087,0.12845,0.16508,0.15282,0.045789,0.11983,0.02991,-0.13579,0.11368,0.032791
0.15449,0.072278,0.040338,0.056412,-0.11955,0.22669,-0.027044,0.070539,0.022205,-0.10801,0.069595,0.06886,0.0012364,0.074144,0.030014,0.066111,0.093945,0.078442,-0.11532,-0.067371,-0.012238,0.0099617,0.0033158,-0.012734,0.093409,0.074299,-0.067579,-0.11343,-0.01707,-0.0028718,-0.19731,-0.077316,-0.010765,-0.0049637,-0.10562,0.12589,-0.16148,0.046777,-0.11114,0.013342,0.12056,-0.057724,-0.12541,-0.067242,0.034504,-0.02702,0.022077,0.079516,0.015584,-0.15691,-0.032764,0.031221,0.067899,-0.015708,-0.10948,0.16017,-0.080953,0.15796,0.096236,0.029898,-0.14455,0.096157,0.0067582,-0.13878,0.09213,0.0087835,-0.040159,-0.021527,0.02508,0.14319,0.049046,0.039105,-0.0066123,0.086537,-0.09609,-0.24813,-0.014784,0.022381,-0.10298,0.028659,0.10183,-0.037702,0.010137,-0.15938,-0.04428,0.051712,-0.034266,0.046813,-0.015006,-0.04188,-0.12906,-0.20242,-0.027097,-0.15772,-0.025499,0.063503,0.090256,0.11255,0.2476,-0.058597
-0.065756,0.066846,0.027515,0.18704,0.096205,-0.25945,-0.0716,-0.096442,-0.12598,0.12986,0.038179,0.15958,-0.10106,0.11441,0.13966,0.23663,-0.048696,-0.033845,-0.10645,0.055358,-0.058649,0.049113,-0.12989,0.067317,0.067192,0.049866,0.14509,0.21455,-0.10026,0.02495,-0.0063215,-0.0081362,0.11865,-0.12874,0.057388,-0.07998,-0.11767,0.15162,0.039862,0.14223,0.028114,-0.0056317,-0.033841,0.026357,0.03504,0.049813,0.049189,-0.033385,-0.21188,-0.082493,0.10015,-0.031729,-0.041105,-0.095905,0.082262,-0.067143,-0.047833,-0.0049678,-0.0535,0.068502,-0.081644,0.069033,0.020572,-0.046616,0.019712,0.0077586,-0.11156,0.057667,-0.068019,-0.074267,-0.032407,0.13145,-0.042722,-0.031815,0.11436,0.12972,0.027734,-0.014406,-0.042691,0.0014154,0.1057,0.3085,0.01467,-0.072203,-0.028033,0.028495,0.010726,-0.055802,0.00083029,0.052171,-0.053834,0.061135,-0.04465,-0.061863,0.061459,-0.021917,0.028057,-0.0036788,0.10843,-0.16401
0.12495,0.028568,0.0079178,-0.12998,-0.078561,0.15052,-0.081524,-0.1193,-0.17431,-0.030169,0.1568,-0.11136,0.055247,0.15526,0.023075,0.01119,0.23682,0.023369,-0.12581,-0.02498,0.063881,-0.087258,-0.04111,-0.11149,0.049924,-0.069861,0.0056779,0.0040761,-0.0917,-0.065284,-0.028013,-0.00076333,-0.0063402,0.12093,-0.093317,0.17009,-0.061363,0.019774,0.0052052,0.18906,0.020792,0.27194,0.10631,-0.04503,0.14087,-0.024294,-0.12794,0.077463,-0.12697,-0.0037739,-0.028267,-0.074216,0.049994,-0.073638,0.073743,0.076139,-6.6375e-06,-0.080042,0.099288,-0.014849,0.10871,-0.055596,-0.038185,-0.040454,-0.14383,-0.052909,0.081496,-0.0064324,-0.10146,-0.13858,-0.030589,0.045894,-0.024622,-0.092422,0.11797,-0.015917,0.073514,-0.018126,0.07071,-0.078956,0.057158,-0.14244,-0.15441,-0.037696,0.059043,0.15297,-0.05408,0.15125,0.12807,-0.077647,0.017258,0.065153,0.0036293,0.06927,0.052277,-0.070953,-0.026403,-0.17594,0.017066,0.101
-0.083005,0.015476,-0.039368,0.0032498,0.076564,-0.15817,-0.11685,0.11518,-0.10346,-0.000274,0.048805,-0.030412,0.05334,0.059603,-0.0067471,-0.12141,-0.10226,0.12078,0.032589,0.058238,0.064013,0.040628,-0.16833,-0.072111,-0.084463,0.084058,-0.089881,0.040884,-0.072356,0.082992,0.057933,0.014452,0.02732,-0.059449,0.15164,0.075181,-0.11012,-0.12434,-0.092581,0.092287,0.11243,-0.0089309,-0.089175,0.11829,0.1514,-0.011815,-0.10447,-0.0311,0.058289,0.051754,0.010078,-0.041266,0.037842,-0.004779,0.20547,-0.0069664,-0.11068,-0.1372,-0.028357,0.02733,0.094665,0.057182,0.035665,0.049079,-0.22635,-0.06221,0.26151,0.022622,-0.0078244,-0.1331,0.093133,-0.17657,0.0046028,0.082506,-0.068014,0.044286,-0.10382,-0.13521,0.018015,-0.076375,-0.01728,0.015027,0.031915,-0.040003,0.079465,0.055472,-0.014797,-0.019459,0.063729,0.073604,0.1639,0.018097,0.06642,0.066299,-0.019031,-0.11176,0.13598,-0.076893,0.15079,0.085426
0.054545,-0.0051911,-0.21209,0.019657,-0.04993,0.044759,0.072895,0.044697,0.0063564,0.025578,-0.049306,-0.027625,0.089327,0.0064373,-0.058965,-0.0006053,-0.12656,0.0028914,0.009746,-0.12191,0.031841,0.048643,-0.045415,-0.0095911,-0.1825,-0.072247,0.040378,0.097708,-0.042756,-0.15003,0.062669,-0.010276,0.11456,-0.080373,0.16508,0.03927,0.18315,-0.0073019,-0.16734,0.034527,-0.06253,0.15262,-0.16182,0.019359,0.091545,-0.019476,-0.031149,0.01102,0.022574,0.032018,0.028739,-0.089326,0.11748,0.031969,0.11361,-0.083828,0.10341,-0.034003,-0.15875,-0.092275,0.13018,-0.071346,-0.077178,-0.031826,0.073883,0.06033,0.030091,-0.060268,-0.0088676,0.076162,-0.080635,-0.05736,-0.056437,-0.036663,-0.081502,-0.022274,-0.169,0.19193,-0.030707,-0.14286,0.081923,-0.023629,-0.18809,-0.054921,-0.10737,-0.058948,0.16978,-0.075196,0.0039139,0.18262,0.16958,0.089899,0.045409,0.084197,-0.18889,0.088489,-0.037387,-0.048073,-0.026905,0.020225
-0.10434,-0.079213,0.072598,-0.17327,0.00316,-0.21407,-0.016354,0.17151,-0.094861,0.11833,0.0036694,-0.030488,0.12526,0.084214,-0.061662,-0.14005,0.045937,0.10254,-0.084728,0.18437,-0.07288,-0.098335,-0.071827,0.0042844,-0.061361,0.0162,0.061815,0.20569,-0.047427,-0.12328,0.086303,-0.044756,-0.11598,-0.037417,0.052298,0.15117,0.062521,0.0044236,-0.01491,-0.06519,0.034664,-0.20906,-0.0053663,0.096194,-0.045841,-0.015933,0.0017712,-0.051527,0.092871,0.014961,0.050694,0.04624,-0.039847,-0.13229,0.14336,0.11131,-0.063021,0.044221,0.011593,0.1855,0.065604,-0.038411,0.040783,0.19201,0.086249,0.041525,0.0039179,0.05113,0.12715,0.027198,-0.026057,-0.031381,0.065604,0.14953,-0.10316,0.011904,-0.060583,0.037333,-0.0058599,-0.12188,-0.168,0.01381,-0.17918,0.19264,-0.17697,0.035951,0.04498,0.10316,-0.024424,0.015483,0.29309,-0.05907,0.14871,0.066045,-0.12504,0.16058,0.11304,0.02246,0.041518,0.034338
-0.030058,-0.026842,0.088334,0.1453,-0.067905,-0.081984,0.17875,0.013392,0.16082,-0.019561,0.0021217,0.26818,-0.038021,0.0049973,0.083259,0.043992,-0.049933,-0.12842,-0.017664,-0.1656,0.13419,-0.028428,-0.042736,-0.26716,-0.042934,0.14398,-0.20834,-0.15352,0.0042346,-0.064394,0.14282,-0.16551,0.17265,0.045941,0.091794,0.0258,0.030504,-0.13217,0.026065,0.0092584,-0.15363,0.11395,0.026831,-0.16943,-0.012406,-0.043761,-0.02593,0.041009,-0.055551,-0.025505,0.089785,-0.037766,0.088344,0.24312,-0.12814,0.029318,0.06161,-0.041078,0.096063,0.099432,0.10282,-0.11458,-0.086686,0.069353,-0.084814,0.077591,0.081661,-0.038604,0.027333,-0.013084,-0.062483,-0.0027645,0.1924,-0.16986,-0.068423,-0.074499,-0.010623,0.10926,-0.24402,-0.10733,-0.079526,0.026686,0.0025854,-0.073868,0.052003,-0.073838,-0.036929,-0.065447,0.02784,-0.017781,-0.038384,0.0044499,0.0038909,0.027722,0.19978,0.056754,0.11301,0.14898,-0.10223,-0.12788
-0.080777,0.051161,-0.040893,0.11756,-0.079116,0.011893,-0.027517,0.081985,-0.048979,-0.054766,-0.12928,-0.017859,-0.077622,-0.23503,-0.028524,0.14252,0.015859,0.035464,0.11937,-0.20783,0.017311,0.010366,-0.094814,-0.0039217,-0.14912,0.077597,0.22482,-0.083182,-0.083643,0.10975,-0.204,0.18807,-0.0092781,0.21818,0.074095,0.03674,0.10129,-0.18775,-0.057208,-0.1293,-0.01365,-0.040392,0.052935,-0.22686,-0.0042263,0.27244,-0.072659,-0.032885,0.050844,-0.052818,0.058922,-0.045467,0.099607,-0.16504,-0.12146,-0.13516,-0.042185,0.029956,-0.092953,-0.13251,0.067082,0.085199,-0.06853,-0.019767,0.011999,-0.17965,0.062712,-0.070153,0.007459,-0.14372,-0.086457,-0.059188,-0.13744,0.18132,0.045785,-0.080315,-0.087352,0.18769,0.06814,0.0052914,0.019924,0.091038,-0.089761,0.062046,-0.073762,-0.016594,-0.015721,-0.086277,-0.056834,-0.078136,-0.02217,0.10642,-0.029106,0.11345,0.17668,0.11252,0.04854,-0.17201,-0.15487,0.12887
-0.035811,-0.031423,-0.031021,0.01127,0.066849,-0.064246,-0.01176,0.19691,0.061145,-0.0053452,0.11914,0.021269,-0.028726,-0.045565,0.076266,0.094132,0.10819,0.1119,-0.015415,-0.057962,-0.16402,0.025353,0.10033,-0.019561,-0.14673,0.13228,0.035162,0.12749,-0.19425,0.079047,-0.13092,-0.053278,-0.015917,0.1355,-0.096857,0.041245,0.22583,-0.17981,-0.039301,0.0061373,0.12427,-0.17929,0.10197,-0.024381,0.029966,-0.077432,0.087385,-0.13259,0.020453,-0.17141,-0.0019858,0.063848,-0.062458,-0.16644,0.049781,0.15055,-0.09154,0.066171,-0.15009,-0.14478,-0.061102,0.0951,0.0045802,-0.02579,0.013235,-0.0056052,0.071957,-0.12682,0.049865,0.1674,-0.08473,0.018198,-0.12663,-0.056444,-0.12467,0.15857,0.12831,0.037133,-0.11315,-0.034103,0.011679,0.15736,-0.042023,-0.13162,-0.0058694,0.0643,-0.27799,0.018765,0.045314,0.057955,-0.027417,0.016431,-0.16249,0.11517,-0.13378,-0.18723,-0.13498,0.081419,0.0055855,-0.0014325
0.042453,0.17276,-0.11802,-0.11223,-0.059922,-0.078061,-0.015769,-0.031053,-0.091221,0.023573,0.013885,0.0028105,0.014969,0.13715,-0.021284,0.18185,0.011952,-0.00014906,0.14165,0.019195,-0.20045,0.094135,0.057691,-0.091715,0.0017195,0.050832,-0.25083,-0.20281,0.03983,-0.053531,-0.0062289,-0.053898,-0.09709,0.076782,-0.096556,0.060556,0.21828,-0.094733,0.0069843,-0.033492,0.01212,-0.047553,0.043463,0.11408,0.1143,0.077169,-0.019363,-0.084991,-0.10604,-0.12171,0.26905,-0.25442,-0.005299,0.20201,0.16546,-0.25614,0.053813,0.0092461,-0.1232,-0.086174,-0.0087077,-0.11624,0.19233,0.010382,0.076509,-0.10112,-0.065498,-0.0094263,-0.004752,0.21628,-0.12681,0.058179,0.032964,-0.11213,0.015742,-0.057277,-0.1472,-0.12526,0.050856,0.070954,0.1069,-0.054229,-0.20475,-0.10383,0.1187,-0.03984,0.035299,0.11168,-0.28047,-0.22937,0.065185,0.14345,0.018692,0.066473,-0.29104,0.015759,-0.079634,-0.15889,0.056598,-0.1194
-0.081099,0.12302,-0.001584,0.0090416,0.028516,0.19883,0.064694,-0.26728,0.013502,0.040421,-0.058597,-0.017213,-0.07294,-0.082746,0.071721,0.033097,-0.0831,-0.028164,0.031137,-0.0084796,0.22695,-0.11971,-0.15595,-0.077215,0.024787,-0.026661,-0.0061235,-0.04432,-0.025851,-0.078795,0.08727,0.33454,-0.11319,-0.026588,-0.054323,0.030671,0.13565,0.085377,-0.029545,-0.024488,-0.036527,0.12953,0.030989,0.21423,0.011143,-0.22,0.18893,-0.10899,0.27708,0.24116,0.14724,-0.042787,0.038703,0.11349,0.071975,0.15223,-0.049345,-0.053128,0.14118,-0.10111,0.013376,0.04139,-0.1047,0.031135,-0.1158,-0.016251,-0.016868,-0.044732,0.018102,0.014364,-0.11343,0.076054,-0.049546,0.014108,-0.022853,-0.069519,0.033757,0.011591,-0.18886,-0.022677,-0.0072277,0.24511,0.071284,0.22174,0.076864,-0.091533,0.092045,-0.0553,-0.11925,-0.11075,0.0051803,0.041397,0.029075,-0.0061886,-0.27643,0.064068,-0.054983,-0.10557,-0.16013,-0.033622
-0.072852,-0.16222,0.0032038,-0.15926,0.052191,-0.075529,-0.13344,-0.051353,0.025099,-0.058261,0.17342,-0.1041,0.028229,0.0056115,-0.1676,-0.0098794,0.068676,0.04051,-0.12323,-0.20673,0.022445,0.032744,-0.094564,-0.036903,0.050526,-0.11251,0.041024,-0.077185,-0.14969,-0.060859,0.05122,-0.045185,-0.09846,-0.05507,0.05454,0.049932,0.14659,0.096998,-0.024164,0.099577,-0.024769,0.017899,-0.17876,0.076431,-0.042252,-0.11107,0.096987,0.082114,-0.047908,0.028464,0.15614,0.082772,-0.18985,-0.052376,-0.0019221,-0.063698,-0.024004,0.10425,-0.087828,-0.097324,0.014581,0.089621,-0.015431,-0.0075694,0.036727,0.063076,0.044361,-0.21801,-0.045234,0.034962,0.085981,-0.027538,0.069419,0.066578,-0.14698,0.0080402,-0.19103,-0.093989,-0.13758,-0.11491,0.10737,0.13576,0.090004,0.06106,-0.031956,0.038999,-0.1074,0.0090394,-0.028702,0.062434,0.19151,-0.0080035,-0.083575,0.054451,0.12415,0.22536,-0.025736,-0.085284,0.068577,0.031454
0.034008,0.055815,0.28739,0.17112,-0.22563,-0.0055407,-0.17248,0.049369,0.0027656,-0.1725,-0.034327,-0.065885,0.034084,-0.20073,-0.0764,0.011231,-0.008956,0.051339,-0.062053,-0.076658,-0.15564,-0.10271,-0.010146,-0.03438,-0.038581,-0.077139,-0.018429,-0.01683,-0.13066,-0.013085,-0.16005,0.024384,-0.033807,0.10167,-0.031181,0.10297,-0.053673,-0.061615,-0.11132,0.0087922,0.019618,-0.034604,0.13387,-0.085503,-0.096859,0.0066604,0.18855,0.14878,-0.11117,-0.0075694,0.20434,0.027246,-0.1408,-0.15475,0.10121,0.0020708,0.12433,0.070761,0.1152,0.074293,-0.042363,0.088858,0.071023,0.050493,-0.13945,0.074718,0.063504,-0.15005,0.19561,-0.066035,-0.10441,-0.096048,0.067475,-0.10925,-0.104,-0.10483,0.016396,-0.13144,0.10654,-0.093342,-0.07716,-0.0072175,-0.022687,-0.16333,-0.13335,0.09278,0.017288,0.0030118,-0.028459,-0.10343,0.065188,0.014789,0.049941,-0.012617,-0.22025,-0.067882,0.024438,-0.1502,0.16183,-0.0086177
0.05641,-0.10008,0.069909,-0.11785,-0.011384,0.054613,-0.086797,-0.095665,-0.061003,-0.087033,0.10675,0.030849,0.091568,0.059326,0.14958,0.060785,0.017125,-0.14877,-0.074278,-0.12447,0.018812,-0.055795,0.22303,-0.16157,0.019871,0.050485,0.17992,-0.12038,-0.05824,0.034809,0.12878,-0.18546,-0.027427,0.057237,0.010626,0.016581,0.063717,0.0042857,0.11231,-0.15809,0.11351,-0.071017,-0.096515,-0.12079,-0.065412,-0.10447,0.096514,-0.12398,-0.0029331,0.20617,-0.063485,0.088417,0.015106,-0.035549,0.033221,0.023417,-0.025993,-0.13498,0.34277,0.088837,-0.2178,0.20051,-0.048427,0.053124,-0.10803,0.017806,0.14137,0.11404,-0.069114,0.008604,-0.011929,0.09857,0.018773,-0.014575,0.19343,0.15147,-0.038068,0.078987,0.020558,-0.1194,-0.062962,-0.069871,-0.060443,-0.11727,-0.1015,-0.015075,-0.041395,0.13053,-0.12257,0.060314,-0.25398,-0.086603,0.1413,0.023269,0.081345,0.027029,-0.2264,-0.014691,0.043104,0.0013588
-0.041607,-0.0010916,0.046389,-0.0090615,0.1844,0.0059914,0.13105,-0.0095684,0.00070197,0.098105,0.0051266,0.041801,-0.075699,0.0050617,-0.040852,-0.031527,-0.013295,-0.025289,0.078821,-0.050678,0.047714,-0.34471,-0.20422,-0.037283,0.16238,0.012223,0.091825,-0.14071,-0.14736,0.022765,-0.046054,-0.026712,0.16286,-0.10314,-0.017127,0.035649,-0.1716,0.063432,-0.075706,0.031302,0.12769,-0.046796,0.19102,-0.064256,-0.023117,-0.04676,-0.18425,0.065548,-0.057142,0.02093,-0.10604,0.10004,0.16965,-0.12684,-0.040939,0.14256,-0.066117,-0.16103,0.11114,0.028027,-0.10011,-0.13679,0.045152,0.079818,-0.048305,-0.18233,-0.00087201,-0.039902,-0.13174,-0.0010753,0.059165,-0.044612,0.04468,0.059788,-0.10436,0.0093887,0.14055,0.033167,-0.0064222,0.06532,-0.055803,0.011325,0.095123,0.17404,-0.029709,-0.028646,-0.22415,-0.012301,0.12377,-0.12252,-0.0068743,0.02704,0.020201,-0.050435,-0.10742,-0.082864,0.042719,-0.039176,0.20201,-0.0070065
-0.0014177,0.038564,-0.38805,0.045503,-0.095266,-0.016211,-0.039044,0.0038983,0.014937,0.046029,-0.020237,-0.11229,0.059147,0.028804,-0.036892,-0.2288,-0.05561,0.056149,0.021306,0.11044,-0.052244,0.18234,0.12483,-0.015064,0.076038,0.039165,-0.049641,0.038878,-0.059086,0.066103,0.07146,-0.1358,0.099989,-0.011053,0.012249,-0.20793,-0.038468,0.14677,0.0026195,0.057325,0.0037352,-0.15936,0.059624,-0.071803,0.050587,-0.076535,-0.10971,0.12865,-0.052034,0.040625,0.16745,-0.078972,-0.079797,-0.048064,0.042321,-0.035563,0.10971,0.012526,-0.033728,-0.010267,-0.16564,-0.078714,0.17183,-0.0055632,0.010203,0.12593,0.014861,-0.054151,-0.05612,0.023336,0.16001,-0.056871,-0.010036,0.045234,-0.083849,-0.089112,0.070693,-0.047125,-0.044906,-0.2081,0.056536,-0.060336,-0.054535,-0.016501,-0.003231,0.11736,-0.04432,-0.021497,-0.063451,0.089642,-0.02109,0.14099,-0.0044023,-0.14232,-0.062689,-0.097115,-0.050461,-0.10367,0.087248,-0.13823
0.072013,-0.14179,0.10981,0.067918,-0.055655,-0.15084,0.076154,-0.14241,0.020196,-0.21179,-0.095083,0.062189,-0.14137,-0.065255,-0.0010028,-0.0092468,0.10852,0.0045814,0.021793,-0.14346,0.12643,0.13007,0.1457,0.037661,-0.011323,0.032209,-0.10513,-0.022653,0.10222,-0.0070506,-0.045727,0.022762,0.12017,-0.18108,0.040407,-0.070783,-0.095536,-0.081516,-0.25701,-0.04149,-0.10254,-0.10064,0.016151,0.062994,-0.020854,-0.078095,0.13041,0.081697,0.006261,0.079401,-0.069463,-0.010116,0.034938,0.046346,-0.11127,0.16366,0.0077742,0.012024,-0.064621,-0.19997,0.06629,0.054362,0.030105,-0.013273,0.17707,0.13999,-0.019272,-0.023017,0.053941,0.032988,0.0056428,0.03989,0.14615,0.072034,0.12522,-0.13126,0.016572,-0.13888,0.091743,0.06687,-0.11303,-0.0058744,0.02282,0.10596,0.12424,0.03799,-0.044988,-0.071799,0.0025783,0.11039,0.016317,0.0025008,-0.028748,-0.11428,-0.1848,-0.012544,0.018782,0.12641,-0.14524,0.16146
-0.2645,-0.040404,-0.095388,0.059792,0.033593,-0.019936,-0.064209,0.11913,-0.062614,0.13757,0.035228,-0.062284,-0.11897,0.053076,0.031997,0.040094,-0.11093,-0.010805,0.17014,0.14514,0.19911,0.11928,-0.058621,0.2579,0.10248,0.024872,0.042837,-0.20078,0.020957,0.022779,-0.022792,-0.049144,0.019372,0.08151,0.072747,-0.097389,0.036207,0.071032,-0.0064233,-0.0093914,0.03038,-0.017726,-0.0044803,-0.016681,0.070229,-0.078997,0.063097,0.12485,-0.0021212,-0.18002,0.22001,-0.062832,0.21592,-0.082722,0.087332,0.17726,-0.10946,-0.039748,-0.064746,-0.03124,-0.063326,0.017781,-0.18626,0.14478,0.075058,-0.13892,-0.043469,-0.038842,-0.053756,0.0086288,-0.02942,0.0089871,-0.067791,0.052697,0.1034,0.03347,-0.05968,0.015294,-0.0087174,0.20372,0.0065479,0.18436,-0.087275,0.22198,0.10066,0.087508,-0.082374,-0.1748,-0.095192,0.2111,-0.06961,-0.0502,0.14789,0.025639,0.051662,-0.054598,-0.027212,0.088142,-0.025867,0.035376
0.070818,-0.059082,-0.029636,0.092684,-0.0019968,0.097059,-0.22126,0.061613,-0.037745,0.090015,0.046249,-0.0017223,-0.017711,0.07688,0.095007,-0.14183,-0.11981,0.074436,0.10256,-0.1912,-0.067459,0.074017,0.10686,0.096448,-0.27122,0.27653,0.095399,0.068096,0.12503,0.16123,0.19798,-0.078661,0.095868,-0.031487,-0.14968,-0.065253,0.0075849,0.029423,-0.068956,-0.080773,-0.067377,0.0091827,0.06221,0.050115,-0.17831,-0.11856,0.10019,-0.029134,-0.10163,0.080872,0.10844,-0.042607,-0.20992,0.026542,0.029783,-0.017484,0.030606,0.167,-0.24778,-0.061431,0.055333,-0.036064,0.1093,0.013925,0.062665,-0.14147,0.038017,-0.011467,0.19312,-0.030809,0.088617,0.097529,-0.044597,0.083506,-0.0074515,-0.02012,-0.18099,-0.06243,0.018273,-0.063468,-0.18561,0.0058421,0.14824,-0.0040827,0.051629,-0.20334,-0.027804,-0.0089369,0.1189,-0.041057,0.037904,0.065123,-0.11456,-0.065614,0.072627,0.00080256,-0.081144,-0.047002,0.13111,-0.096481
0.14973,0.047422,-0.14153,-0.16711,0.026213,-0.024264,-0.022165,0.030676,0.05926,0.10132,-0.087398,0.040677,0.19167,0.12057,-0.13861,0.059002,-0.20411,0.12101,0.083711,-0.23219,0.080437,-0.085538,0.054438,0.054303,-0.1228,-0.01327,0.020957,0.10875,-0.13517,-0.0014617,-0.061382,0.09305,-0.043972,0.076548,-0.10478,0.01509,0.16141,0.20211,-0.05563,0.0066836,0.10878,-0.12669,0.0098552,0.072921,0.081067,-0.059914,0.060215,0.083368,0.054933,-0.0028551,-0.23421,-0.09924,-0.027529,0.073755,-0.031843,-0.094408,0.083738,0.20679,-0.10048,0.037999,0.15089,-0.037207,0.10864,-0.13941,0.011791,0.029874,0.14001,0.1384,-0.26525,0.061672,0.066264,0.0034338,-0.021996,-0.080814,-0.11579,-0.053948,0.051032,0.022102,0.0062379,-0.15057,-0.017945,0.097276,0.00065613,0.19301,-0.065258,0.10729,0.010967,-0.056791,-0.028716,-0.026671,0.080781,0.11727,0.18608,-0.056033,-0.00072828,0.022052,0.01302,0.10156,0.12335,0.036292
-0.049891,0.036058,-0.13652,-0.031207,-0.095455,0.10635,0.017272,-0.016199,0.016943,0.17706,-0.17758,-0.019092,0.019956,0.064716,0.13891,0.32329,-0.12064,-0.14948,-0.036239,0.039625,-0.013303,-0.014702,-0.046346,0.05324,0.13872,-0.00065001,0.049249,-0.062615,-0.034954,-0.019459,0.13774,-0.066988,-0.14396,0.051572,0.01242,-0.021725,0.10177,-0.0078946,-0.044534,0.055223,-0.23664,-0.061316,-0.22791,-0.16596,0.041446,-0.20662,-0.14308,-0.0064034,0.099601,-0.074404,0.24487,-0.15261,0.043059,-0.07918,-0.10595,0.01229,0.014072,-0.040442,-0.22495,-0.06107,0.17345,-0.20883,0.038043,0.13099,0.20806,0.061952,0.14019,-0.14979,0.054193,0.14461,-0.085578,0.063087,0.034014,0.0099261,-0.0098315,-0.25163,-0.12994,0.015828,0.09261,0.13516,-0.061229,-0.055212,0.014647,-0.085825,-0.046449,0.051529,-0.058946,-0.1999,0.06338,0.1469,-0.109,0.21061,-0.2095,-0.080462,-0.062932,-0.024079,0.015099,0.040179,0.022368,-0.23101
0.055345,-0.029269,-0.057728,0.12086,0.18819,-0.019443,-0.05784,0.043011,0.11195,-0.0022945,-0.028611,0.044043,-0.046365,-0.058744,-0.078575,-0.15631,-0.10086,0.058398,0.12797,0.15855,-0.020942,-0.016079,0.087557,-0.041269,-0.014314,-0.010096,-0.14421,0.20493,0.073772,0.018891,-0.10763,-0.01995,-0.11307,-0.04155,-0.014264,-0.26573,-0.11243,0.21757,-0.12413,-0.060076,0.024761,0.16766,-0.072742,0.073787,0.088995,-0.047588,-0.011389,0.095849,-0.0095719,0.071759,0.044378,0.03223,0.0060572,-0.11466,0.14413,-0.016499,-0.010762,0.22929,0.15523,-0.0036694,-0.043263,0.048238,0.097488,0.23738,-0.036178,0.008784,-0.014123,0.065589,-0.14618,-0.079447,-0.10922,-0.0031941,0.1124,-0.044544,0.098517,-0.015198,-0.10122,0.034247,-0.04135,0.14316,0.12796,0.14009,-0.04535,0.039686,0.11575,-0.035655,0.1088,-0.044648,-0.010294,-0.11399,0.030296,-0.059803,-0.068494,0.16058,-0.012585,0.019199,0.00913,0.011662,-0.11147,0.030531
-0.0069252,-0.024361,0.047594,0.066619,-0.015875,-0.059903,-0.012657,-0.01853,-0.14701,0.10812,0.091745,0.14809,-0.19927,0.041089,-0.10677,-0.01719,0.12089,0.037425,0.09051,0.12389,-0.10968,0.048858,0.18217,0.065953,-0.083878,0.25808,0.070562,0.0043458,0.15304,-0.082195,0.15903,0.10272,0.039623,-0.0074939,0.068126,-0.01298,0.079819,0.035604,-0.032284,-0.06364,-0.17681,-0.039921,-0.09667,-0.081341,-0.14232,-0.028895,-0.00032113,0.17958,-0.12839,-0.10777,-0.12137,-0.0040632,-0.031781,-0.039838,-0.14582,0.026959,-0.30988,-0.1866,0.12799,0.063739,0.030961,0.086294,-0.077403,-0.044251,-0.082449,-0.03967,0.039236,-0.030393,-0.083757,-0.14192,-0.057199,-0.10924,-0.064102,0.076524,0.12028,0.0014766,0.0037564,0.030504,-0.057595,0.068885,-0.081361,0.040064,0.13045,-0.054579,-0.079241,-0.057412,-0.024022,0.1795,-0.024852,-0.024661,-0.076891,0.037337,0.12163,-0.11178,0.059073,0.051969,0.18549,-0.14091,-0.036177,0.096922
-0.0084269,0.088216,0.027644,0.1283,-0.14271,0.13052,0.025646,-0.032439,0.13004,-0.19555,0.065742,0.19777,0.11789,-0.069734,0.073157,-0.051168,0.07143,-0.0010937,-0.091592,0.15097,-0.0075533,-0.10687,-0.2378,0.098261,0.12106,0.05024,-0.021206,0.1361,0.067116,-0.0050648,0.021237,0.087354,0.073493,0.12186,-0.067708,-0.063938,-0.096025,0.039587,0.037991,0.039896,-0.0085369,0.29238,-0.022171,-0.10072,0.11707,0.0026975,0.026855,0.024551,0.017734,-0.10497,-0.049416,-0.019901,-0.1122,-0.018357,-0.13852,-0.10282,-0.088426,-0.10755,0.051351,0.0019407,0.17886,-0.030691,0.12576,-0.010821,0.011232,-0.10551,0.056389,-0.14146,-0.11524,-0.027839,-0.08451,-0.033913,-0.045587,0.045541,0.012538,-0.0079231,-0.035238,-0.048395,0.089718,0.033134,0.063222,0.075086,-0.27492,-0.13983,-0.016045,0.17029,-0.078372,0.29041,0.050991,-0.21041,-0.31008,0.079523,-0.018612,0.072334,-0.0040324,0.096043,0.0080337,0.078392,-0.041948,-0.036952
-0.098326,-0.10912,0.12526,-0.05267,-0.18636,-0.012295,-0.056389,-0.059697,-0.071963,-0.046964,-0.053214,-0.037739,0.055141,0.046544,0.11603,-0.10527,0.00089636,-0.083077,0.10251,-0.023381,0.043861,0.025125,0.069635,0.037439,0.029936,0.039518,0.050626,-0.029244,0.21851,0.020121,-0.0037057,0.026045,0.00066363,0.098795,-0.023061,-0.062449,-0.042412,-0.045594,-0.1009,-0.061511,0.11515,-0.10316,-0.043122,0.018169,-0.059751,-0.14429,-0.078828,-0.042052,-0.0021641,0.047677,0.091897,0.029928,0.11567,-0.0054065,-0.026433,-0.045158,0.10138,-0.0077733,0.02831,-0.077674,0.15357,0.081804,-0.069685,-0.13248,0.094696,-0.095524,0.18537,0.045041,0.1834,-0.092374,-0.06164,-0.038784,-0.063974,-0.15413,0.087191,0.03066,-0.18531,-0.03459,0.087359,0.2682,-0.17113,0.010903,-0.11196,-0.018076,-0.17833,-0.085743,-0.062385,0.095032,0.038875,0.10594,0.085944,0.022647,0.1579,0.13005,0.098791,0.011642,-0.0008885,-0.071562,-0.0022132,-0.016647
0.10084,0.01956,0.022772,0.040308,0.12417,-0.14185,-0.009093,0.032848,0.017004,0.060182,-0.099415,0.030039,0.032662,0.14169,0.064998,-0.038099,-0.078132,-0.097332,-0.12739,-0.036295,-0.072134,-0.016421,-0.048964,-0.076052,0.036092,-0.07297,0.033768,-0.02455,0.20666,-0.19428,-0.14992,-0.042414,-0.17311,0.061881,-0.11997,0.18838,-0.12796,-0.044862,-0.017862,-0.059765,-0.041341,-0.050524,-0.14262,0.032673,0.032486,-0.15318,0.087847,0.026744,0.20404,-0.023284,0.17916,0.14808,0.036172,0.13135,0.040064,-0.036298,-0.11773,0.002687,-0.070694,-0.083627,0.032609,-0.041792,0.1212,-0.15501,-0.2533,-0.11449,-0.11547,-0.12505,-0.04864,-0.0052982,0.040953,0.094745,0.12495,0.063516,0.099105,0.0061145,-0.056968,0.0030554,0.054099,-0.12623,-0.082441,-0.10332,0.0238,0.1047,0.025829,0.07946,-0.087609,0.013753,0.02561,-0.12994,0.17602,-0.020917,0.092072,-0.15448,0.038008,-0.034274,-0.071136,0.07169,0.20513,0.011453
-0.060496,0.165,-0.0019418,-0.1181,0.030511,-0.045844,0.1449,0.0030275,-0.10331,0.071117,0.16065,-0.10407,0.11491,0.040621,0.27233,0.031055,0.13989,0.14885,-0.13,-0.052427,0.25969,-0.057442,0.073621,0.087625,0.033056,0.060083,-0.088462,0.11075,-0.033971,-0.029267,0.0064547,0.13269,-0.065021,0.040028,-0.057445,0.067451,0.061463,-0.052644,0.10559,-0.095738,0.11234,-0.09888,-0.057916,0.0082724,-0.16326,0.040095,0.042045,0.06095,0.10562,-0.21461,0.048131,-0.10647,-0.2059,0.02554,-0.13148,-0.20695,0.10083,0.004144,-0.041241,0.05854,-0.032901,0.070123,-0.041458,-0.0077392,0.096277,-0.098088,0.10131,-0.032708,0.038506,0.10327,0.045653,-0.033869,-0.051264,0.10868,-0.0017496,0.011409,-0.20839,-0.10773,0.080212,0.12744,0.007134,-0.058987,0.11008,-0.28468,-0.10888,0.10893,-0.077423,0.041111,-0.089935,-0.1009,-0.045487,0.061249,0.058307,0.16567,0.028534,0.067278,-0.14649,-0.0013912,-0.099609,-0.08085
-0.12161,-0.05379,-0.046398,0.0087591,0.044691,0.067575,0.085888,0.068109,-0.12405,-0.0040043,0.17941,0.028983,-0.060375,0.055559,-0.062961,-0.080783,-0.051486,-0.010327,-0.010171,0.062406,0.15944,0.28346,0.15823,0.088198,-0.0075296,0.075633,-0.055582,-0.056461,0.058699,0.073099,-0.10038,0.030507,-0.10101,0.089235,-0.081918,0.0034476,0.11811,-0.021863,-0.1374,-0.030198,0.20606,0.070789,0.13342,0.27868,0.034473,-0.018629,-0.042375,0.12176,-0.089428,0.053156,0.092716,0.056573,0.097261,-0.075699,0.02651,0.089928,-0.16505,0.13424,-0.053411,-0.057526,-0.13107,-0.10962,-0.086351,-0.021525,0.1814,-0.087187,0.01454,0.18763,0.19662,0.066302,0.013478,0.0048742,-0.12703,0.045996,-0.10904,0.016669,-0.066211,0.0058945,-0.030558,-0.027145,-0.028435,0.0098916,-0.1048,-0.026891,0.11763,-0.14393,-0.018914,-0.018803,-0.15492,-0.10974,0.093556,0.22819,-0.0088867,-0.10638,0.032391,-0.0016814,0.11778,-0.15526,-0.017481,-0.31862
-0.17553,0.015524,-0.050286,-0.097544,0.059315,-0.055089,0.065941,0.1081,-0.031924,0.049834,-0.084481,-0.14359,0.11249,0.074591,-0.011626,-0.12518,-0.069584,-0.085108,-0.050914,-0.1652,-0.17334,0.15755,-0.14894,0.056911,-0.027326,-0.039418,0.014521,-0.093383,0.022781,-0.075155,0.026252,0.064045,-0.054237,0.068793,0.0024043,-0.011543,-0.07969,-0.050951,0.0050642,-0.16224,0.0029736,0.012524,0.049592,-0.0021173,0.17559,0.075485,0.10214,0.15771,-0.11602,0.18221,-0.071663,0.061582,-0.18428,0.15657,-0.13196,-0.046485,-0.035242,-0.057941,0.056974,0.14891,0.0098326,-0.0069633,-0.036775,-0.13472,0.03566,0.0028548,0.068413,0.063933,-0.013094,0.013011,0.017252,0.15784,0.16799,0.052562,-0.094656,-0.10713,-0.077993,-0.12746,-0.020335,0.074002,-0.0042325,-0.0002105,-0.070701,0.090621,-0.041149,-0.14189,0.22777,0.050978,-0.10787,0.00096653,0.096458,-0.00032251,0.11033,0.06453,0.02281,-0.1414,0.024351,-0.01381,0.11539,-0.17232
0.032168,-0.20214,0.064751,-0.12317,0.046536,0.14633,-0.19263,0.0055798,0.0041209,0.055242,-0.21786,-0.090215,0.061133,-0.014261,0.14655,0.011283,-0.0091248,0.013582,0.078046,-0.0040641,-0.14924,0.037483,-0.0078774,0.034581,0.1272,0.14038,-0.039658,0.16836,-0.11263,0.025047,-0.026894,0.025333,0.21164,0.044061,-0.21186,0.023823,0.071268,0.020272,0.18505,-0.24219,-0.19151,0.21034,0.14132,0.077946,0.062157,-0.02255,0.026796,0.092592,-0.11042,-0.16934,-0.1353,-0.11733,0.020418,0.19279,-0.00084234,0.132,0.043681,0.11058,-0.074187,-0.041732,-0.027204,0.11122,0.0301,-0.073211,0.013898,-0.22836,-0.02575,-0.049798,0.057192,0.0011086,-0.060751,0.13405,0.12548,-0.0048818,-0.21705,-0.025345,-0.12183,-0.10918,-0.28864,-0.056264,0.0099931,0.059068,0.0029034,-0.030149,-0.09958,0.012778,-0.18297,0.099109,0.0052504,-0.11258,-0.056066,0.062341,-0.018597,0.063096,0.0038401,-0.03988,0.0080604,0.032343,0.14147,-0.10814
0.031905,-0.18425,-0.12073,-0.095632,0.13673,0.034963,0.076792,-0.010169,0.13876,-0.018936,-0.080878,-0.10629,-0.027731,0.099033,0.044562,0.15497,-0.068218,0.17905,0.054411,-0.020947,-0.1218,-0.030551,-0.13702,-0.33104,-0.037773,-0.081067,0.0073537,-0.016839,0.061894,0.0069672,0.014239,0.03699,0.11793,0.18768,0.11307,0.018154,-0.017658,0.043867,-0.092462,0.010642,-0.0034192,-0.099603,0.0053449,0.038626,0.033887,-0.072198,-0.20675,0.095852,-0.0014502,0.057169,-0.07499,0.029855,-0.060142,0.13222,-0.056854,-0.0044489,-0.3643,-0.089479,-0.049643,0.069516,-0.00048898,0.044112,0.098743,-0.018332,-0.11718,0.093478,0.14016,0.09084,-0.15535,-0.097555,-0.016644,0.082538,-0.2112,0.11196,0.03191,-0.026379,-0.033214,0.0050361,-0.075691,-0.041832,-0.063395,-0.16417,-0.074329,-0.0080653,0.13444,0.066872,0.025903,-0.006563,-0.02412,0.092484,-0.030421,-0.21023,-0.048278,0.11788,0.039237,-0.057301,-0.075598,0.070734,-0.06296,0.029061
0.12701,0.20415,-0.026394,0.09685,-0.099396,0.055288,-0.17538,-0.047696,-0.051191,0.057805,0.067543,0.057472,0.090249,0.15288,-0.19589,-0.0062553,0.08259,-0.022779,-0.1537,-0.14502,0.13522,0.015405,-0.004442,0.10836,0.13527,-0.25981,-0.072221,0.13456,-0.051689,0.15809,-0.13568,-0.0062778,0.037624,-0.032986,0.19555,-0.025183,0.085739,-0.050868,-0.11107,-0.043344,0.039571,-0.073541,-0.090344,-0.16699,-0.0014018,0.036186,0.087087,-0.038767,0.17814,-0.11966,0.01149,-0.056796,0.001098,-0.013823,-0.23753,-0.016247,-0.1293,-0.087293,-0.019532,-0.031283,-0.20121,0.030008,-0.099635,0.034752,0.051339,-0.031953,-0.058173,-0.099627,-0.12665,-0.073993,-0.044274,-0.080286,0.11435,0.013624,-0.039916,-0.31044,0.028272,-0.11329,-0.099679,-0.010004,-0.0064157,0.064115,0.045512,-0.26474,0.078777,-0.12124,0.080356,0.16292,0.12633,0.021584,0.23652,0.031919,-0.13602,-0.15227,-0.23613,-0.17728,0.055387,-0.0033177,-0.047873,0.075827
0.091558,0.21364,-0.096773,0.19718,0.046754,-0.10122,-0.29858,0.13066,-0.043026,0.025961,-0.058636,-0.087563,-0.068143,-0.070345,-0.036768,-0.02833,-0.047306,-0.01312,-0.036095,0.1677,-0.059468,-0.038293,0.0088048,-0.046887,-0.1795,-0.071073,0.088096,-0.039587,-0.1225,-0.17057,0.085206,0.0051122,-0.10316,-0.048255,0.047885,-0.006532,0.13103,0.055817,0.023331,-0.080526,0.13435,0.077735,0.086867,-0.078375,0.033023,0.13821,0.04516,-0.1112,-0.030053,-0.073141,-0.041501,-0.14327,0.068505,0.021359,0.010297,-0.010886,-0.019881,0.15199,0.015512,-0.026651,0.10239,0.11602,-0.026935,0.028921,-0.038093,0.060542,0.013049,0.092723,0.060265,0.096541,-0.11633,-0.043327,0.2016,-0.16613,-0.061606,-0.040145,0.08541,-0.086944,0.091615,0.022963,0.0010376,0.10119,-0.036386,0.065258,0.06992,0.040649,0.06563,0.096565,-0.011965,-0.018032,0.018098,0.11131,0.11974,-0.1987,-0.19478,0.091499,-0.093859,0.082011,0.12782,-0.016536
0.068651,0.12862,-0.070782,-0.12325,-0.015034,-0.034771,-0.044806,0.061661,0.078989,0.040354,0.078854,0.0099971,-0.047263,0.18522,-0.045482,-0.03971,0.09277,-0.048713,-0.27561,0.1403,-0.047575,-0.062388,-0.010187,-0.0018059,-0.030196,-0.13546,-0.19135,0.062408,-0.029396,-0.35542,-0.10528,-0.018393,-0.025246,0.10702,0.16756,-0.14168,0.10227,0.074528,0.067762,-0.16651,0.044813,0.013322,0.10122,0.080253,0.019966,0.24126,0.05125,0.023811,-0.071143,-0.022289,-0.03893,0.1083,0.0017398,-0.27488,-0.047373,-0.12783,-0.033177,0.032861,0.037368,0.04483,0.072052,-0.048674,0.11309,-0.033301,-0.084506,0.03027,0.20304,0.060299,-0.057062,-0.00074472,-0.045543,0.047233,0.010828,-0.01966,-0.11981,-0.091951,0.11404,0.033848,0.094948,-0.022982,-0.020031,0.16203,-0.059872,0.056932,-0.050892,0.11931,0.065233,-0.021285,0.068507,0.054797,0.037358,-0.1829,-0.0012921,0.045268,0.15428,0.1648,0.071441,0.19454,-0.093903,-0.13054
-0.09423,-0.025445,-0.048148,-0.013445,0.097245,0.12797,-0.086712,0.055985,0.1007,0.21538,-0.075988,0.0068265,-0.019004,-0.029177,0.041583,-0.0041041,-0.10023,0.064741,-0.014714,-0.11349,-0.09939,0.1246,-0.094839,0.082045,0.055038,-0.086207,0.068141,-0.059194,0.23764,-0.079782,-0.020241,0.17079,-0.11557,0.042503,-0.054999,-0.11995,0.065589,-0.062862,0.1868,0.089559,0.17624,0.066341,-0.098969,0.02076,-0.073797,0.021756,0.17661,-0.030348,0.042784,0.10062,-0.036731,-0.023235,-0.22093,0.055476,0.006391,-0.17328,-0.16026,-0.036628,0.040096,-0.035868,0.030174,-0.076893,0.023878,0.019246,0.018289,-0.040309,0.1176,-0.21632,0.0011832,0.0093066,0.26207,0.088484,-0.062566,-0.046022,0.22409,-0.044506,-0.16644,0.01396,0.029178,0.0096002,0.052395,-0.078226,-0.095628,-0.052225,-0.059477,0.10764,0.16441,0.0379,0.14022,-0.057963,0.1204,0.14428,0.040367,0.019596,0.17991,0.12469,-0.052682,-0.064708,-0.065437,0.07336
0.0060446,0.061957,0.017919,-0.098519,-0.087057,-0.058006,0.053934,-0.14302,0.029752,0.062518,0.030119,0.024249,-0.0099741,-0.14194,0.21982,-0.085176,0.064063,0.045285,0.048653,0.0056542,-0.031049,0.15331,0.09726,0.032653,0.073671,0.031574,0.091232,0.013515,-0.025567,0.091285,0.031673,0.17787,0.029234,-0.053902,-0.056364,-0.063981,0.15381,-0.16415,-0.0036393,0.029505,0.14129,0.030063,-0.017359,-0.035204,0.01909,0.044086,0.028734,0.079837,-0.057804,0.094898,0.062677,0.029912,-0.13295,0.095696,-0.04727,-0.039844,-0.023906,0.13312,-0.056158,0.032963,-0.16168,0.27309,0.16354,-0.13135,-0.027709,0.011953,-0.047873,0.024725,-0.034304,0.28581,0.023651,-0.053791,0.11292,0.10424,0.17101,-0.017777,-0.026164,-0.079465,0.059273,-0.056944,0.1595,0.077642,0.11171,-0.079056,0.096943,-0.12916,0.18296,-0.10356,0.095966,-0.13508,-0.051698,-0.15356,0.13148,-0.072534,0.071313,0.010661,-0.067764,-0.12608,-0.086312,-0.067837
0.11209,-0.036846,0.058494,0.29316,-0.034149,0.021207,0.032192,0.023347,-0.092058,-0.059816,0.1444,0.058611,0.00778,0.048752,0.00092762,0.0074867,0.12852,-0.059065,0.079834,-0.079897,0.019414,0.12117,-0.059244,0.02998,-0.02632,-0.05619,0.031045,0.078203,0.031594,-0.020623,-0.05644,-0.053427,-0.014885,0.12907,-0.13645,0.11104,-0.040499,-0.023848,0.16668,0.0046914,0.11725,-0.016692,-0.059629,0.034185,0.072275,-0.037761,-0.065981,-0.03945,0.2536,-0.12172,-0.032762,0.090743,-0.0086806,-0.15551,-0.02532,-0.040951,-0.05151,0.009284,0.041453,-0.21823,-0.0051878,-0.0085781,-0.28483,0.023108,-0.07038,-0.21257,0.085687,-0.14207,-0.050395,-0.1021,0.093809,0.097786,0.13616,0.052161,-0.084882,-0.00059289,0.083191,-0.097759,-0.20391,0.028693,0.15476,-0.019732,-0.17017,-0.044226,-0.10836,0.028781,0.058464,-0.22204,0.0040472,0.036158,-0.031067,-0.0092026,-0.053336,-0.025218,-0.036265,0.043317,0.062894,-0.026068,0.096732,0.15925
0.08316,0.036724,0.16729,-0.1201,-0.052121,0.10526,0.12647,-0.024206,0.063775,0.026699,-0.026528,-0.13651,-0.1004,0.052891,0.1278,0.068302,-0.0040781,0.18756,0.067438,0.0092163,-0.064562,0.026038,-0.0098816,-0.13993,-0.16086,-0.18515,0.030876,-0.13285,-0.017348,0.027609,0.046296,0.022578,0.19996,0.11662,-0.025083,0.032326,-0.031944,-0.0058603,0.079191,0.1175,0.094357,0.077493,0.0013218,0.046703,0.10799,-0.036294,-0.085076,0.012472,-0.027839,0.097291,0.077493,0.049295,-0.01895,0.18388,0.1329,-0.052743,0.11391,0.13828,-0.07574,0.053578,0.089415,0.023482,-0.20947,-0.050946,-0.20996,0.12036,0.070806,0.13433,-0.11959,-0.070779,0.0051339,-0.095375,0.035805,0.074651,-0.10605,0.06511,-0.013833,0.071251,0.204,-0.023894,0.040555,-0.1172,-0.019315,0.09186,-0.045457,-0.20307,-0.079603,-0.067902,0.018011,-0.078359,-0.18166,-0.13002,-0.065765,0.12688,0.13466,0.042344,0.066443,0.09738,0.1313,0.11007
0.23683,-0.064991,-0.030431,-0.047252,0.017319,0.13836,0.025379,0.181,-0.031493,-0.013268,0.056414,-0.013732,-0.14846,-0.10534,0.044946,-0.01283,0.047136,-0.010784,0.26621,-0.060054,-0.05937,0.095001,-0.022304,-0.077537,-0.10208,0.061494,-0.17807,0.0479,-0.16917,-0.20319,0.16801,-0.10586,0.048803,0.087514,-0.33139,0.18243,0.17067,-0.023968,-0.079685,-0.20904,-0.025629,-0.052695,0.092611,-0.00762,0.19975,0.020363,0.05321,0.099556,0.04663,0.17213,-0.10314,-0.12261,0.031592,0.06871,0.1483,0.068197,-0.034666,0.032496,0.06255,-0.12213,-0.076202,0.0042271,0.021203,0.011987,-0.10037,-0.0067777,-0.10944,0.08375,0.11736,0.034451,0.1086,-0.11738,-0.047103,-0.14006,-0.13222,0.12077,0.14325,-0.16685,0.010107,-0.08787,-0.059609,-0.038827,0.081181,-0.18175,-0.097626,-0.096226,0.076855,0.12746,0.13749,0.057587,0.079697,0.001431,0.1166,-0.06551,-0.036325,-0.12316,0.0041781,0.036579,-0.097046,-0.11126
-0.12464,-0.094737,-0.064837,0.16902,0.028568,-0.0026296,-0.13255,-0.087361,-0.10804,-0.18519,0.068305,0.073767,0.036532,0.13488,0.059144,-0.045127,-0.11195,0.025926,0.01893,-0.11008,0.044556,-0.089157,-0.033401,0.060713,0.031517,0.13197,0.029562,0.096718,-0.060804,0.10349,-0.014204,-0.099685,-0.048679,-0.073882,-0.036453,-0.011276,-0.065909,0.11253,-0.0090505,-0.16036,-0.17199,0.083022,0.1284,-0.038647,-0.024096,0.15054,-0.19983,-0.15209,0.023518,0.037458,-0.09753,-0.12205,0.10769,-0.02379,-0.0012012,-0.037827,-0.10335,-0.12304,0.046883,-0.10758,0.020387,-0.11709,0.064544,0.12441,0.060238,0.09165,0.038741,0.12278,-0.047777,-0.096452,0.019323,-0.038776,-0.16882,0.017478,-0.03509,-0.26718,0.065114,-0.038268,0.083887,-0.25031,0.030824,0.10307,-0.13068,0.042659,0.027482,-0.028285,0.040978,0.0072561,0.088769,0.073484,0.11767,0.2129,-0.10285,-0.14127,0.11363,-0.032655,-0.095468,0.039433,-0.13607,-0.038461
-0.11596,-0.0069281,0.15585,-0.076839,0.11954,-0.1477,-0.081725,0.069712,0.10373,0.015451,-0.02166,-0.060224,0.22922,0.072783,-0.06178,0.067883,-0.052946,0.079483,0.035737,-0.084749,-0.0669,0.086791,0.066854,-0.084495,0.20699,0.020063,-0.056473,-0.023484,-0.021244,0.090758,0.056788,-0.066947,0.10473,0.10379,0.032436,-0.026294,0.16183,-0.073776,-0.06307,-0.071152,0.0032538,0.016769,0.1935,0.084242,0.084088,0.14457,0.051423,-0.019658,-0.21129,0.09406,-0.082666,0.018831,-0.033946,0.012293,0.074249,-0.16897,-0.0027366,0.038085,-0.12587,0.095164,0.025506,0.021011,-0.083836,-0.19976,-0.094051,0.029846,0.031681,-0.080271,0.14773,-0.031475,0.079686,-0.038243,-0.071177,0.068887,-0.04629,0.06849,0.021476,-0.050598,-0.11522,-0.13032,0.00048054,0.27071,-0.014783,-0.076171,-0.092502,0.097495,-0.18252,-0.17363,0.15772,-0.041559,-0.1069,0.07636,0.019543,0.04335,0.018318,-0.1743,-0.087981,0.051842,0.090052,-0.12332
-0.096423,-0.023491,-0.093134,-0.066495,-0.1879,0.15321,-0.052484,-0.053871,0.072842,-0.041025,-0.10945,0.13692,0.096812,-0.20254,-0.16657,0.046757,-0.053853,0.016087,-0.14678,0.061053,-0.02795,0.069011,0.13506,-0.24724,-0.047195,0.028943,-0.26882,-0.0054592,-0.12955,0.11504,0.048122,0.12671,-0.073328,-0.0018965,0.049454,0.13903,-0.070235,-0.17474,-0.052764,-0.052948,-0.091253,-0.0082871,0.03484,-0.036644,0.26422,-0.03262,0.11012,-0.057886,0.20507,-0.1342,0.033035,-0.0137,0.096498,-0.042275,-0.17997,0.067562,0.10104,-0.065,0.082727,-0.16417,0.0039166,0.082645,-0.075563,0.071331,-0.0053679,0.030859,-0.086353,-0.03548,-0.11371,0.033079,0.0050564,0.077613,-0.0085567,-0.11455,0.039506,0.12936,0.019108,-0.12833,0.087903,0.12549,-0.0061105,-0.036353,0.080075,-0.041996,0.0028199,-0.068057,-0.090569,0.16042,0.11994,-0.025804,-0.21329,-0.081875,-0.017814,-0.21583,-0.031125,-0.071885,0.036383,0.10764,0.078466,0.10369
-0.075142,-0.083504,0.11786,-0.0079773,0.044643,0.13872,0.17384,0.10624,-0.086952,0.11681,0.13095,-0.022398,-0.068386,-0.067182,0.15569,-0.049575,-0.1032,0.047603,-0.016613,0.0018016,0.0848,0.04247,-0.010482,-0.043027,0.15374,-0.086277,-0.054557,-0.065292,-0.054666,-0.10444,-0.14528,0.21284,0.10269,0.093117,0.082616,0.084335,0.13549,-0.0091806,-0.019922,-0.1362,0.048662,0.019452,0.073777,-0.083615,-0.0097862,-0.069513,0.14674,0.1628,-0.0082876,0.060021,-0.17345,0.12134,-0.029773,0.024637,0.12098,-0.15141,-0.16419,-0.039502,0.26638,0.12154,0.009322,-0.067025,0.20348,0.023487,-0.0802,0.038872,-0.025958,0.13598,-0.02451,0.006477,0.042146,0.14173,-0.23914,-0.11078,-0.043111,-0.12133,0.037866,0.027932,-0.022489,-0.11917,0.14534,-0.059172,0.023629,-0.086565,0.091135,0.044136,-0.11021,0.10934,0.11188,-0.032634,0.041732,0.073521,0.12463,-0.095558,0.057995,0.12709,0.064853,-0.0081249,-0.1207,-0.073672
-0.13534,0.050233,-0.023262,-0.023847,0.032792,0.056818,0.071962,-0.097928,0.10878,0.065238,-0.071821,-0.12676,-0.03841,0.086423,-0.11722,-0.047022,0.228,-0.13417,-0.040362,0.098154,-0.16004,-0.15372,-0.033603,0.17031,-0.015909,0.27965,-0.087924,0.081524,-0.2882,0.013561,0.090838,0.22187,0.10161,-0.023289,0.0081105,-0.066478,-0.042488,0.087443,0.15721,0.1932,-0.23607,0.16824,-0.027043,-0.073955,0.17867,-0.085034,0.031007,-0.071788,-0.1258,-0.024581,-0.04851,-0.017467,0.11676,-0.006353,0.14922,0.095099,0.13684,-0.20299,0.022977,0.064482,-0.036672,0.16879,0.27451,0.10098,-0.073447,-0.11484,0.060563,0.077726,-0.16682,-0.013198,0.1689,-0.011322,-0.053941,-0.026125,0.099875,-0.048464,-0.026354,0.043012,-0.046332,0.031611,-0.012773,0.058384,-0.098903,0.058517,0.034551,-0.088189,-0.0031922,0.070207,0.11048,0.032266,-0.07067,-0.099378,-0.0056939,0.034748,0.028304,-0.15582,-0.057107,0.088347,0.016211,-0.18681
0.27752,-0.075547,0.0062681,-0.004067,0.13394,0.050188,-0.0022895,0.0025849,-0.11463,0.041634,0.094661,0.10014,-0.046228,0.037755,0.0028525,-0.044045,0.083853,0.10901,-0.22741,-0.035665,-1.9476e-05,-0.028401,0.032119,-0.088394,0.039995,-0.08865,-0.11172,0.061621,0.026419,0.009307,-0.19022,-0.085254,-0.0036925,0.040582,-0.19822,-0.10677,0.042843,-0.055005,-0.19062,0.010457,-0.066661,0.15398,0.077037,0.022515,-0.0058033,-0.15117,-0.068287,0.0087625,0.050593,-0.099975,0.17355,0.098449,-0.035848,-0.064119,0.04114,0.061516,0.01658,0.040836,-0.049838,-0.097221,0.022032,-0.11047,-0.24777,-0.021915,0.12112,0.10459,0.075066,-0.10093,0.018226,0.044411,0.22093,-0.14412,-0.044145,0.10193,-0.061684,-0.0067172,-0.053227,0.056065,-0.088374,0.030954,-0.011218,-0.19227,0.059016,0.033858,-0.097602,0.031569,-0.085331,-0.08527,0.10135,-0.073982,0.062111,0.081409,-0.040552,-0.16863,0.13307,0.079143,0.052736,0.10204,-0.11675,-0.12238
-0.091868,-0.01155,-0.085958,-0.11196,0.049593,0.056549,0.09613,0.11841,0.1353,0.016439,0.14262,0.031814,-0.16637,-0.034482,0.15819,0.087106,0.056533,0.16341,0.011987,0.045951,0.13802,-0.10341,0.088801,-0.0076598,0.087269,0.12627,0.12437,-0.11543,-0.057156,0.0074746,0.048503,0.082516,0.038298,0.072952,0.12632,0.022329,0.015505,-0.080156,-0.052669,-0.036256,-0.014911,-0.0358,-0.045573,0.14543,-0.003057,-0.029386,0.003868,-0.021804,0.032739,0.053117,-0.053676,0.25398,0.053354,0.098468,-0.035506,0.21544,0.044471,-0.051741,-0.16305,0.033219,-0.037678,0.14912,-0.0057498,-0.029066,0.10468,-0.11313,0.029519,-0.19765,0.11961,-0.046006,-0.023321,0.094754,-0.041475,0.11213,-0.07492,0.091258,-0.16196,-0.010037,-0.098382,-0.048456,-0.1255,-0.14152,0.047749,-0.076954,0.11556,-0.12716,0.10406,-0.0063691,-0.012204,0.10954,0.099623,0.019701,0.13868,-0.063506,0.059967,-0.022858,-0.28844,-0.01324,0.054708,0.075485
-0.00073577,-0.027958,-0.10675,-0.020587,0.055588,0.0036046,-0.22542,0.095077,0.0087587,0.052983,0.041447,0.05094,-0.085604,-0.037732,0.0343,0.13427,-0.14026,0.067693,-0.12648,0.13754,-0.065692,0.20037,0.065713,-0.030678,0.1833,0.15104,0.16662,-0.032442,0.097185,-0.0042668,-0.050966,0.070376,-0.24795,0.002496,-0.093867,0.024475,-0.19141,-0.024919,-0.080189,0.14474,0.044743,0.035108,-0.11406,-0.0091464,0.018825,-0.11029,0.059271,0.013406,0.010274,0.11026,0.0002423,0.0032025,-0.024376,-0.02669,0.10592,-0.071615,0.10828,-0.1112,0.096668,-0.07094,-0.015389,-0.13186,-0.041631,0.042288,-0.25915,0.0022296,0.033639,0.053547,0.025085,0.070199,0.0074701,-0.023266,0.0059518,0.22262,0.0266,0.081613,-0.053539,0.26918,-0.08514,0.047792,0.2057,0.16535,-0.092684,0.091341,0.0012432,-0.0362,0.059032,0.08286,-0.12564,-0.031198,-0.14358,0.089083,-0.21748,0.017313,-0.12193,-0.075223,0.0033731,0.014061,0.24337,-0.16484
0.048073,-0.029969,0.051543,0.0078242,-0.094668,-0.035901,0.0095782,0.021684,-0.17906,-0.027061,0.19971,0.12781,-0.12799,-0.029362,-0.25985,-0.16704,-0.029734,-0.053557,0.15346,0.1214,0.037038,0.072129,0.095324,0.046728,0.030577,0.1165,-0.11998,-0.081226,0.10283,0.030757,0.074368,0.076252,0.026643,-0.11897,-0.098986,-0.058908,-0.13924,-0.054474,-0.058584,-0.098391,0.088188,0.093216,0.10329,0.063206,0.13118,0.10459,-0.045433,0.16208,0.092469,0.021574,-0.15691,-0.14289,0.067649,0.044744,-0.029786,0.22432,0.059704,0.021049,0.15421,-0.015073,0.066884,-0.15054,0.11543,-0.0025488,-0.15788,0.02952,-0.066282,-0.042137,0.12148,-0.026659,-0.080548,0.032966,0.072805,-0.14639,-0.10745,0.085536,-0.16346,-0.073454,0.11277,-0.14177,-0.22624,-0.039928,0.038891,-0.092267,0.17065,-0.007987,0.063206,-0.028604,0.078504,0.11961,-0.0014879,-0.043623,0.13269,0.087515,-0.11275,0.011052,0.014474,0.06006,0.084271,0.016196
0.10256,-0.024507,0.23776,0.21785,-0.0052198,-0.0074986,0.054057,-0.1401,-0.063714,-0.030904,-0.027752,-0.050617,-0.013623,0.15901,0.038445,-0.035896,0.029614,-0.17367,-0.101,0.034153,0.080605,-0.12815,-0.033841,-0.049002,-0.14057,0.034369,0.28424,-0.022243,0.056636,-0.044359,0.16529,0.063238,-0.13185,0.1198,0.088932,0.067565,0.20006,0.040995,-0.051511,0.1832,-0.088691,0.10016,-0.053228,0.095173,-0.041903,-0.011715,-0.035312,0.030369,-0.053909,0.11948,-0.15567,0.060566,-0.0030319,0.054377,-0.053451,-0.024603,0.042985,0.054286,-0.076537,-0.29408,-0.16991,-0.11069,0.029983,-0.026883,0.00095592,-0.2669,0.005319,0.066057,0.10693,-0.032353,-0.10086,-0.10151,0.19227,0.048236,-0.065884,-0.056131,-0.16461,0.056958,-0.14349,-0.10775,0.0033775,0.018936,-0.036644,-0.12487,-0.14505,-0.020131,-0.034926,0.032684,0.05755,0.010992,-0.0090241,0.00044676,-0.04408,-0.050934,0.066468,-0.069901,-0.14281,0.07158,0.070003,-0.013441
-0.024665,0.10285,0.027929,-0.01943,0.14036,-0.1136,0.056585,0.11146,-0.13066,-0.12129,0.074393,0.092108,-0.061521,0.063042,0.10699,-0.054617,0.15899,-0.14432,0.0089337,-0.036224,-0.051218,0.065022,0.054242,-0.089926,-0.030609,-0.051701,-0.11349,0.20269,-0.041335,0.11828,0.058644,-0.012311,0.039184,-0.064866,-0.001026,-0.11337,-0.12136,-0.22946,0.069782,0.023981,-0.11916,0.18396,0.073067,0.20193,-0.016637,-0.067387,0.1343,-0.058768,-0.079999,0.13207,-0.09741,-0.04181,-0.10269,0.013058,-0.069533,-0.10309,-0.016068,0.023359,-0.0027435,0.16938,0.069195,0.18172,0.11341,0.11978,0.085001,0.061624,0.017235,0.20403,-0.19294,0.052631,-0.34531,-0.024311,0.055171,-0.2062,0.075659,-0.15422,-0.1392,-0.018489,0.14122,-0.0011456,0.034131,-0.029306,0.00066134,0.072615,-0.015672,0.1112,-0.02751,-0.086348,-0.064863,0.18511,-0.025749,-0.12864,0.093124,0.079434,0.00099224,-0.048293,-0.047208,0.11161,-0.090728,0.20816
-0.195,0.053191,-0.052689,0.066538,0.029233,-0.008927,0.013519,-0.15998,0.17735,-0.030242,0.028182,0.052327,0.14351,-0.037877,0.092043,0.019755,-0.079728,0.19151,0.041975,0.026106,-0.043122,0.075094,-0.0048235,-0.1812,0.0042135,0.069673,0.03122,-0.10132,0.19687,0.11244,0.20195,-0.058169,-0.1006,0.12202,0.11468,0.013591,0.098529,-0.26946,0.094967,-0.081067,-0.0032581,-0.027651,-0.10265,0.018024,0.1303,0.027845,-0.092615,-0.040367,0.079162,0.12575,0.13385,0.034664,-0.068783,-0.012561,-0.11893,0.055963,-0.0094988,-0.10506,-0.018025,-0.026035,-0.073174,0.0070694,-0.17875,-0.064089,-0.018403,0.23369,0.010694,0.021116,0.079774,0.049712,-0.087635,0.18592,0.025451,0.029289,0.073067,-0.068304,0.051734,-0.050312,-0.10971,0.078786,-0.10804,0.098212,-0.027674,-0.21877,0.00064592,0.0080757,0.034331,-0.020421,0.058452,0.026787,0.098571,0.01807,0.19505,-0.092041,0.060834,0.086274,0.24596,-0.038184,-0.2303,0.10253
-0.052765,0.19177,0.12081,-0.036514,0.01848,0.19521,0.051677,0.15049,-0.13978,0.24825,-0.096536,-0.11822,0.022032,0.019282,0.092301,0.0023354,-0.16219,-0.12877,0.11438,0.17367,-0.076347,-0.076688,-0.046209,0.17771,-0.18096,-0.01657,-0.054816,0.14899,0.027846,0.14525,0.063779,0.014262,0.059559,-0.25768,0.19415,-0.014326,-0.058692,-0.077523,0.063753,0.012711,-0.050367,-0.037804,-0.10855,-0.039998,0.047546,-0.080048,-0.081505,-0.042046,0.011615,0.04419,0.023569,-0.16233,0.16421,-0.026755,-0.061,0.06363,0.1805,0.015796,-0.08006,0.12375,-0.023287,0.077866,0.072943,-0.026724,-0.14096,0.11355,0.058629,-0.026824,-0.25741,0.020549,0.11021,0.10791,0.082187,-0.036087,0.055358,-0.10301,-0.092246,-0.011566,0.020856,-0.04462,0.10621,0.096583,-0.17565,0.10822,-0.00074435,-0.072888,0.021291,-0.11935,-0.070097,-0.043562,0.14997,-0.16916,0.034981,0.030709,0.020561,0.00070713,0.053986,-0.11162,0.024119,0.12901
0.017886,-0.052591,-0.0064158,0.12583,0.1148,0.020719,0.053908,0.047842,0.10664,-0.13371,0.024,-0.066993,0.076906,0.0030877,0.10377,-0.13404,0.030683,-0.0040406,-0.026354,-0.25771,0.12643,0.087104,0.088675,0.04229,-0.13233,0.18718,0.051012,-0.054251,-0.16968,0.11901,-0.17838,0.039662,0.024788,0.032494,-0.041724,-0.04358,0.023256,-0.12792,-0.13164,0.018881,-0.14786,0.0008156,0.10989,0.0043565,0.0088223,-0.036789,-0.039664,0.21871,0.08512,-0.0056144,0.12212,0.077252,-0.020184,-0.2995,-0.024946,0.06964,0.021465,0.18519,0.060003,0.042423,-0.07795,-0.0014394,0.069684,-0.17369,-0.087778,-0.095145,0.11131,0.16128,0.048702,0.012404,0.068529,0.047394,-0.014777,0.034163,0.046196,0.036299,-0.20741,-0.066975,-0.054799,0.017517,0.12203,-0.070368,0.090454,0.044237,0.1523,0.082539,0.11266,0.014724,0.052245,0.13399,0.0023022,0.085656,-0.040868,-0.10092,0.04672,0.043325,0.0084145,0.17889,0.077131,0.0507
-0.11465,0.19278,-0.16571,-0.16728,-0.17354,0.082922,0.051928,-0.084151,-0.017391,-0.068355,0.068602,0.10153,0.0988,-0.14372,0.08272,0.24818,-0.25113,0.018126,-0.13121,-0.16964,-0.17216,0.16726,0.019023,0.095756,-0.10367,0.12368,0.067911,-0.046927,0.010639,0.11668,-0.015255,-0.033459,0.097855,0.00092487,-0.12764,-0.1925,-0.065497,-0.0024969,0.17022,0.27788,0.13009,-0.24237,-0.052753,0.033028,0.031822,-0.069924,0.040706,0.10879,-0.01711,0.040125,-0.10718,0.1667,0.030108,-0.039009,0.0096563,0.073148,-0.10769,0.019666,0.21192,0.12349,-0.046132,0.10776,-0.011497,-0.0050661,-0.069211,0.054347,0.12021,-0.17805,-0.0045508,0.016361,-0.080699,-0.021139,0.020296,0.06909,0.0024851,-0.06451,-0.11987,-0.031365,0.0082172,0.051477,0.03609,-0.01104,0.14529,-0.083862,0.047632,0.043441,0.093953,0.062695,0.22254,0.12251,0.13781,-0.17305,0.033393,-0.024673,-0.19638,0.18928,-0.27882,-0.044155,0.0024548,-0.019991
0.033085,-0.070193,-0.15643,0.10896,0.046313,-0.029614,-0.046277,-0.064372,-0.094258,0.061219,0.19043,0.015054,0.077914,0.14021,-0.018824,0.081752,0.075752,-0.13725,-0.030209,0.0848,-0.12308,0.20909,0.21977,0.015919,-0.069676,-0.074265,-0.13895,-0.077416,0.22636,-0.033049,0.13793,-0.00091221,-0.10974,0.15876,-0.13889,-0.11388,0.012297,0.025861,0.047677,-0.0061758,0.069881,-0.019466,-0.046006,0.11099,0.049653,0.089679,0.011677,-0.025843,-0.10509,-0.075821,-0.12585,-0.064102,0.16012,-0.16053,-0.044135,-0.013915,0.057102,-0.11379,-0.0086279,0.1375,0.079829,0.034352,0.071384,0.18101,0.099839,0.1092,0.004899,0.12504,-0.13598,0.014743,0.024802,0.015237,-0.011412,0.027624,-0.015562,0.078673,0.07894,-0.010732,-0.085251,0.081873,0.11142,0.12312,-0.042296,-0.08393,0.0066735,0.014269,0.0072933,0.055025,0.023114,-0.037811,-0.090983,-0.035644,-0.1963,0.20522,0.14575,0.0070549,-0.26222,0.013796,0.10383,0.19846
-0.13325,0.030151,0.20774,-0.051871,-0.050699,0.038498,-0.17455,-0.099618,0.11326,0.25425,0.029567,-0.057013,0.078851,0.06033,-0.07594,0.069603,0.028059,-0.054992,-0.031323,-0.043437,-0.079123,-0.0081567,-0.19239,-0.061046,0.17119,0.29896,0.040181,-0.22878,0.078618,-0.09237,-0.0096494,0.19768,0.023837,0.035918,0.049968,-0.03649,0.049909,-0.057948,-0.022878,0.075297,-0.086943,0.049301,-0.13239,-0.094647,0.040644,-0.056704,-0.039299,-0.072626,0.092566,-0.12917,0.029883,-0.011772,-0.031818,-0.16299,-0.14248,0.082529,0.057777,-0.2503,0.029231,-0.035771,-0.13194,0.023426,-0.014535,0.080342,-0.1347,0.0059405,-0.04949,0.038273,-0.0094041,0.012185,0.094673,-0.31145,-0.048251,-0.053019,0.069384,0.01004,-0.03793,-0.039359,0.29621,0.074898,0.061165,-0.2256,0.16218,0.0036636,0.22878,0.11207,-0.22466,-0.093278,-0.058692,-0.20052,0.019993,0.020728,0.040012,-0.012422,0.018566,-0.12115,-0.066016,-0.17757,0.047784,-0.10127
0.10053,-0.051369,-0.14871,0.042821,0.038687,0.10363,0.063818,0.24255,0.038361,0.018322,-0.10958,0.14324,-0.015473,-0.25673,0.12736,0.20755,-0.16179,-0.10036,-0.094205,0.070257,0.11528,-0.056504,0.097316,0.020871,0.10321,0.14924,-0.16533,-0.17464,0.047399,-0.078476,-0.19987,0.034794,-0.20784,-0.02808,-0.06945,0.085386,0.037859,0.19023,-0.087061,-0.14508,0.18415,0.01223,0.17806,0.0067581,-0.067973,-0.11002,0.066127,0.02422,0.19107,-0.11164,0.057242,0.0084699,0.072056,0.1296,0.11341,-0.037091,-0.030226,0.049803,-0.018512,-0.10695,-0.044014,-0.26179,-0.16281,-0.056557,-0.013205,-0.081105,0.13969,-0.079532,0.058601,0.1688,-0.10374,-0.19664,0.032541,0.061209,0.089798,-0.14118,0.049325,0.17763,0.049131,-0.26582,0.022836,0.048377,0.010645,-0.11575,0.082074,0.16178,-0.14422,0.12978,-0.027356,-0.06004,-0.11154,-0.034313,-0.035977,0.0041796,-0.016319,-0.070997,0.0082328,-0.14341,-0.0046982,-0.11633
-0.071113,0.062241,-0.088838,0.08395,-0.065342,-0.27511,-0.0035628,-0.010442,-0.15111,0.044152,0.16567,-0.010231,0.027094,-0.0058596,-0.10375,0.027523,0.027853,0.062435,-0.07489,-0.0070557,0.062794,-0.017132,-0.01437,-0.028952,0.058361,-0.12461,-0.12706,-0.044049,-0.21657,0.0002853,-0.015419,0.087999,0.045407,-0.12541,-0.13014,0.20165,-0.0094311,0.050717,0.055401,0.14198,-0.11608,0.13836,-0.086857,0.14103,0.018421,-0.15201,0.087877,0.12124,0.027624,-0.082013,-0.0094503,-0.045129,0.0069095,-0.17563,0.11075,0.059548,0.039108,0.1548,0.067768,0.016183,-0.097361,-0.072445,-0.019016,0.028664,0.11678,0.022941,-0.075099,-0.11546,-0.05841,0.027177,-0.096291,-0.13015,0.031308,0.12349,-0.062962,0.034134,-0.011382,0.12367,-0.022746,0.13817,0.027514,-0.0022864,-0.10083,0.16386,0.091191,-0.0039544,0.015444,0.077918,-0.14393,-0.023949,-0.17183,-0.043727,-0.10301,0.13113,0.048361,-0.12218,0.0056607,0.1935,-0.051686,0.029563
-0.035104,-0.0219,0.048885,0.04216,0.049842,0.085783,-0.14948,-0.1126,0.1453,0.24033,0.011028,0.0299,0.1558,0.10188,-0.062058,-0.163,0.16291,0.12811,-0.20561,0.09044,-0.013648,0.057823,0.046396,0.04912,0.024215,-0.051075,-0.040344,-0.12992,0.054428,0.079541,0.21154,0.028481,0.068769,-0.057949,-0.080884,-0.069524,-0.17776,0.0053497,-0.0985,0.014156,-0.0013837,-0.006309,-0.16231,0.14116,0.0011383,-0.12993,-0.04257,0.13307,0.12316,-0.128,0.11807,0.015991,-0.050796,0.060658,0.10224,-0.050148,0.12785,0.078226,-0.087413,0.11706,-0.058982,0.092949,0.020758,0.11697,0.053905,-0.042637,-0.034659,0.066113,-0.027274,-0.092124,-0.079438,0.053899,0.17587,-0.20135,-0.027957,-0.057792,0.086482,-0.10448,-0.078271,-0.19451,-0.097939,-0.0059841,-0.21725,-0.076338,-0.10973,-0.18306,0.0033063,0.0020259,0.028183,-0.068621,0.018098,-0.046976,0.027577,0.052456,-0.043498,0.013756,-0.14238,0.0086865,0.04617,-0.0065756
0.11208,0.062658,-0.056181,0.0094621,-0.061396,-0.12477,0.017195,0.0085197,-0.054138,-0.10541,0.20941,-0.057312,-0.050403,-0.095423,0.004523,0.042178,0.13491,-0.056328,0.078999,-0.0049251,0.042996,0.1281,0.096704,-0.16358,-0.040058,0.078453,0.00098277,0.0011333,0.028347,0.037618,0.090214,-0.04265,-0.052486,-0.02255,-0.025165,0.093501,0.062128,0.085447,0.063236,0.0021919,-0.11503,-0.20789,-0.10048,0.009501,0.10899,0.014118,-0.047285,0.027367,0.084637,0.1071,0.10716,-0.091574,0.014406,0.045885,0.093409,0.059373,0.14767,-0.10143,0.079533,0.085806,-0.095393,0.17229,0.017663,0.14469,0.13756,-0.13795,0.04368,-0.035015,-0.015628,-0.17571,-0.00072806,0.0050154,-0.10989,0.046501,0.034179,-0.011959,-0.025944,-0.013827,0.087812,0.043471,-0.10859,-0.10435,-0.05359,-0.035956,-0.071433,0.003429,-0.040096,-0.05237,0.1092,0.14412,-0.069718,-0.17863,-0.15132,-0.23252,0.079695,0.051647,-0.084208,-0.093262,0.057042,0.095046
0.048933,-0.18557,-0.13966,0.11458,0.21088,0.089734,-0.06517,-0.11971,-0.019382,0.14449,-0.21506,-0.086373,0.064366,-0.045261,0.11607,-0.062469,-0.23596,-0.097108,0.018096,-0.067365,-0.26138,-0.0092159,0.10471,-0.0047684,0.043713,-0.07677,-0.14479,0.082151,0.060297,0.032308,-0.12335,-0.15602,-0.30234,0.045087,-0.034227,0.082194,-0.082125,-0.14607,0.047288,-0.034686,-0.082775,0.11945,0.086401,0.036172,-0.070477,-0.033399,0.028146,-0.055199,0.12413,0.02405,-0.1449,0.027306,-0.018344,-0.13986,0.039601,-0.1855,0.1159,-0.0020761,0.057166,0.09507,0.020698,-0.072871,0.047298,0.00088167,0.011589,-0.054047,0.13325,0.088418,-0.04076,-0.17143,-0.1035,-0.13716,0.11085,0.0041046,0.015459,0.1713,-0.051028,-0.015412,0.011467,-0.028294,0.050933,-0.21855,0.036692,-0.00088815,-0.095915,0.13027,0.13694,-0.27282,-0.019104,-0.022064,0.052978,0.029265,-0.018523,-0.17486,-0.03535,-0.13326,-0.13881,0.059679,0.050186,-0.099362
-0.022626,-0.073296,0.023391,-0.071153,0.0057518,-0.040122,0.079798,-0.038901,-0.049031,-0.19627,-0.013973,-0.122,0.17894,0.24371,0.04645,-0.0224,0.013712,0.048426,-0.15009,0.18185,0.14156,-0.14293,0.065415,0.018854,0.070014,-0.028167,0.046583,0.049493,-0.028302,-0.061878,-0.15368,-0.03822,-0.029034,-0.10936,0.056552,-0.011791,-0.047198,-0.20966,-0.021546,0.034887,0.16166,-0.090537,-0.14743,-0.20062,-0.075526,0.033617,0.0077341,-0.09072,0.032441,-0.15489,0.043869,-0.083488,-0.037305,-0.12765,-0.00044118,0.023597,0.039943,0.091819,-0.17363,-0.018522,-0.022185,0.045268,-0.10592,0.10471,0.038625,0.14227,-0.044895,-0.11446,-0.12438,-0.085785,-0.024881,-0.064757,-0.021341,0.038048,0.21549,0.13067,0.078852,0.06546,-0.19109,-0.11894,-0.037447,-0.095513,-0.038937,-0.21623,0.055593,0.012995,0.014101,0.13231,-0.11894,0.044047,-0.042469,-0.16,-0.055027,-0.044046,-0.084025,0.18789,-0.12218,-0.038586,0.072094,-0.0078789
-0.032334,-0.02946,0.060481,0.13437,-0.034253,0.11299,-0.10095,0.0052389,0.10022,0.1632,0.037799,0.083995,0.16886,-0.064454,-0.11956,-0.077981,0.095923,-0.074799,-0.13169,0.070316,-0.042626,0.0773,-0.031471,-0.082309,-0.054537,-0.07519,0.093884,0.10656,-0.074125,-0.18865,-0.010348,-0.15426,-0.010737,0.042032,0.15024,-0.064276,0.072506,0.17742,-0.045615,-0.038701,-0.015002,0.028448,-0.12657,-0.099538,0.10096,0.041365,-0.024771,-0.023598,0.18779,0.035099,-0.039442,0.049276,-0.071256,-0.11537,-0.057047,-0.11798,0.01138,-0.012685,-0.054147,-0.0061487,0.19691,-0.24042,0.10592,-0.23056,-0.08601,-0.065208,0.050107,0.056965,0.02614,0.15714,0.039958,-0.018691,-0.10892,0.059684,-0.031578,0.021744,-0.036646,-0.12596,0.12561,0.016127,-0.067527,0.04598,0.01493,-0.2563,0.060941,-0.23016,0.1547,0.04994,-0.16804,-0.15372,-0.11443,-0.001543,0.056158,0.095343,-0.042813,0.044584,0.050722,0.040573,-0.024068,-0.040855
0.01849,0.10078,-0.048618,0.12886,-0.076762,-0.035992,-0.016357,-0.061342,0.079189,0.13618,0.076034,-0.061292,-0.026322,0.052796,-0.0023359,0.071215,-0.12315,-0.020405,0.099717,-0.050363,-0.052175,0.029089,0.10526,-0.092099,0.031009,-0.022409,0.075664,-0.1214,0.041863,0.088637,0.0045616,-0.054618,0.15777,0.1501,0.11173,-0.03536,-0.067304,0.034687,-0.13132,-0.14108,-0.047505,0.039207,-0.088744,-0.03717,0.10002,0.12328,-0.095845,-0.0024009,0.12294,0.048328,-0.062246,-0.033065,-0.072816,0.0059456,0.12256,-0.057151,0.11223,0.12081,0.12659,-0.010526,0.11844,-0.10542,-0.0013805,-0.068347,0.048034,0.026072,-0.12434,0.15335,0.0049686,0.018304,0.16657,0.077873,-0.037578,-0.093385,-0.01072,0.057724,-0.099868,0.1991,0.0056709,-0.0022859,-0.032743,0.057177,0.057411,0.074675,0.022635,0.018011,0.26243,-0.024014,0.12557,-0.20748,-0.14449,0.020055,-0.036425,-0.042628,-0.1324,-0.017492,-0.18104,-0.029998,0.16679,-0.012226
0.1529,-0.025432,-0.069198,-0.0050821,-0.030692,-0.17906,-0.17359,0.049876,0.04146,-0.064678,0.12719,0.12665,0.22455,-0.094416,-0.074221,0.016396,-0.13074,-0.026551,0.15944,0.17697,-0.0079879,0.031616,0.063863,-0.10018,0.003162,0.14662,-0.24594,-0.065569,0.072319,-0.041613,-0.081457,0.01127,0.11481,-0.043331,0.035646,-0.18107,0.011203,-0.037285,-0.083079,-0.12307,-0.11939,-0.040899,0.24124,-0.036047,-0.12887,-0.011962,0.024792,-0.075664,-0.13706,-0.036456,-0.075369,-0.018132,0.13716,-0.038033,-0.0040609,0.00094386,-0.13744,0.0072283,0.032071,-0.11457,0.18296,0.12416,-0.052612,-0.014085,-0.11092,-0.002132,-0.072975,0.085574,0.16537,0.08574,0.01931,-0.13331,0.012923,0.0079494,0.18736,0.19522,-0.047048,0.15636,-0.062887,-0.067503,-0.10652,-0.11105,-0.091225,-0.054783,-0.039487,0.020363,-0.01572,-0.026506,0.031382,0.15041,-0.043898,0.058303,0.038358,-0.070715,-0.070035,0.0557,0.070191,0.02194,-0.087637,-0.095629
0.050734,0.0725,0.031861,0.10766,0.09687,0.057661,0.023732,-0.11333,-0.054483,-0.12805,0.12278,-0.005072,0.081577,-0.24205,-0.050226,0.040027,0.096328,0.024924,-0.054295,0.092445,0.055912,-0.21637,0.003712,0.063676,0.1265,-0.15708,0.047949,0.01737,0.022718,-0.034108,-0.17574,0.22237,0.026766,0.2083,-0.085345,-0.0034998,0.166,-0.049654,-0.088529,-0.010018,0.15456,-0.043167,0.23557,-0.098087,0.015617,0.039924,-0.07429,0.07711,-0.052058,0.0338,-0.032249,-0.019501,-0.14789,0.11844,-0.10976,0.014982,0.10925,0.049228,-0.0013795,-0.038191,-0.00020437,-0.15818,-0.073369,0.014531,0.076363,-0.038485,-0.10645,0.034082,-0.0031518,0.057395,-0.17271,0.0012569,0.20619,-0.067576,-0.034854,-0.0016385,-0.039399,-0.052896,-0.19554,-0.099062,-0.062009,0.096671,-0.046276,0.042918,-0.12604,-0.048473,0.069432,0.010479,-0.048319,-0.045985,-0.035654,0.19022,-0.053315,0.0030082,0.14291,0.19097,-0.088723,0.097608,-0.12459,0.037018
0.17301,0.15949,-0.044902,0.041187,0.024274,-0.027813,-0.075842,-0.014274,0.18086,0.10514,-0.12715,-0.029419,-0.13467,0.069664,-0.044071,0.030748,-0.13952,0.12019,-0.12153,0.076843,-0.10794,-0.13696,-0.17526,-0.1749,0.12888,0.15021,0.053366,0.049122,-0.12065,-0.093012,0.18629,-0.13612,-0.056879,0.060678,-0.044896,-0.092986,-0.085841,-0.032049,0.072368,-0.050689,0.047364,0.13197,-0.064364,0.10198,-0.015037,-0.025851,-0.12267,-0.15337,-0.052638,-0.023305,-0.039301,0.034347,-0.1531,0.098531,-0.11255,-0.066523,0.021239,-0.0042777,-0.24399,0.021554,-0.061916,-0.095386,-0.0033585,-0.10272,0.11384,0.034167,-0.00085387,-0.070951,-0.17644,-0.055739,0.23153,-0.027107,-0.037561,0.043755,0.15957,-0.16352,-0.042487,-0.059692,0.15932,-0.086062,-0.061764,0.018833,-0.026156,-0.088225,-0.038737,0.16193,-0.010336,-0.11739,0.093624,-0.017626,-0.063248,0.020234,0.033431,0.0028775,-0.01324,0.14373,0.12475,0.015906,-0.016654,-0.03568
0.11952,0.091912,0.20181,-0.17949,-0.012323,0.042646,-0.042345,0.0004002,0.1012,-0.084716,0.033179,0.020155,-0.0054593,-0.059525,0.035052,-0.10368,-0.061415,-0.057718,0.045676,-0.034667,0.041311,-0.11112,-0.073697,0.18877,-0.042942,0.057247,0.043194,0.029155,-0.0083493,-0.031015,-0.0027574,0.11472,0.017017,-0.032511,-0.0083562,-0.15365,-0.033112,-0.068482,-0.064584,0.064517,0.018892,-0.015238,-0.022294,0.12545,0.12327,-0.02872,0.10971,-0.077565,-0.089147,-0.18302,-0.038404,0.12896,0.082434,-0.039451,-0.036628,0.01192,0.0048388,-0.093876,-0.07777,0.058202,0.036651,0.0811,0.060141,-0.088019,-0.13202,0.093103,-0.095828,0.034706,0.02093,-0.09284,0.11183,-0.01899,-0.0045649,-0.013509,0.080688,0.080699,-0.0041774,0.070989,0.044291,0.00057068,-0.055526,0.0006349,-0.034514,-0.092238,-0.017794,-0.1392,-0.042268,-0.11647,0.055204,-0.093291,0.028788,0.024553,0.022423,0.086325,-0.0025953,-0.05636,0.18303,-0.06732,-0.12444,-0.04288
0.025809,0.07119,-0.1405,0.22322,0.030576,0.093723,-0.33109,-0.15944,0.14629,-0.061727,-0.066257,0.091245,0.19713,0.10659,0.16637,0.20151,0.023045,0.15949,0.17263,0.15734,0.051485,-0.059348,0.062214,-0.0036832,0.013107,0.099316,-0.049653,0.0098507,0.080604,-0.10892,-0.024522,-0.086707,0.018768,0.053037,0.046577,0.024508,0.11881,0.089983,0.044893,-0.10047,0.15928,-0.091937,-0.084924,0.0038609,0.040572,-0.14428,-0.14889,-0.037883,-0.07154,0.12368,0.025702,-0.046209,0.067203,0.042082,-0.1228,-0.019652,0.020915,-0.008121,0.10504,-0.20092,0.055648,-0.047458,-0.10863,0.1748,-0.082432,0.067677,0.099808,-0.15062,0.08257,-0.080548,-0.021501,0.078842,-0.068195,0.069166,0.0031524,0.045978,-0.042872,-0.0046948,-0.089925,0.031791,0.058186,0.1089,0.12896,-0.077154,0.073714,-0.032736,0.15503,0.072213,0.070596,-0.095489,-0.20687,-0.08859,-0.089205,-0.05886,-0.021834,-0.082772,-0.067348,-0.12241,-0.053712,0.031366
-0.062021,0.13776,0.18269,-0.15131,0.065673,-0.10065,-0.10469,0.047837,-0.023656,0.036765,-0.1971,0.024123,0.17718,-0.14203,-0.15362,-0.16284,0.069235,-0.046331,0.0082387,0.17451,-0.12372,0.096326,0.050709,-0.12008,-0.018206,0.045483,0.02692,-0.052757,0.054779,-0.11814,0.22504,-0.078974,-0.13758,0.0022324,-0.090679,-0.0013952,0.041481,0.005523,0.091181,0.14074,0.055987,-0.067267,0.023155,0.050221,-0.2037,-0.0047978,-0.071127,0.026992,0.038693,-0.13765,0.0395,-0.081731,0.17524,-0.054704,-0.14177,0.044063,0.046021,0.011259,-0.0046914,-0.027776,0.098182,-0.20826,0.049877,0.21194,-0.13828,0.1609,-0.077999,-0.041877,0.0028425,0.15093,0.033543,-0.027506,-0.039975,0.0053602,0.13031,0.0429,-0.14312,0.017707,-0.045371,0.10728,-0.0042146,-0.024107,0.0084103,0.10715,-0.051008,0.12394,-0.076284,-0.058108,-0.0043936,-0.019081,-0.11353,-0.030566,0.061489,-0.034896,-0.192,-0.097219,-0.032767,0.062533,-0.12443,-0.018383
0.0041536,-0.015868,-0.15811,-0.21975,0.01957,-0.014765,0.010758,0.065849,0.033333,-0.11474,0.15549,0.056003,-0.10485,-0.088356,0.13556,-0.058497,0.022884,0.024824,0.036722,0.040718,0.052777,0.13785,0.19149,0.02137,-0.12145,-0.041088,-0.22459,-0.050933,0.11904,-0.0074466,0.021135,0.028724,0.17551,0.0070331,0.042144,-0.099351,0.1515,0.081379,0.0086714,-0.058735,-0.12985,0.017243,-0.042188,-0.15386,-0.07334,0.0087352,0.13237,-0.049405,-0.0058522,-0.18377,0.057099,-0.13904,-0.13504,0.13173,-0.029402,0.028889,-0.093259,0.073299,0.056694,0.04422,0.11777,0.065691,-0.0030037,-0.1057,0.1254,0.026415,-0.019018,-0.027254,0.14479,-0.0057585,0.1679,-0.16862,0.050874,0.17755,-0.0042492,0.01745,-0.026368,-0.059053,0.19578,-0.10136,-0.063586,0.042684,-0.12028,-0.090023,0.015746,0.054396,-0.025378,-0.12618,-0.0039629,0.016561,-0.044179,0.10622,0.11593,0.13297,-0.0774,-0.085793,0.036557,-0.23823,0.068687,0.088794
0.014445,0.036621,-0.092605,-0.11351,-0.0063653,0.14314,-0.069227,-0.074949,0.00097693,-0.052588,-0.052659,-0.00042738,0.033936,0.090229,-0.12188,0.1953,0.065889,-0.015531,-0.073711,0.082229,0.08771,0.13194,0.10741,-0.1497,-0.025167,0.034795,-0.032957,-0.063477,-0.024498,-0.14321,-0.08536,0.048725,0.0048229,-0.11922,0.039258,0.036037,0.0052116,-0.047694,-0.082956,-0.056497,0.012861,0.014986,-0.020579,0.03905,-0.043711,0.072632,0.05684,-0.069157,0.081108,-0.21357,-0.078554,-0.091801,-0.032317,-0.10789,0.080571,0.13999,-0.02704,-0.089955,0.12117,-0.0011742,-0.083292,0.036071,-0.061949,0.031827,-0.0029316,-0.065253,-0.15714,-0.091382,0.03745,-0.031248,0.01291,-0.2113,0.0040807,0.040659,0.016464,-0.046586,0.036871,0.19592,-0.047844,0.074369,0.11892,-0.040614,-0.12044,0.073609,0.1927,0.24556,0.060259,0.00018429,0.15979,-0.13332,-0.20207,0.15786,0.0078502,-0.059009,-0.17981,0.091084,-0.042358,-0.018597,0.050655,0.02981
-0.097024,-0.0054125,-0.085589,-0.15724,-0.10164,-0.0703,0.12757,0.048518,-0.040646,0.16395,-0.11384,0.1988,-0.0020477,-0.097411,-0.011304,0.013818,-0.10416,0.11344,-0.14897,-0.036164,0.02537,-0.11417,-0.10433,-0.16933,-0.084471,0.11641,-0.22944,-0.25931,0.011039,0.0016683,0.1126,0.022278,-0.11758,0.15739,-0.071468,0.097834,-0.22394,0.17598,0.046942,-0.099776,0.060539,0.020365,-0.037378,-0.011548,-0.10259,0.069521,0.12068,0.10315,0.086531,0.13528,-0.23318,-0.084914,-0.18568,-0.071993,-0.19283,0.02967,-0.11864,-0.056665,-0.025467,-0.11025,0.090322,0.16558,-0.13016,0.19998,0.0413,0.032004,0.070148,-0.088892,-0.16545,0.051255,-0.11422,0.038311,-0.088628,0.061259,0.10859,0.093135,-0.094048,-0.092099,0.11353,-0.011042,0.014127,-0.16246,-0.20886,-0.047381,0.087222,0.0080751,-0.027246,-0.27108,0.016348,-0.08751,0.08836,0.04283,0.069112,-0.20377,0.025789,-0.070796,0.22838,-0.088907,-0.021933,0.086793
-0.22365,0.047296,0.22964,0.18503,0.020464,-0.17639,-0.046262,0.12719,0.028407,-0.047271,0.18542,-0.12612,-0.17941,-0.066417,0.11566,0.08688,0.21057,0.048525,-0.0093954,-0.013856,-0.14951,0.18602,0.034609,-0.037736,-0.16345,-0.12319,-0.076088,-0.18064,-0.14453,0.23675,-0.11616,-0.17825,0.0099535,0.067619,0.057698,-0.071901,0.29629,-0.014906,0.031888,-0.066887,-0.0087753,-0.015664,-0.14771,0.08361,0.014109,-0.0021284,-0.026634,-0.15291,0.012256,-0.0095545,0.13824,-0.094959,-0.019621,-0.021887,0.033112,0.12066,-0.033637,-0.066784,0.074568,0.21836,-0.18795,0.22289,-0.053488,-0.20179,0.048733,0.11794,0.17752,0.071475,-0.16067,0.0803,0.16284,0.054624,0.027894,-0.059553,-0.046217,0.050585,-0.095645,0.024446,-0.05615,0.09524,-0.012854,0.056155,-0.0013313,0.083732,0.032339,0.010381,-0.076082,0.055985,0.24326,0.0052159,0.039404,0.0074918,0.13505,-0.1614,0.024665,-0.08099,-0.0095223,0.0015863,0.076497,-0.04734
-0.022431,-0.064948,-0.05921,-0.0064232,-0.072586,-0.072433,0.047708,0.074729,0.08291,-0.083324,-0.10008,-0.059282,0.01127,-0.053797,-0.079157,-0.036909,0.033054,-0.0038378,0.046457,-0.033456,-0.039814,-0.17605,0.055828,-0.095292,-0.094849,-0.042636,0.0077973,0.10924,0.10797,-0.098419,-0.047127,0.0030287,0.01247,-0.092597,0.10027,0.016229,-0.15319,0.1047,0.011196,0.13414,-0.0082743,0.011331,-0.10594,0.0040204,0.12408,-0.070921,-0.012734,-0.052373,-0.017109,0.114,0.074622,-0.18008,0.068766,0.056917,0.14574,-0.045671,0.027298,-0.13144,-0.21904,-0.080212,-0.12797,-0.077768,0.16988,0.055029,0.078158,-0.053907,0.0026344,-0.0090959,-0.00051765,-0.15576,-0.044824,-0.083197,-0.062757,0.12521,-0.14319,-0.047687,0.065741,0.034827,-0.030852,0.052881,0.16559,0.059616,-0.021608,-0.29597,0.019278,-0.023014,-0.085287,-0.076695,-0.062252,0.036533,-0.067502,0.015443,-0.078095,0.0443,0.0024722,-0.047455,0.092786,0.093165,-0.033318,0.064434
-0.035707,0.072316,-0.069869,0.056933,0.13515,0.099385,-0.01031,0.015155,-0.083063,-0.12464,-0.022064,-0.035,-0.06658,0.0011809,-0.038497,0.17158,0.012722,0.20185,-0.036023,0.00031386,0.039839,-0.028713,-0.015753,0.1606,0.091233,0.003996,-0.084639,-0.065868,-0.086216,-0.04103,0.14486,-0.092151,6.2759e-05,-0.042601,-0.11262,-0.081351,0.11928,0.071918,-0.17089,0.039542,0.049361,-0.059193,0.21412,-0.0080405,-0.081383,-0.18586,0.046134,0.046282,-0.0058948,0.0684,-0.063189,0.018355,-0.021159,0.026296,0.072879,0.033693,0.01767,-0.035918,0.086331,0.13529,0.070851,-0.011851,-0.044318,0.28376,0.0073661,0.049073,-0.12362,0.16601,-0.011028,0.050578,0.067742,0.088981,-0.036109,-0.056492,-0.024269,0.018853,-0.015832,-0.0042793,0.065317,0.0037111,-0.11253,-0.015276,-0.051888,0.055533,0.042948,0.039772,-0.051043,-0.12315,0.0071888,0.0017976,-0.038446,0.060546,0.021018,-0.043951,0.13379,-0.17294,-0.11016,-0.031072,0.082516,-0.010488
0.19705,0.087935,-0.022989,-0.12841,0.03248,-0.0027279,-0.021171,-0.024452,0.031714,0.2792,0.042659,-0.094702,0.15796,-0.17361,-0.13499,-0.0027752,-0.23498,0.093523,-0.069811,-0.16858,0.074032,0.022119,-0.011167,-0.045997,-0.094912,0.093656,0.036965,0.018796,0.081189,0.0016212,0.18935,0.12873,-0.04843,0.25674,0.0025127,0.039686,0.01829,-0.028251,-0.067724,0.19428,0.08059,-0.10044,-0.037131,0.0031062,0.14458,0.0095916,-0.051463,-0.0059896,-0.11133,-0.073429,-0.060843,0.051029,0.20069,0.1184,0.15221,-0.081555,0.066005,-0.17392,0.017109,-0.08309,0.14402,-0.022554,-0.041075,0.21656,-0.02501,0.1789,0.044164,-0.21122,0.055778,-0.16809,0.16427,0.13766,-0.055712,0.041701,-0.087084,-0.044354,0.051976,-0.033835,0.15686,0.019525,-0.14595,0.078461,-0.063151,0.043746,-0.0010543,0.10212,-0.018701,0.027939,0.0088908,0.12529,-0.13752,0.14787,0.057281,0.086226,0.03026,-0.18994,0.081566,-0.056876,-0.061734,0.056209
-0.058264,-0.1931,0.015849,-0.097735,-0.0027765,-0.070687,-0.19557,-0.12966,0.15417,-0.011333,-0.13546,0.1072,-0.10393,0.013668,0.037552,-0.060184,0.078259,-0.033791,0.059298,-0.061957,-0.10246,0.15069,-0.031399,-0.01849,0.1033,-0.17572,0.16325,-0.066517,0.04682,0.22686,-0.0097384,0.04184,0.24852,-0.089098,0.29641,-0.11814,0.039262,-0.12618,0.036532,-0.12022,0.0084994,-0.042771,-0.1814,-0.1736,-0.14538,0.080458,0.074532,0.030988,-0.044469,0.068923,-0.21819,0.15594,-0.11676,0.1777,-0.19412,-0.068915,0.15691,-0.13818,-0.025258,-0.1832,-0.089877,0.042662,-0.13217,0.050164,0.016588,0.22349,-0.046919,0.0078567,-0.17782,-0.010612,0.094116,-0.12875,-0.092321,0.00026478,-0.065212,-0.15151,-0.0045665,-0.028813,-0.068855,0.024272,0.0083895,-0.19787,0.04422,0.051263,-0.10019,0.10365,-0.074264,0.050431,-0.13934,0.004763,-0.21791,0.025696,0.13444,-0.02893,-0.022786,-0.11293,-0.030526,-0.13948,-0.19613,0.09566
-0.10371,-0.14351,-0.14277,-0.036336,0.045252,0.0553,-0.076253,0.10225,-0.047253,0.22491,-0.11478,0.16721,0.066782,0.039221,-0.023384,0.037311,-0.057366,-0.11015,-0.011158,0.12857,-0.0095108,-0.073339,0.013584,-0.13573,-0.053387,-0.014796,-0.20612,-0.11715,-0.054518,0.03876,0.062234,0.1056,-0.089777,0.058776,-0.10841,-0.038895,0.06734,0.058746,-0.018276,0.064926,0.019892,-0.015926,0.14511,0.027914,0.0037076,-0.00079214,0.1924,0.049281,-0.20212,0.071596,-0.12969,-0.0045442,0.14478,-0.060983,0.13738,-0.070571,-0.12657,0.18282,-0.020463,0.016151,0.054044,0.04403,-0.067867,0.028008,-0.032644,-0.17024,0.06653,0.030695,-0.047346,0.0037717,-0.031946,0.015235,0.16957,-0.081603,-0.021417,0.042759,-0.10375,-0.19953,0.060776,0.26545,0.039718,0.1435,-0.0012215,0.23096,0.1748,0.13954,0.03732,-0.054504,-0.061135,0.00076473,-0.069356,-0.27488,-0.14307,-0.082544,0.18203,0.12019,-0.069876,0.11825,0.023169,-0.011588
-0.096331,-0.16474,-0.013891,0.065192,-0.16313,0.29211,-0.073049,-0.040033,-0.083646,-0.052963,0.013646,0.050526,0.057419,0.19425,0.038026,-0.12308,-0.038172,-0.13012,0.076409,-0.079857,0.040223,0.10687,0.00075005,0.048844,-0.058737,0.083163,-0.14688,-0.06469,0.024666,0.028787,-0.017347,-0.072043,0.11044,-0.11335,-0.0025403,-0.0055689,-0.029228,0.011441,-0.051642,-0.022813,0.052398,0.056856,-0.06923,-0.078401,-0.048978,-0.13263,0.053449,0.057707,0.14492,-0.11236,-0.076317,0.0017729,-0.0073292,-0.18222,-0.15126,0.020786,0.063276,0.13239,-0.0035838,0.0070894,-0.047012,-0.14499,0.018661,-0.088988,-0.021106,-0.061579,0.10876,-0.16104,0.18833,-0.1035,0.015074,0.06669,0.1227,0.028715,-0.060202,-0.043649,-0.12093,0.072815,0.015746,0.027675,-0.087622,-0.13656,-0.24395,-0.0046144,0.11258,0.11692,-0.10589,0.2193,0.01755,-0.04102,-0.0052045,-0.097257,-0.15121,-0.019249,-0.060513,0.027109,-0.019229,0.025531,-0.11034,-0.11337
-0.062052,-0.011564,-0.037476,0.026117,0.078771,-0.034228,-0.049541,0.24523,-0.076131,-0.026645,0.079346,-0.10114,0.011714,0.073266,-0.058111,-0.0037892,-0.064594,-0.060398,-0.062424,0.1567,0.02399,-0.24603,0.082088,0.12943,0.017023,-0.025975,-0.0671,0.10167,0.057248,-0.04402,-0.063199,0.02367,0.1441,0.058135,0.069371,0.08515,0.035563,-0.1067,0.09986,0.075596,-0.15359,-0.14791,0.12195,-0.082809,-0.14504,0.035751,-0.017513,-0.2003,0.039083,-0.051159,0.13179,-0.063755,-0.15518,-0.041379,0.015268,-0.041056,0.071542,0.11961,-0.041896,0.045179,0.052884,0.039739,0.11527,0.088191,-0.12942,0.070049,-0.05387,0.114,0.056277,0.060581,-0.13352,0.043635,-0.055836,0.02143,-0.04267,-0.020513,-0.11809,0.027436,-0.072228,0.032081,0.0067639,-0.17522,-0.14316,0.0016507,-0.042547,0.057568,-0.13462,0.093498,0.048062,-0.10047,0.090354,0.019237,0.077326,-0.15185,0.004391,0.041474,0.081748,-0.22094,-0.054988,-0.1487
-0.014633,0.099652,0.13037,0.057795,0.11752,0.024714,-0.072521,-0.1718,-0.10662,0.16649,-0.10202,-0.19657,0.071097,0.043003,0.068919,0.032523,-0.12359,0.18174,-0.091263,-0.28136,0.12092,-0.074504,-0.03058,-0.062226,-0.065893,0.088694,0.01237,0.07335,-0.039728,-0.063707,-0.11103,-0.013533,0.027276,0.062117,0.0082704,-0.04725,-0.087322,0.099845,-0.20235,-0.050084,0.040581,0.040792,0.013527,0.0068726,0.071074,0.021421,0.038904,-0.082543,0.14199,-0.038671,0.13013,-0.11267,0.045965,-0.055648,-0.072445,0.043823,-0.133,0.027769,0.13596,0.22429,0.099136,-0.067594,-0.05932,-0.20332,0.20602,-0.010296,-0.067804,-0.078681,-0.11992,-0.15272,-0.038172,-0.083009,-0.11947,0.069205,-0.068087,0.21119,-0.11581,-0.18228,-0.057979,-0.021936,-0.095811,-0.0018674,0.046884,0.027512,-0.16412,0.12044,-0.047265,-0.074018,0.061172,0.19469,0.15698,0.1607,0.18421,-0.044436,0.20863,-0.21267,-0.14482,0.084899,-0.07997,0.014701
0.0091535,0.017684,-0.13438,-0.047023,-0.12057,0.059705,-0.083058,-0.034257,-0.050012,0.0039541,0.034933,0.15969,0.027785,-0.012869,0.12833,0.10482,-0.081967,0.01302,-0.057159,0.017091,0.12934,-0.10606,-0.17982,0.21985,-0.038519,0.17288,-0.20847,0.16028,0.1288,0.061461,-0.024934,0.05679,-0.039525,-0.067273,0.062461,0.24582,-0.036103,0.24013,-0.2628,-0.079366,-0.04065,-0.26252,0.014741,-0.023056,0.19703,-0.05575,-0.0555,0.091468,0.19422,0.033471,0.074134,0.022549,-0.065728,0.035485,-0.066795,0.088534,0.029446,-0.089471,0.033342,-0.017996,-0.062369,0.071779,-0.047504,-0.024514,0.073032,0.10649,-0.075736,0.05027,0.087563,0.010517,0.095737,-0.03695,0.14706,0.073621,-0.10145,0.030207,-0.13646,0.095921,-0.10395,0.18857,0.02508,-0.1536,0.023943,0.030099,-0.067594,-0.10908,-0.10601,-0.0013754,0.20099,0.11819,0.038239,0.16699,-0.050059,-0.026241,0.0067004,-0.11975,-0.0070281,0.19963,0.00083535,0.29449
-0.021898,-0.021082,0.014236,-0.10594,0.020657,0.077659,0.19579,-0.035192,0.034463,0.029879,-0.20258,-0.048239,0.074111,-0.054944,-0.089911,-0.11759,0.018013,-0.071267,0.049683,-0.035511,-0.023044,0.11877,-0.017353,0.16802,-0.050166,-0.060564,0.04686,-0.08413,0.012687,0.051586,-0.14057,0.025296,-0.010052,0.14948,0.080513,0.030575,0.12888,0.03015,0.018167,0.062295,-0.060962,0.029332,0.090881,0.11061,0.0083995,-0.06372,-0.070359,-0.077492,-0.09387,0.12725,0.031429,0.017761,0.0785,0.055656,-0.084991,-0.037194,0.13817,-0.17147,0.078494,-0.10346,-0.042143,-0.062903,-0.041673,0.071793,0.0019325,0.13756,0.0098726,0.18762,-0.03269,-0.060594,-0.06357,-0.019317,-0.029403,0.13604,0.0026491,-0.073164,0.18655,0.043166,0.099662,0.080712,-0.026988,-0.031348,-0.14625,0.11207,0.15141,0.053198,-0.008652,-0.043927,0.0010113,0.02439,-0.070981,0.19772,0.021801,0.10735,0.0049208,-0.0098748,0.17233,-0.086943,0.081164,-0.031625
0.18456,0.045519,0.11305,0.026678,-0.052542,0.031564,-0.072177,-0.0099462,0.17189,-0.00020373,-0.053863,-0.06742,0.060066,-0.03954,-0.030668,0.17812,-0.053156,0.19388,0.068781,0.0093153,0.042133,0.019654,-0.18059,-0.012422,-0.10607,0.14087,0.099648,0.0029137,0.00094039,-0.013146,-0.065436,-0.21464,0.12737,-0.089128,0.17445,-0.0674,-0.073321,-0.028616,0.023105,0.081564,0.032699,0.090709,-0.12066,0.04181,-0.1248,-0.074146,0.06697,-0.31234,-0.14361,0.046181,0.045963,0.16456,0.039493,0.26869,0.1053,0.12323,0.041376,0.0043296,0.050288,-0.15986,0.2525,-0.022336,-0.11999,0.11874,0.048938,0.0089071,-0.003969,0.063977,0.15673,-0.072245,0.13806,0.11021,0.044968,-0.15016,0.035638,0.068586,-0.02799,-0.062635,-0.018155,0.075596,-0.09256,-0.0016472,0.07222,0.083435,-0.0015491,-0.031858,-0.028704,0.07524,0.050239,0.043332,0.014404,0.053344,0.010607,0.059954,0.079551,-0.027624,-0.085826,0.1355,0.043631,-0.030265
-0.062858,-0.018255,0.030508,-0.053131,0.067514,-0.18764,-0.036575,-0.060384,0.072788,0.01469,-0.021322,-0.098555,0.16316,0.032087,0.010629,0.06418,0.071841,0.1034,-0.14947,0.038106,-0.10891,0.17744,-0.091163,0.05293,-0.043641,-0.0231,0.19461,-0.015472,0.08135,-0.02778,0.085406,-0.041965,-0.0090896,0.16875,0.028759,-0.074428,-0.056144,-0.015501,0.1016,-0.01378,-0.040361,0.037576,-0.029277,-0.15456,-0.07935,0.13749,0.10506,0.13073,0.057231,-0.17737,-0.18386,0.023883,-0.011337,0.017364,-0.14268,-0.31977,-0.025882,0.032677,0.16998,0.095914,0.018666,0.093585,-0.02927,0.048211,0.060021,-0.085532,0.036342,-0.16332,-0.025437,0.12463,0.05532,0.18076,-0.040392,0.061331,-0.069648,-0.072724,0.015607,-0.16327,0.0080984,0.045618,0.14003,-0.17367,-0.044037,0.058776,-0.050733,0.20475,-0.11008,-0.064325,0.2335,0.20918,-0.12447,0.045748,0.031789,0.22032,-0.049836,-0.11255,0.12216,0.023779,-0.0063699,-0.0072209
-0.074622,-0.01221,-0.18516,0.026542,0.11897,-0.0368,0.032029,0.13269,-0.029488,0.065122,-0.040178,0.016929,0.0037263,0.069676,-0.029638,-0.067762,0.20053,0.044942,-0.035896,-0.048516,-0.074982,0.056511,-0.057661,0.0074153,0.085106,-0.0047185,-0.018516,-0.14963,-0.18708,0.0032065,0.011913,-0.041688,-0.036656,0.15802,0.0072395,0.08756,0.069468,-0.096831,0.046072,0.021698,-0.14923,0.023783,0.12667,-0.094745,-0.17281,0.17062,0.11143,-0.11666,0.13788,0.053352,-0.02035,-0.17321,0.22973,0.13644,0.16945,0.15027,-0.03439,0.041243,0.037382,0.21832,0.053582,0.052199,-0.3414,-0.040518,0.026029,-0.071613,-0.037328,0.047959,-0.055699,0.037277,-0.12017,0.07097,0.099553,0.033466,0.034056,0.031378,-0.1174,0.19877,-0.044536,0.1729,-0.32553,-0.15461,-0.079526,0.019955,0.054917,0.22122,0.21539,0.083182,-0.19727,0.055143,-0.095002,0.013875,0.07731,0.047699,0.11853,-0.15264,0.04732,0.035014,0.16239,0.026348
0.0049423,-0.0033407,0.10296,-0.12617,-0.054506,0.00014981,-0.050044,0.053117,0.022018,0.023208,-0.12568,0.0095371,-0.0036244,0.017561,-0.044321,-0.1357,-0.0068966,0.034376,0.11639,0.10966,0.040589,-0.097785,-0.11119,-0.018243,-0.063235,-0.081032,0.050193,-0.19408,0.18935,0.011161,-0.03997,-0.013882,-0.1137,0.027118,-0.027382,0.096276,-0.091674,-0.041861,0.16026,-0.041964,-0.083195,-0.0031576,0.0871,0.077666,0.01638,-0.061072,-0.028693,-0.15309,0.058752,-0.19506,-0.21637,-0.024742,0.11662,0.025161,0.14091,0.05657,-0.019283,-0.021105,0.058503,0.093403,0.082994,0.049589,0.13371,0.12527,0.077074,-0.052258,0.020016,0.18536,0.020433,0.061573,0.024044,-0.10028,0.14007,0.066705,-0.027144,-0.010276,-0.0089756,-0.066095,-0.116,0.082716,0.05711,0.048511,0.1119,0.097432,0.17437,-0.067105,0.0242,0.15747,0.013218,0.26968,-0.0097477,-0.023252,0.15416,0.081841,0.068528,-0.042729,0.22421,-0.087745,-0.078662,0.1622
-0.13764,0.048741,0.086461,0.024477,0.10032,-0.27755,-0.047106,-0.01169,0.16117,0.15523,0.16542,0.066711,0.0043137,-0.24242,-0.056752,0.033999,0.01331,0.056497,-0.038784,0.12438,-0.14989,0.038296,-0.020837,-0.039912,0.15846,-0.041226,0.11122,-0.028583,0.1326,0.038044,-0.11947,0.011177,-0.09819,-0.088065,0.00020349,0.21918,-0.078347,-0.10017,-0.08276,-0.14946,-0.12899,-0.14569,0.13208,-0.15557,-0.0016748,0.020279,-0.0023759,-0.024699,0.0024738,-0.11274,-0.1098,-0.068454,-0.084306,0.15141,-0.13223,-0.032468,0.066384,0.0063213,0.0029756,-0.028184,0.07918,0.019017,0.10025,-0.11186,-0.12278,0.020884,-0.057217,-0.019402,0.050894,-0.047524,0.076946,0.033813,0.10968,0.056467,-0.0092263,0.016416,0.017199,-0.031354,0.14528,0.080003,0.091818,-0.12261,0.086001,0.027161,-0.063391,-0.14239,-0.20215,0.081841,0.025802,-0.031707,0.053173,-0.037611,-0.10943,-0.030002,-0.067183,0.10029,0.10087,0.084059,-0.045856,0.044042
0.023687,-0.034691,0.16728,0.10884,0.10258,-0.13618,-0.01884,0.178,-0.0016143,0.080485,0.14349,0.039055,-0.090847,-0.089592,0.053757,0.057109,-0.10211,0.0021779,0.0023351,0.0395,-0.064031,0.11286,0.015119,-0.050822,-0.021335,-0.094737,0.0065273,0.090701,-0.030146,0.013571,0.095781,0.066141,0.12623,0.11623,0.029186,0.062602,-0.068242,-0.046262,-0.12649,0.13552,0.10983,-0.098297,0.26361,-0.22121,0.041903,0.016751,-0.147,0.10441,-0.011301,0.13181,0.051007,-0.026132,0.098641,-0.16738,-0.027385,-0.14561,0.045089,-0.019532,-0.08299,0.0034611,0.018024,0.016485,-0.046942,-0.11373,0.020518,-0.059305,-0.065146,0.05434,0.077258,-0.02527,-0.14873,-0.098943,0.038921,0.019245,-0.085813,-0.19104,-0.22802,-0.023129,0.14837,-0.24705,-0.10432,0.14541,0.13429,-0.022235,-0.086773,0.026213,-0.025951,0.11775,-0.16789,-0.044414,-0.1534,-0.071823,-0.13989,0.0067125,0.05562,0.1528,0.079006,0.10824,-0.089076,0.080561
-0.027788,0.056922,0.23223,0.03215,0.15035,-0.090862,0.01236,-0.13567,-0.023543,-0.0076449,-0.074797,0.064641,0.059872,-0.017547,0.26733,-0.092572,0.037003,0.013359,0.035946,-0.074257,0.085502,0.040633,-0.023739,0.038503,-0.071308,-0.19328,-0.065518,-0.19983,0.13575,-0.060154,0.023073,-0.043163,-0.022674,-0.044027,-0.10233,-0.068177,0.090383,0.0014304,0.15029,-0.026807,-0.11638,-0.0321,0.098058,0.029524,0.044731,0.038508,0.073735,0.052985,-0.21828,-0.15217,0.088578,0.13538,-0.12444,-0.10411,-0.068155,-0.17403,0.09361,0.091759,-0.0045832,0.014817,-0.02589,0.039787,0.19018,0.018024,-0.14912,0.097305,-0.034129,0.10196,0.061359,-0.0016402,-0.088721,-0.063063,-0.13345,0.020392,0.045644,0.016249,-0.005216,-0.046717,-0.043217,0.080579,-0.054579,-0.034809,-0.13421,0.028798,0.024547,-0.028172,0.063458,0.16609,-0.13809,-0.031876,-0.036879,0.087361,-0.016354,-0.1064,0.014439,0.025722,-0.063458,-0.14299,0.056608,-0.050105
0.023643,0.092605,0.017791,-0.068918,-0.19491,0.062285,0.065804,-0.14004,-0.071429,-0.082454,-0.19163,0.078854,0.041978,0.064528,0.16165,0.15212,0.044634,0.14019,0.0066929,0.043162,0.059429,0.048518,0.14086,0.096089,-0.023702,-0.17422,0.2719,-0.066226,0.098695,0.058965,-0.14855,0.096369,-0.12136,-0.041754,-0.006706,-0.047402,0.041619,0.06143,-0.27234,0.091868,0.10217,-0.05922,0.0026271,0.088082,-0.063594,0.035312,-0.10077,-0.04809,0.091042,-0.085279,-0.013276,0.033465,0.021032,0.064622,0.060199,0.27285,-0.16749,-0.20053,0.1234,-0.12409,0.013146,-0.097697,-0.12932,-0.040296,-0.1497,-0.25862,-0.014223,-0.060247,0.0059128,-0.13736,0.19764,0.016053,-0.15332,-0.1063,-0.0053853,0.18287,0.043015,0.14261,-0.024209,0.093311,0.067552,-0.040983,-0.073731,-0.02917,0.040338,0.025328,0.014692,0.1223,-0.067939,0.012272,0.0071326,-0.0019295,-0.026696,0.020792,-0.16751,-0.0635,0.033372,0.10949,-0.029557,0.022245
0.041079,-0.085632,0.04999,0.0091642,-0.17941,0.045673,0.15832,0.05615,-0.086702,-0.082382,-0.03967,-0.15768,0.015178,0.12393,-0.013675,0.075431,-0.11294,0.13735,-0.0038457,0.046832,-0.2234,0.023736,-0.06969,-0.039332,-0.061063,-0.16233,0.049934,0.027975,-0.11411,-0.0039155,-0.10199,-0.048259,-0.095266,-0.043086,0.082927,-0.094921,0.055186,-0.13683,-0.14355,0.047595,0.057506,0.0011951,0.16089,-0.040944,-0.037453,0.0048865,-0.070296,0.095082,-0.11284,0.28752,0.024186,-0.048434,0.077533,-0.03321,-0.048664,0.040259,0.10801,0.014998,-0.08938,0.038151,-0.053269,0.061971,-0.038183,-0.013504,0.025512,0.0067394,-0.048781,0.046213,0.16729,0.13182,-0.18545,0.020657,-0.066722,-0.067487,0.0023034,0.084058,0.02223,0.25318,-0.20329,0.097971,0.056738,0.084417,0.16884,-0.10412,-0.12248,-0.032077,-0.053433,-0.066243,-0.064393,0.0033146,0.11131,-0.055458,0.039086,-0.042003,-0.20604,-0.091463,-0.092848,0.080151,0.1066,0.09149
-0.11633,-0.10247,-0.020619,0.021345,0.10799,-0.0011892,0.0059751,0.00233,-0.018709,-0.039272,-0.015727,0.008148,0.051264,0.026798,-0.0063416,-0.062929,-0.27847,-0.098681,-0.12413,0.17408,-0.18947,-0.13209,-0.054517,-0.039243,0.0081309,-0.058595,0.025669,-0.065349,0.14287,-0.19353,0.094437,0.11679,0.14704,0.043825,-0.013448,0.067917,-0.082335,-0.03029,-0.15478,0.010601,-0.051791,0.16117,-0.0052051,0.036376,0.055511,0.09806,-0.076558,-0.082418,0.058407,0.11851,-0.24483,-0.012231,0.021834,-0.033263,0.030318,-0.068831,0.035183,0.21762,-0.042554,-0.12325,-0.012048,-0.059764,-0.069173,0.026954,-0.031495,-0.01958,-0.084168,-0.02407,-0.11966,-0.057717,0.083274,-0.11662,0.00326,0.23654,-0.010043,-0.060114,0.05685,0.10856,-0.083419,-0.092567,-0.11028,-0.1221,-0.0044773,0.16955,-0.048825,0.00038276,-0.025933,-0.10183,-0.021651,0.012885,0.035604,-0.044592,-0.080851,-0.00069417,0.018694,0.057504,0.046948,-0.065042,0.12766,-0.10681
0.0010689,-0.030231,-0.17806,0.2536,-0.0019397,0.031563,-0.01696,0.18894,-0.2068,0.1619,-0.055345,0.18751,-0.12809,0.059588,0.15665,-0.047768,0.089756,-0.086127,-0.043181,-0.035395,-0.018194,-0.018473,0.11272,-0.023382,0.012173,-0.067992,0.1214,-0.15177,0.18662,0.093537,0.035998,0.071328,0.036528,0.10419,-0.0064038,0.045059,0.085886,0.063707,-0.068456,-0.037681,-0.15898,-0.043799,-0.1152,-0.061846,-0.0045365,0.0024955,0.031808,0.041832,-0.10216,-0.078855,0.059281,0.12058,0.068572,0.092629,-0.026486,0.053024,0.1156,-0.0069948,-0.099338,0.1652,0.078197,-0.015439,0.10348,0.044243,0.14295,-0.03746,-0.067436,-0.017463,0.1169,-0.10394,-0.095981,-0.082461,0.11735,-0.029527,0.10339,-0.0038431,-0.050083,0.095788,-0.059808,-0.10601,-0.1586,0.071164,0.14391,-0.017492,0.11053,0.068017,-0.0067805,0.14351,-0.11389,-0.12666,-0.015831,0.019555,-0.04308,0.029715,-0.042456,-0.040218,0.17298,-0.12348,-0.021318,0.025525
-0.093216,0.091845,-0.12699,0.025386,-0.027275,0.29218,0.0058143,-0.094984,-0.00010977,0.13721,0.11605,-0.094455,0.00096327,0.024239,-0.033284,0.021493,-0.092792,0.061421,-0.018794,0.012772,-0.0075942,-0.06426,-0.084212,0.061306,0.036741,-0.18273,-0.064538,-0.12442,0.068959,0.038034,-0.032008,0.040759,-0.15517,-0.22949,0.08107,-0.050816,-0.054619,-0.011522,0.039426,0.070001,-0.017893,-0.014607,0.0067179,0.048877,0.076376,-0.10575,-0.086391,0.21367,0.053026,-0.076217,-0.10875,0.03709,0.16439,-0.13243,-0.034356,0.025719,0.17361,0.068398,0.1617,-0.018269,0.084968,0.068295,0.023494,-0.033379,-0.081467,-0.12344,-0.045851,-0.06503,-0.086709,0.041665,0.052582,-0.035388,0.14885,0.096593,-0.092996,0.030985,0.041242,-0.048876,-0.10429,-0.17327,0.1302,-0.14927,0.030407,0.052083,-0.14284,0.10031,0.053255,0.039615,-0.025082,0.047072,0.068652,0.065074,0.2368,0.071276,0.11961,-0.01369,0.10857,-0.0022136,0.11889,-0.075506
0.074632,0.15539,0.14212,0.14759,-0.1703,0.064631,-0.12089,-0.062684,-0.2585,-0.002144,0.048254,0.048879,0.074272,-0.16557,0.041102,0.073158,0.17512,0.11489,0.048186,0.096775,0.19412,0.044986,-0.2154,-0.067657,0.077733,0.0139,-0.058237,0.13491,-0.017484,0.20982,-0.067317,-0.15071,-0.045188,0.09814,0.15487,-0.048545,0.10671,-0.13266,0.16367,-0.2601,-0.013403,0.14708,0.098194,0.21314,0.17468,-0.071752,0.092799,-0.024861,0.090985,0.023696,0.10497,0.02206,0.13039,-0.0416,0.035969,-0.10332,-0.16226,0.0049574,0.053765,-0.12795,-0.032996,0.007118,-0.17228,0.13219,0.052455,-0.058458,0.041036,-0.03522,0.22921,-0.065335,-0.090959,0.16555,-0.10164,0.024482,-0.067642,-0.020462,-0.021102,0.10658,-0.09349,-0.016383,-0.0087364,0.012944,0.1672,0.17425,-0.018335,-0.059987,-0.12972,0.16301,0.11954,-0.25413,0.08023,0.046512,-0.011832,-0.029691,-0.00057266,-0.078589,0.20509,0.14112,0.069696,-0.20778
0.0089892,-0.11909,-0.14632,-0.042964,0.084782,0.012134,0.038518,0.14241,0.17503,-0.046023,0.20961,-0.040162,-0.12428,0.18392,0.021854,0.050108,0.043081,-0.064057,-0.020985,0.016913,-0.073484,-0.0022362,0.1068,-0.053804,-0.10669,-0.078373,-0.051913,-0.068294,0.13759,0.012862,-0.0071557,-0.015192,-0.2856,-0.1042,0.030753,0.017026,0.034619,-0.031653,0.0017071,0.083144,-0.075986,-0.051632,0.16618,0.023919,-0.18569,0.038564,-0.10029,0.04193,0.15262,0.16848,-0.020839,0.033558,-0.059366,0.070321,-0.016958,0.027187,-0.03142,-0.065999,0.11956,-0.10007,-0.08569,0.018425,0.1862,0.07487,7.5524e-05,0.18494,-0.24046,-0.19199,0.053024,-0.010204,0.015719,0.098078,0.065028,-0.18575,0.12968,0.23081,-0.078472,-0.19992,0.12651,-0.076444,0.028654,-0.16093,-0.027503,0.057497,-0.10221,0.003527,-0.056314,-0.034169,0.058714,0.074802,0.23925,0.034004,-0.059331,-0.086499,-0.28183,0.13624,-0.11432,-0.089781,-0.1132,-0.079392
0.017579,-0.081609,0.049745,-0.092001,0.060947,-0.096828,-0.21258,0.090582,-0.10843,-0.064698,-0.072552,-0.040166,0.053082,0.02069,-0.035222,0.19546,0.057235,-0.025032,-0.082464,-0.049469,-0.1342,0.056238,0.16274,-0.029436,0.044741,0.070785,0.0081701,0.088607,-0.0056397,0.2199,-0.0011579,-0.024631,0.0050448,-0.033742,-0.08683,0.10903,-0.16917,0.10811,-0.13679,-0.068647,-0.17624,0.057897,-0.10155,-0.02808,0.018386,-0.12651,-0.064497,-0.13637,0.09845,0.22126,0.0083174,0.01193,0.019431,0.10424,0.1018,-0.027654,-0.0042044,-0.11998,-0.013163,-0.10742,-0.057696,-0.024114,-0.0089111,-0.0040537,0.11525,0.084344,-0.040541,0.025551,-0.0094188,-0.19936,-0.087527,-0.29353,0.025905,-0.32256,0.074821,-0.0082979,0.0037898,-0.067482,0.048898,-0.24434,0.062226,-0.0006541,0.015773,0.098896,-0.045937,0.15717,-0.0080733,0.0081758,0.0043919,0.11533,-0.074997,0.030735,0.0012815,0.063765,-0.087703,-0.069479,0.19959,0.12975,-0.058094,0.16932
0.026373,-0.12744,-0.061551,-0.25525,-0.085628,-0.043126,0.0094011,-0.058499,-0.051207,-0.036304,0.0034212,0.016258,-0.066765,-0.062515,-0.050518,-0.077028,0.13168,0.091699,-0.055185,-0.0020672,-0.021368,-0.05991,-0.049112,-0.0071511,0.039913,0.010083,0.13674,0.11178,-0.074759,0.10703,-0.0067736,0.040088,-0.02774,-0.02376,-0.0013351,0.099986,0.015462,-0.099859,-0.021273,0.054782,-0.14759,0.016206,-0.084551,-0.06702,0.048361,-0.10995,0.056399,0.197,0.065262,0.1005,-0.1184,-0.23587,0.23289,0.072688,0.0077103,0.028979,0.028303,0.094652,0.0003703,0.12301,-0.012194,0.026717,0.077112,0.15805,-0.0033422,-0.11727,0.0036442,0.058087,-0.058931,0.031901,-0.17471,0.051542,-0.021351,-0.0095928,0.10546,-0.00044767,-0.098483,-0.050273,0.021406,-0.10801,0.14897,-0.027067,0.14568,-0.1323,-0.078917,0.031564,-0.023096,0.11373,0.012481,0.053051,0.0033323,-0.012209,-0.12678,-0.0064384,-0.090382,-0.091612,0.073264,0.00531,0.061868,0.021671
-0.055155,-0.039088,0.082323,0.04529,0.13398,0.017716,-0.017535,0.033721,-0.056033,-0.034629,0.024151,0.048891,0.044238,-0.06847,-0.069599,0.14241,0.12796,-0.096115,0.0074662,0.09463,0.10175,-0.067039,-0.041473,-0.10853,0.017085,0.091564,-0.12285,-0.067377,0.013799,0.044503,0.01611,-0.026214,-0.090182,0.094552,-0.01396,0.15672,0.11644,0.0071797,0.20896,0.14164,0.1278,-0.10586,0.1492,-0.098464,-0.044903,-0.11413,0.099172,-0.027941,-0.044198,0.10404,-0.15081,-0.14967,0.10564,0.066552,-0.18207,-0.14376,-0.031799,0.33173,0.030651,0.13127,0.13753,0.16026,0.031765,-0.08079,-0.025015,0.00040591,0.02966,-0.11764,0.057079,-0.032306,0.08656,0.079678,-0.0014645,0.028819,-0.077108,0.037359,0.023631,-0.18254,0.12243,0.0046148,-0.016508,-0.15032,-0.15413,-0.0006705,0.011545,-0.12677,-0.10795,-0.020757,-0.057479,-0.14438,0.031128,0.087372,-0.083954,0.1896,0.041526,0.066751,0.17379,0.12642,0.060032,-0.035104
0.027566,-0.21652,-0.12458,0.052937,0.01464,0.097503,-0.13068,-0.033784,0.035732,-0.0076164,0.036854,-0.0029558,-0.080646,-0.080763,-0.12307,0.00014912,-0.10668,-0.00079347,-0.14807,0.029424,0.031812,0.10464,-0.15042,0.046991,0.19281,0.15366,-0.13041,0.041276,0.16852,-0.1045,-0.13616,0.15283,0.059346,-0.22608,0.083908,-0.13723,0.01525,0.03567,0.026788,0.013061,-0.017771,0.10096,0.15899,0.03059,-0.018216,0.021693,0.021828,0.026293,-0.03543,0.073831,-0.044829,-0.12128,-0.042297,-0.16135,-0.092391,-0.0083752,-0.017287,0.13878,0.18387,0.11903,0.030292,-0.037709,0.0037948,0.009863,-0.082101,-0.0067482,-0.053725,-0.1031,0.00092464,0.010018,-0.013214,-0.15797,0.097528,-0.12808,-0.024275,-0.0080313,-0.0049525,0.056126,-0.013141,0.075099,-0.10876,0.063387,-0.10165,0.076424,-0.06636,0.07664,0.065792,0.02065,0.016687,0.072522,0.06917,0.23158,-0.058295,0.091893,-0.027097,-0.098476,-0.049515,0.0097463,-0.078465,0.10978
-0.074903,0.16617,-0.0042336,0.095738,0.060166,-0.046671,0.054959,0.046699,-0.063138,-0.093968,0.039205,0.0509,-0.011102,-0.24356,-0.0038786,-0.03538,0.035166,0.0028329,0.14129,-0.068684,0.041556,0.055201,-0.0049619,0.12714,-0.1097,-0.048843,-0.10888,0.055465,-0.15677,-0.1165,-0.064736,-0.050834,-0.077012,0.10593,-0.041086,-0.040104,-0.14502,-0.15695,-0.0093185,0.039967,0.046525,0.10966,-0.11259,-0.028309,-0.10314,-0.14335,-0.014414,-0.1495,0.042714,0.037262,0.2548,0.01435,0.017849,0.11334,0.006861,-0.085957,0.058649,-0.032792,-0.010565,0.026518,0.014381,-0.031033,0.087567,-0.11501,0.14679,0.021129,0.043959,-0.019016,-0.0099679,-0.042074,0.0026663,0.21982,0.0076411,0.022135,-0.19654,-0.04574,-0.24377,0.040289,0.0089347,0.086853,0.11697,0.059683,0.27523,-0.10134,-0.042696,0.12779,-0.011454,0.14041,-0.086437,0.10201,-0.025679,0.070987,-0.063287,-0.10096,-0.011514,0.00010277,0.034807,0.053815,-0.11517,0.15271
-0.20069,0.045895,0.051711,-0.016621,0.065095,0.04473,0.016821,0.12153,-0.1093,-0.16083,-0.26743,-0.054819,0.014453,0.098287,0.061359,0.033879,0.064806,0.11547,-0.012087,0.082775,-0.02139,0.012292,-0.011062,0.10537,0.085429,0.1428,0.051595,0.015078,0.14798,-0.050298,-0.22071,0.0366,-0.0021437,0.025588,0.039879,-0.062048,-0.27571,-0.10627,-0.16966,0.011672,0.10657,-0.055559,-0.095232,-0.15638,-0.13505,-0.094692,0.016079,0.11353,0.070092,0.10757,-0.082897,0.055508,-0.017436,-0.22519,0.11239,0.1479,0.1051,0.043811,0.046938,-0.083853,-0.11031,-0.0093902,-0.023104,0.23841,-0.017468,-0.11644,-0.024904,0.24578,-0.18828,-0.0025411,-0.052871,0.16442,0.0064029,0.038305,0.10896,-0.010305,-0.1411,0.058017,0.08852,-0.030513,-0.095251,-0.017337,-0.13428,-0.062082,0.16877,0.026507,0.034239,0.14642,0.045366,-0.065832,0.039653,0.096887,0.085435,0.025424,0.10923,0.072757,0.21801,0.21104,0.073632,-0.02634
0.09142,-0.13717,-0.036146,0.1239,-0.028366,-0.06299,-0.039035,-0.025614,-0.043873,0.0081968,-0.046401,0.0025126,0.10729,-0.11887,0.092867,-0.12279,0.1133,-0.10121,0.073957,0.047508,0.042233,0.1038,-0.020032,0.16708,-0.21904,-0.054802,0.14224,-0.12288,-0.23695,-0.022889,-0.099561,-0.060604,0.0011115,0.082684,0.063536,-0.10618,-0.011391,0.023189,0.11851,0.11191,-0.16307,0.11894,0.24897,0.040543,0.1447,-0.13949,0.074937,-0.20694,-0.07526,-0.02623,0.096454,0.084242,-0.079271,-0.02248,0.0038205,-0.010242,0.17001,0.073169,0.070132,0.065117,0.022283,-0.012021,0.12817,-0.11962,0.019881,-0.015933,-0.10758,0.011847,0.03333,-0.056442,0.077513,-0.055373,0.027871,-0.045405,-0.015158,0.10458,0.066924,-0.20237,-0.02266,0.027269,0.028399,-0.023246,0.017443,0.25499,-0.046198,0.046182,-0.19192,0.010632,0.028733,-0.14482,0.081177,-0.060353,-0.22206,0.073194,0.02982,0.055425,-0.16109,-0.014522,0.02357,0.10994
0.025379,-0.010294,0.012913,0.05762,0.10476,0.10388,0.057663,0.039922,-0.12385,-0.068832,-0.013728,0.01385,0.019785,-0.26517,-0.067184,-0.029208,0.057388,0.14738,0.033624,-0.076051,-0.12121,-0.076467,-0.037004,-0.05873,-0.079431,-0.036989,0.13692,0.03002,0.019615,-0.038165,0.081236,-0.071295,-0.063009,0.12706,-0.067614,-0.10713,0.081699,-0.084679,0.26604,0.045203,-0.10314,-0.18737,-0.048267,0.0022767,0.12674,0.024866,0.13488,0.13185,-0.049533,0.0045327,-0.031757,-0.024509,0.015376,0.10667,-0.017415,0.12732,-0.024482,0.032659,0.12515,-0.0031673,-0.088551,0.084895,0.019349,-0.10369,0.016282,0.029071,-0.031628,-0.048223,-0.045213,0.019602,-0.1045,0.12802,-0.11377,-0.11539,0.19823,-0.041063,0.088821,0.17707,-0.047526,0.13716,0.050535,-0.051313,-0.021732,-0.026098,-0.20287,-0.059856,-0.026785,-0.0404,-0.06004,0.32897,-0.03407,-0.061972,-0.01769,-0.022103,-0.047898,0.084638,-0.0057879,0.0010198,-0.037684,-0.12616
0.074141,0.16596,-0.079947,0.21407,-0.10101,-0.018604,-0.083816,0.022264,-0.090139,0.15542,-0.13237,-0.097335,0.0012766,-0.1225,-0.074601,-0.066745,-0.1406,0.028889,0.098799,0.19495,0.044022,0.31168,0.013898,0.018443,-0.073739,-0.061814,0.035379,-0.0051116,-0.11342,-0.035452,0.056445,0.018045,0.053064,0.072952,-0.056685,-0.071566,-0.045525,-0.078281,-0.06936,-0.098038,0.04633,-0.053644,-0.071782,0.015334,0.067182,0.056077,0.14367,0.055067,0.027644,0.12531,-0.041375,0.013013,0.017492,-0.077171,-0.041193,0.17108,-0.081272,0.14046,0.1682,0.0064352,0.083013,0.00031773,-0.12783,-0.12921,0.0035391,0.067392,-0.071519,0.1047,-0.0011682,-0.067859,0.061463,-0.098526,-0.11347,-0.042001,0.077696,0.049823,-0.13818,0.06616,-0.01581,-0.013224,-0.047194,0.0090738,0.13108,0.068973,0.18187,0.083471,0.048843,-0.15472,-0.10362,0.20421,-0.064197,0.23806,-0.030758,0.075669,0.18396,0.19995,-0.1419,-0.0088789,0.11844,-0.0046143
-0.078269,0.10741,-0.024778,0.16761,0.015061,0.16352,-0.092395,0.05055,0.073152,-0.020074,0.16358,-0.010206,-0.066438,-0.0054613,-0.056859,-0.035048,-0.044809,0.15792,0.082517,0.040681,0.018823,0.045751,0.0529,0.16733,0.18135,0.061579,-0.11275,0.20332,-0.18953,0.11695,0.10543,0.065403,0.099329,-0.034742,-0.13161,-0.10719,0.029082,0.054373,0.072304,0.12821,-0.047735,-0.086044,0.04803,0.042062,-0.10853,0.091387,0.051478,0.0050839,-0.13843,-0.077389,-0.070556,0.019418,-0.13399,-0.03088,-0.015133,-0.028496,-0.088036,-0.005687,0.069878,0.094997,0.017087,-0.055364,-0.10336,0.10664,-0.10911,0.038304,-0.05705,0.14359,-0.04946,-0.06466,0.045972,-0.055497,-0.06909,-0.23452,-0.1484,-0.18402,-0.0295,0.087829,0.18272,-0.056222,0.036867,-0.042124,0.0093432,-0.025202,-0.15609,0.33062,-0.07085,-0.11312,-0.032578,0.10225,0.12179,-0.018408,-0.015456,-0.15559,0.012662,-0.1766,-0.10723,0.085105,-0.11325,0.0056853
-0.088449,-0.06214,0.061128,-0.066079,-0.013097,-0.037945,-0.085955,0.048143,-0.0096198,-0.034428,-0.03801,-0.1049,0.19794,0.040379,0.14809,0.25351,-0.20411,0.094107,-0.009553,0.096029,0.13115,0.12531,0.10816,-0.07436,0.038897,0.040615,0.021509,-0.2188,-0.029286,-0.091576,-0.043801,-0.26405,-0.01796,0.011171,0.066333,0.015944,-0.056524,0.14805,0.074413,-0.061212,-0.022925,0.039361,0.14136,-0.12546,0.019891,-0.0054819,-0.0241,-0.069864,-0.14992,0.037366,-0.033225,-0.14056,0.18547,0.016276,-0.009785,0.031782,0.047626,0.035251,-0.013426,-0.013292,0.013224,0.16212,-0.099423,0.10335,0.016169,0.0066786,-0.078583,-0.057878,-0.1424,-0.089993,0.11325,0.040796,0.16397,-0.011387,0.03947,0.13795,0.092114,0.17426,-0.0052933,-0.069655,0.013463,0.10925,-0.20601,0.010426,-0.055268,0.23279,-0.022954,0.064889,-0.14987,-0.084597,0.1069,0.0806,0.022713,0.014019,-0.25308,-0.10558,0.085757,0.13183,-0.025491,0.05505
0.02129,-0.034243,-0.065804,-0.26445,0.046903,0.070105,0.071212,-0.10037,0.20513,-0.057403,-0.065843,-0.0351,-0.059475,-0.06492,0.035788,-0.26239,0.053362,-0.14255,0.052081,0.089618,-0.073291,0.041008,-0.11972,-0.080601,-0.0088411,-0.045067,0.1528,-0.064464,0.05796,0.062793,-0.15506,-0.080241,-0.014173,0.13512,-0.046298,-0.27239,0.22377,0.010742,0.13263,0.13846,-0.044778,-0.063179,-0.24536,0.024676,-0.009192,0.038435,0.14323,0.0096038,-0.021109,0.084133,-0.047702,-0.18697,-0.027855,0.14307,-0.033062,-0.047208,-0.16026,0.060568,0.11816,-0.058103,-0.031165,0.010603,-0.070566,0.098117,0.14043,-0.15832,-0.020849,0.033121,0.10812,-0.084486,0.013597,-0.15996,0.038952,-0.10839,-0.070407,0.088904,-0.14906,-0.01635,0.025787,0.052272,-0.071178,-0.22461,-0.0065296,-0.019527,-0.031628,-0.016739,0.087895,0.074737,0.083087,0.052274,0.11866,0.022526,-0.054551,0.076333,0.1107,0.020309,0.076155,-0.092962,0.035366,0.046846
0.11011,-0.07885,-0.00019792,-0.065004,0.15187,-0.018924,0.078559,-0.13399,-0.19993,0.067787,0.025508,-0.047599,0.18232,-0.028688,0.084088,0.15606,0.086037,0.038763,0.080834,-0.13012,-0.025178,0.022349,0.10005,-0.052423,-0.10813,-0.1377,-0.13646,-0.14766,0.13481,0.068742,-0.010353,-0.064345,-0.094164,-0.026559,0.14807,-0.055114,-0.056097,0.020254,0.14027,0.034148,-0.076226,0.15104,-0.13536,-0.11387,-0.08379,-0.13524,0.091948,-0.057811,-0.17494,-0.014195,0.11914,0.026683,0.055553,-0.19834,0.1367,0.11541,-0.10195,0.10629,0.017259,0.14037,0.076523,0.10562,-0.1216,0.064544,0.035703,0.10374,0.0666,-0.019778,-0.068044,0.16968,0.017346,0.097464,0.078714,0.0020351,0.042773,0.0015306,0.072887,-0.13519,-0.068624,0.0047499,-0.080095,0.036472,0.014667,0.029825,0.24683,-0.11912,0.031345,-0.14268,0.11428,0.064157,0.11902,-0.019132,-0.14984,-0.027291,0.1373,-0.0039145,-0.037989,0.16894,-0.1241,0.089597
-0.11697,-0.098483,-0.047475,-0.039029,0.12238,0.0069486,-0.012882,-0.056845,-0.07195,-0.31977,0.011143,-0.022336,0.0020405,-0.030025,-0.085101,-0.028494,-0.026825,0.01733,-0.2577,0.12371,-0.17303,-0.048105,0.15213,-0.0076292,0.037513,0.033489,-0.035621,0.053729,-0.19456,0.085655,-0.0047053,0.13104,-0.10753,0.053506,-0.15328,0.029992,-0.073559,-0.093273,-0.011735,0.11871,-0.059415,-0.073051,0.0039362,-0.13095,0.098442,0.14821,-0.083145,-0.17789,-0.088606,-0.074393,-0.097478,0.14377,-0.021463,-0.12797,-0.067998,0.0024289,-0.034902,0.10834,0.13713,0.082927,-0.11608,-0.10163,-0.056072,0.15654,0.053689,-0.092322,-0.071003,0.13036,0.10436,0.067684,0.1154,0.062872,-0.18108,-0.054118,-0.097769,0.16917,0.042997,0.22838,0.18659,-0.13535,-0.078153,0.068424,0.060989,-0.067627,-0.10366,0.18025,0.036253,0.021128,-0.057638,0.0037461,0.072655,0.0026376,0.034217,-0.09023,-0.14321,0.010936,-0.15771,-0.053709,0.083195,-0.08184
0.050228,-0.073453,0.014651,-0.10444,-0.015699,0.0071778,-0.047397,0.036146,-0.21899,0.07039,0.018514,-0.051761,-0.015291,-0.045314,0.10683,-0.11678,-0.097459,-0.23283,0.039143,-0.12656,0.0020335,0.044341,-0.097019,0.12176,0.087361,0.064215,0.15777,-0.1292,-0.0093666,0.07252,0.080448,0.0074694,-0.1251,0.024549,0.030545,0.023669,1.0533e-05,0.057395,0.085375,0.10538,0.19114,0.045914,0.092798,-0.023461,-0.11702,-0.099321,0.12181,-0.067982,0.018882,-0.09953,-0.13404,0.11785,-0.12586,-0.10622,-0.053545,0.079772,-0.19014,-0.12808,0.083059,0.038417,-0.021594,-0.022533,-0.0050179,0.015702,-0.080095,-0.027888,-0.061808,-0.035215,-0.042497,0.06204,0.0039521,0.033179,-0.00082761,0.05891,-0.23558,0.035358,-0.29085,-0.10348,-0.087984,-0.095611,-0.0054684,-0.10558,0.074282,0.073837,0.024314,0.019641,-0.2574,-0.15948,-0.13171,0.048398,0.17821,0.011405,0.032843,0.072842,0.096152,0.017647,-0.037656,0.18553,0.011023,0.063956
0.045045,-0.042575,-0.089684,0.13666,0.046916,0.15323,0.20787,0.066474,0.017681,-0.035421,-0.14109,0.070674,0.11961,0.04684,0.040512,-0.04825,0.021676,-0.11482,0.15361,-0.11737,-0.051458,-0.046174,-0.14862,-0.029846,-0.14705,0.15087,0.012461,0.20985,-0.090466,-0.024075,-0.01735,0.017626,0.072112,0.017753,0.07204,-0.036474,-0.074898,0.00028173,0.038037,-0.040012,-0.016339,-0.033987,-0.11654,0.064595,-0.22735,-0.048741,0.004544,0.057777,0.12838,-0.018441,0.059378,0.034525,0.079192,0.1672,-0.04366,0.0075293,0.10605,0.14305,-0.10053,0.014384,-0.083529,0.1456,0.19496,0.12143,0.0007916,-0.028852,0.13104,0.095085,0.028096,-0.046033,-0.30495,-0.050257,0.0066214,0.044638,-0.16033,-0.019244,-0.11312,0.050042,-0.11387,0.21357,0.14177,-0.026684,0.10347,0.029651,0.074016,0.080082,0.0034514,-0.0047666,0.020654,0.056481,0.026497,-0.11601,0.10973,0.020386,0.060778,-0.0075209,-0.0042062,0.13507,0.0085018,0.056382
-0.024208,-0.10132,-0.14877,-0.13281,0.088525,-0.08389,0.025588,-0.02286,0.15594,0.10856,0.18247,0.039506,0.017569,0.14031,0.014808,0.13977,0.020316,0.089877,-0.098732,0.044658,0.045157,-0.038125,0.086596,0.1841,-0.16392,0.086062,0.12891,-0.18586,-0.095366,0.054165,-0.025334,-0.069651,0.098452,-0.03206,0.080168,-0.086411,0.10878,-0.050659,-0.10992,0.0014267,0.1108,-0.12582,-0.070744,-0.16124,0.20628,-0.11752,-0.098551,0.05726,0.079901,-0.083501,0.0017619,0.028419,0.0071818,0.018797,0.0088586,-0.018472,0.08912,0.023334,0.19457,-0.051908,-0.0087544,-0.16897,-0.092532,-0.048041,0.0052822,-0.0088476,-0.08761,-0.0030589,-0.091032,0.16484,0.056213,0.032864,0.026998,-0.012898,0.14658,0.10269,0.043134,-0.018879,0.090953,0.040483,-0.076833,-0.034335,-0.0023215,0.045878,-0.094804,0.15153,-0.045947,0.0024807,0.13001,-0.068652,0.085042,-0.080438,-0.02223,0.18379,-0.092778,-0.014127,-0.18641,0.047411,-0.032443,-0.10175
0.10381,0.015481,0.036102,-0.099539,-0.15223,-0.07531,0.17012,-0.11769,0.05706,0.0087134,0.0034276,-0.068139,-0.089745,0.23533,0.070363,0.053544,0.037107,-0.15904,-0.0079933,0.094191,0.11865,0.005351,0.081295,0.18317,0.005771,0.035918,-0.30067,-0.10104,0.017284,-0.080386,-0.051877,0.11184,-0.11221,0.088929,0.033154,0.28853,0.12209,-0.10216,-0.095388,0.0027711,-0.0083514,-0.003774,0.053459,0.008344,0.053203,0.24675,0.038988,-0.06605,-0.10627,0.048677,-0.048375,-0.14797,-0.054012,-0.11337,0.05588,-0.095879,-0.10269,-0.038457,-0.013628,0.05048,0.027147,-0.13767,-0.025999,-0.033933,-0.071814,0.042733,-0.052401,0.011194,0.050724,0.065446,0.099634,0.041427,0.15939,-0.03499,0.04339,0.078033,0.036259,0.066252,0.0068061,0.1337,0.010089,0.01558,-0.11457,-0.13905,0.010423,0.046577,-0.045783,-0.10803,-0.070641,-0.014963,-0.0094573,0.11232,0.039176,-0.091554,0.055046,-0.078821,-0.064002,-0.048459,0.079009,0.10858
-0.0092304,0.071139,-0.12328,-0.12496,0.014071,0.042945,0.17433,-0.060819,0.0030352,0.048086,0.11596,-0.064692,-0.036346,-0.15652,-0.075438,-0.069746,0.044309,0.048434,0.089431,-0.13448,0.014562,0.18279,-0.061364,-0.011547,-0.07311,0.042671,0.012228,-0.16803,-0.13312,0.2457,-0.0039322,0.024182,-0.15229,0.014929,-0.15417,0.062652,0.061969,-0.18831,-0.088223,-0.21079,-0.088432,0.19691,-0.10339,0.17467,0.052025,0.074931,-0.018516,-0.1703,-0.066252,0.17122,-0.057733,-0.043627,0.042521,0.0015133,0.060155,0.016075,0.20067,0.002941,0.20067,0.084914,-0.025247,0.11445,0.018362,-0.020862,-0.071449,0.0012189,0.12857,-0.063408,0.11203,-0.098229,0.046656,0.11264,-0.14061,0.093533,0.1036,-0.037354,-0.035919,-0.074922,-0.031969,-0.064257,-0.0010133,-0.066378,0.0154,-0.082392,0.015558,0.11363,0.3647,-0.19532,0.16573,-0.078277,-0.046708,0.13389,-0.022719,-0.039676,-0.032076,-0.097033,0.16728,0.031706,-0.015066,0.19354
0.046515,-0.020629,0.046403,0.21404,0.082761,0.099707,0.12906,0.18635,0.033302,-0.031552,-0.058719,-0.094777,-0.034096,-0.11963,-0.054681,-0.045723,-0.0080561,0.1233,-0.16216,-0.073761,-0.011551,-0.055757,-0.14753,0.14171,-0.021651,-0.044099,-0.11335,0.088817,-0.11751,0.033831,0.043929,0.14479,-0.055586,-0.12477,-0.060095,0.019739,-0.022701,0.02383,0.078907,0.12791,0.031822,-0.049302,-0.020596,0.20682,0.043296,0.010628,0.008216,0.0015875,0.017003,0.19592,0.084536,0.099615,-0.030296,-0.026849,-0.047096,0.10769,-0.092495,-0.035512,-0.11326,0.18143,-0.23519,0.13154,0.059664,0.023714,0.010379,-0.05578,-0.082335,0.090967,0.095594,0.10631,-0.05088,0.12914,-0.063632,-0.12028,0.020624,0.145,0.035161,-0.015404,-0.057871,-0.061665,0.12471,-0.047602,-0.16231,0.039785,0.035473,0.086713,0.11165,-0.11561,-0.045555,-0.15946,-0.03434,-0.037562,-0.09769,0.012807,-0.0041871,0.26672,0.046679,-0.10482,0.010906,0.034781
-0.065928,0.029337,-0.03548,-0.037438,-0.02805,-0.040262,-0.099368,0.044176,-0.071423,-0.079542,0.17477,-0.038547,-0.021373,-0.026787,0.001721,0.042563,-0.09542,0.29082,0.11278,-0.076393,-0.052372,0.082193,-0.13783,-0.024392,0.0094774,-0.085182,0.0089221,0.01725,0.048503,0.049967,0.0784,-0.016538,0.055536,-0.066786,0.15491,0.075668,-0.018137,0.0349,0.093104,0.031071,-0.027905,-0.15609,0.0047641,-0.1086,0.26391,0.12793,0.0019297,-0.01236,0.060287,-0.071436,-0.02512,-0.023032,-0.080205,0.070163,0.14854,-0.033887,0.046482,0.092388,-0.088872,-0.0066074,-0.02926,0.095749,0.14413,-0.11048,-0.0724,-0.01109,-0.01972,-0.0045644,0.0079223,0.092186,0.28077,0.29673,-0.069808,-0.086931,0.11742,-0.18919,-0.1324,-0.083041,-0.052697,0.021175,0.029783,-0.15663,-0.21518,0.060591,0.018178,-0.13985,0.070344,-0.02086,0.11126,0.013798,0.17015,0.023212,-0.021729,0.050367,0.040094,0.024436,-0.017876,-0.20906,-0.28854,0.037942
0.17071,-0.14275,0.048481,-0.033219,-0.028621,-0.2255,0.024046,0.2104,-0.075419,-0.30114,0.072865,0.020596,-0.017351,-0.086245,-0.18006,0.13807,-0.04669,-0.11909,0.16592,-0.044022,0.046708,0.22255,0.014944,-0.038602,0.012893,-0.0025164,-0.095731,-0.13603,-0.16438,0.064489,0.10183,-0.04036,-0.092076,-0.093919,0.14079,0.22819,-0.088878,0.023999,0.10419,0.13888,-0.081341,0.13251,-0.12165,0.055369,0.018911,-0.024962,0.023783,0.086102,-0.19015,-0.13383,-0.019047,-0.066594,0.049931,-0.053338,0.14743,-0.076232,0.16117,0.050736,-0.044112,0.058514,0.088869,0.00029324,0.11938,-0.098505,-0.072705,-0.21533,-0.096292,0.0046348,-0.084919,-0.092247,-0.14371,-0.083161,0.012683,-0.018721,-0.048817,-0.054498,-0.0968,0.046672,0.11229,-0.042994,0.14576,0.070251,0.11958,-0.086082,0.06993,0.019514,-0.15777,0.051487,-0.013626,0.071403,0.011618,-0.05518,-0.0028214,0.074417,0.01065,0.051758,0.047263,0.084761,0.081192,0.10092
0.15224,0.031247,0.03198,-0.011949,0.053524,-0.15231,0.021569,0.043752,0.034868,-0.044335,-0.0032678,-0.15062,-0.04878,-0.037447,-0.15375,-0.19092,0.03761,0.085276,0.0050821,-0.11821,-0.15079,0.053934,-0.14466,0.18728,0.24941,-0.037807,-0.14905,0.059031,-0.042112,0.03437,-0.063169,-0.043761,0.047962,-0.043133,0.013462,0.049398,-0.086772,-0.08432,0.081555,-0.083172,-0.018146,0.023278,-0.011108,-0.12031,0.09311,-0.17476,-0.025521,-0.10225,0.0038386,-0.15448,-0.10929,0.088576,0.043124,-0.039925,-0.011008,-0.14029,0.075812,-0.088564,0.10708,0.099188,0.032496,-0.022466,-0.037199,-0.022097,-0.17109,0.25554,-0.020749,-0.21735,-0.23626,-0.1071,-0.25927,-0.046414,-0.12923,0.0058436,0.021602,0.053334,0.20259,0.13904,0.25122,-0.019441,-0.08923,-0.0512,0.049837,0.010332,0.048556,-0.13576,-0.2268,0.036665,0.10622,-0.0048386,-0.079849,0.087713,0.009727,0.1231,-0.033228,0.075885,0.046127,-0.093869,-0.098063,-0.0045947
-0.11012,0.059971,-0.026077,0.082706,0.036549,0.009088,-0.0082723,0.079437,-0.081496,-0.063573,-0.0091471,-0.012938,0.031489,-0.069694,0.06009,0.056307,0.1808,-0.073675,0.062815,0.18099,-0.22249,0.089049,-0.15639,0.062527,-0.070718,-0.067804,-0.091825,-0.0019027,0.051736,-0.14151,0.18714,0.019911,-0.039676,-0.055066,-0.22744,-0.028995,0.064579,-0.11446,-0.070911,0.077054,-0.024368,-0.021831,0.056975,-0.064429,0.049131,-0.01135,0.11427,0.0085068,0.15298,-0.020027,-0.048215,-0.046191,-0.14849,-0.055011,-0.11071,0.05314,-0.065934,0.069284,0.12488,0.0027801,0.031416,-0.16703,0.096584,0.14226,0.012294,-0.0073378,0.020141,-0.013161,0.086221,0.076521,-0.0014884,0.016942,-0.024116,-0.061246,0.15825,-0.22004,0.0097986,-0.086139,0.061479,0.31247,-0.16454,0.076083,0.085095,0.047585,-0.075146,0.10655,0.0074842,0.051706,-0.032603,0.078759,0.071042,0.022371,-0.097482,0.096567,0.035384,0.14202,0.10977,0.055549,-0.074562,0.046588
0.0089062,-0.068201,0.052348,0.065133,-0.16922,0.053069,-0.06665,0.052936,0.091714,0.090462,0.10212,-0.079167,0.11374,0.016651,0.061541,0.01647,-0.0073301,0.011325,0.0069843,0.067546,-0.1385,0.011888,0.16962,0.14629,0.091613,0.055881,-0.1161,0.0030332,0.045742,0.056056,-0.052908,0.24241,0.1113,-0.097622,0.086251,0.12446,0.057278,0.14132,-0.11673,0.13981,-0.04686,0.15143,-0.02061,-0.0323,-0.012508,-0.04046,0.13074,-0.085195,-0.00076443,-0.16834,-0.146,-0.20929,0.070741,0.13214,0.14298,0.041265,-0.01555,0.028872,0.10497,-0.0048232,0.066489,0.045774,0.02112,0.034845,0.10406,0.064164,-0.066405,0.10696,0.063795,0.13996,0.11593,0.071701,0.024981,-0.071449,0.073488,-0.055191,-0.18129,0.095395,0.065628,-0.051255,0.012067,0.18446,0.13849,0.17744,0.13871,-0.041369,-0.056689,0.10797,-0.069596,-0.13203,-0.02665,-0.18447,0.18587,-0.050324,0.18944,-0.15384,0.15302,0.061028,-0.027438,0.077665
-0.079617,0.064562,0.077922,-0.0465,-0.012624,0.11038,-0.03422,0.11175,-0.12654,0.086384,0.18595,0.21934,-0.043517,0.17529,-0.054281,0.0094049,-0.0048175,0.054227,0.078386,-0.057369,-0.056047,-0.056712,-0.095248,0.046481,0.06241,-0.06555,-0.11313,-0.1741,-0.0033605,0.13911,-0.02358,-0.022108,-0.02458,0.016668,0.12099,-0.025369,-0.03194,-0.096297,0.063192,-0.085736,-0.043662,0.17566,-0.0099202,0.095146,0.20839,-0.035254,-0.13001,-0.051329,0.14081,-0.088732,0.071814,0.01563,-0.055919,-0.0026595,0.020268,-0.052728,-0.083292,0.066973,0.02316,-0.017462,-0.095154,-0.16699,0.14973,-0.067091,-0.029495,-0.046441,0.019437,-0.046789,-0.052098,0.08856,-0.17444,-0.033239,-0.013219,0.025143,0.078745,0.01568,-0.0017936,0.017948,-0.015579,-0.030939,0.091853,-0.021086,-0.043474,0.097042,-0.099585,0.1039,-0.0984,0.11194,0.017014,-0.1509,0.0038114,0.056297,0.11165,-0.019431,0.075873,0.26802,-0.0027451,0.031382,0.12064,0.13185
-0.032636,-0.075019,0.052227,0.13846,0.02579,-0.031995,0.22107,-0.054918,-0.07991,-0.15247,0.16196,-0.17347,0.067609,-0.018045,-0.028315,0.0071375,-0.14152,0.019831,-0.11006,0.07561,-0.065684,0.046259,0.098607,0.079445,0.11113,0.066969,0.19503,-0.016077,0.23989,-0.17054,-0.027281,0.0030915,0.069153,-0.25063,0.0033534,-0.039617,0.0018865,-0.09245,0.1868,0.14149,0.041934,-0.11524,-0.099659,-0.019684,-0.12528,0.1875,-0.039128,0.067473,-0.078184,0.045347,-0.039391,-0.13221,-0.01875,0.19243,0.028319,0.026175,0.047675,-0.036287,0.12267,-0.01043,-0.071926,0.12248,0.16889,-0.035147,0.0021224,0.099612,0.017029,-0.04057,0.027907,0.057127,-0.042298,0.026928,-0.089623,-0.064783,0.023688,-0.020418,-0.081869,0.19978,0.074029,-0.082462,0.06459,0.13693,0.10539,-0.053257,-0.15576,0.12661,-0.010428,0.024797,0.056151,0.041417,-0.021954,0.033094,0.11259,0.10549,-0.057251,0.046195,-0.12531,0.027349,0.0060408,0.10756
0.10687,-0.071648,-0.11385,-0.050579,-0.056484,-0.010274,0.02171,0.092608,-0.12357,0.041824,0.053095,0.056276,-0.17137,-0.018192,0.00078677,0.10932,-0.1626,-0.07258,0.064408,-0.011287,0.074556,0.061689,0.035064,-0.26229,0.063389,0.00081805,0.093506,-0.12905,0.093775,-0.0869,0.024398,0.090899,0.060119,0.062137,-0.016832,0.10939,-0.12167,-0.050683,-0.050004,0.068673,-0.15864,-0.036963,-0.028637,0.26195,-0.24424,0.11057,0.18732,-0.026898,0.079607,0.21245,0.15839,-0.028602,-0.035925,0.0029278,0.062857,-0.025698,0.034345,-0.053778,-0.099915,-0.087624,-0.077788,0.060246,-0.064787,-0.041749,0.14727,0.16284,0.0031211,0.13964,-0.097432,-0.018361,0.10677,-0.041224,-0.063262,0.15048,-0.025325,-0.05674,-0.060428,0.091055,0.027093,0.11491,0.028835,-0.0271,0.038376,0.21675,-0.076853,-0.13441,-0.11942,0.090391,0.0031357,0.054181,-0.024,-0.057661,0.056043,-0.099892,0.11905,0.16439,-0.25837,0.00065989,-0.1651,-0.017673
0.0328,0.14792,-0.026379,0.058803,-0.049586,0.13124,0.05009,-0.087348,-0.071045,-0.047478,-0.036784,-0.09216,-0.0078049,-0.12195,-0.030349,0.17531,0.13665,0.098854,0.014549,0.11137,-0.10647,0.099056,-0.1177,0.067304,-0.0043925,-0.14355,-0.038452,-0.063965,-0.19974,0.067158,-0.0053803,-0.030675,0.14004,0.022835,-0.013343,0.074888,-0.030758,0.053151,0.058109,0.025513,-0.18558,0.13211,-0.038514,0.085661,0.092279,0.15899,-0.067268,-0.0080556,0.11295,0.0071802,-0.025975,-0.21061,0.097459,0.12834,-0.050797,-0.032421,-0.14375,0.23816,-0.13995,-0.047025,0.011315,-0.017776,0.04245,0.012749,0.11329,-0.011597,0.02445,0.1125,-0.011067,-0.16059,0.053888,0.057189,0.026696,-0.022694,-0.13174,-0.13771,0.002737,0.055417,0.13496,-0.028244,0.0029428,0.11933,-0.027283,-0.045988,0.062406,0.13444,-0.019924,0.064826,0.030977,-0.050265,-0.094558,0.058468,0.14701,0.124,-0.14815,-0.036331,-0.080351,0.03971,0.040033,-0.13026
0.011966,0.15688,-0.0069197,0.039554,0.053487,0.23066,-0.070805,0.0015312,-0.0099858,0.114,-0.1287,0.078961,-0.15579,-0.024902,-0.026183,0.16946,0.17012,0.079353,-0.13366,0.082849,-0.058107,0.12256,-0.084993,0.012471,-0.17205,-0.15106,-0.036528,-0.06562,-0.070576,-0.14983,-0.13141,0.031749,0.10557,-0.017716,-0.027658,0.11519,0.10823,-0.17003,0.031716,0.054354,-0.14276,0.045708,-0.12353,-0.064926,0.029682,0.099397,-0.047187,0.07071,-0.060018,0.0076178,-0.074655,-0.014251,-0.14542,0.31678,0.10183,-0.10908,-0.11807,0.12752,0.040851,0.051936,-0.061995,-0.013576,-0.11498,-0.11995,-0.063579,-0.0050114,-0.030172,-0.062365,-0.072101,-0.047572,0.024178,-0.13325,-0.042547,0.17839,-0.060639,0.087874,-0.17939,0.063321,-0.16808,0.1396,-0.025564,0.059773,-0.031685,-0.27074,-0.009766,-0.11812,0.042099,0.0080141,-0.0012393,0.043415,0.04312,-0.065635,-0.14929,-0.10464,0.053671,0.12235,0.13152,-0.096714,-0.030339,0.10918
0.064281,0.037604,-0.083992,0.18118,0.084389,-0.085507,-0.04801,-0.11814,0.069923,0.00018887,-0.0063339,-0.0061001,-0.044499,0.11414,-0.055683,-0.065232,0.031499,0.098291,-0.10444,0.018634,-0.018426,-0.27244,0.063739,-0.04768,0.073659,-0.018251,-0.067718,-0.26924,-0.050621,0.052819,-0.053207,0.11189,0.036775,0.097682,-0.082666,0.01427,0.10018,-0.061355,0.10234,-0.01568,-0.070066,0.045268,0.043701,0.052269,-0.096282,-0.074706,-0.099452,0.048656,-0.028486,0.027482,0.090084,-0.22354,0.017344,0.021244,0.010482,-0.047122,-0.14626,-0.059137,0.068282,0.27136,-0.021227,-0.0093801,-0.10362,0.084588,-0.17605,0.064558,0.034252,0.083515,-0.039131,-0.07527,-0.088995,0.15658,0.040216,0.17508,0.12755,-0.0048687,-0.19567,0.16924,0.034661,0.037099,-0.031597,0.07902,0.0044918,-0.079324,0.28035,-0.052888,0.15493,0.044986,-0.092624,0.1303,-0.061392,0.10797,0.084806,0.090048,0.048072,-0.10302,0.12833,0.0019971,-0.12433,-0.17684
-0.040506,-0.093892,-0.0068723,0.042231,-0.035967,-0.1371,-0.12724,0.16709,0.052571,0.047741,0.018527,-0.017961,-0.10084,0.014824,0.068495,-0.0049753,-0.046364,0.021319,0.026795,0.14552,0.041786,-0.028559,0.1005,-0.046439,-0.23038,0.076348,0.026689,0.020001,-0.049185,-0.07578,-0.0012015,0.013657,-0.18777,0.032855,0.099902,-0.11362,-0.13345,0.076842,0.043536,-0.021854,0.12954,-0.12074,-0.054433,-0.21903,0.1164,-0.025682,-0.14081,0.058849,-0.015026,0.021892,0.017996,0.070519,-0.15014,-0.15951,-0.004775,0.041187,-0.16221,0.11266,0.0078693,0.040918,-0.092189,-0.12284,0.065878,-0.020829,0.013789,0.022364,-0.11615,0.026547,-0.10105,-0.091677,-0.0077843,-0.063522,-0.051231,-0.11148,0.054409,-0.007448,-0.017973,0.032605,0.045701,0.018455,-0.0090923,0.054729,-0.029733,-0.038031,-0.14611,0.031129,-0.11577,0.12464,-0.058456,0.12644,0.068563,-0.093004,-0.08741,-0.15573,-0.23148,-0.038359,-0.119,0.042849,0.12113,0.051395
-0.07051,0.039574,-0.023174,-0.0051545,0.02472,0.046855,-0.0074521,0.080506,0.020193,0.010868,-0.14987,0.15576,0.22938,-0.097629,0.12519,0.054788,0.07054,-0.16585,0.1012,0.1946,-0.1526,0.12772,-0.03681,0.030504,0.023066,0.063963,-0.05253,-0.019751,-0.17574,-0.16956,0.036021,-0.069743,-0.028236,-0.087692,0.053141,0.031383,0.24571,0.070889,-0.069884,-0.014828,-0.0018518,-0.20565,0.054778,0.074415,-0.052725,-0.079273,0.00034599,-0.10523,0.019391,-0.16752,-0.099045,-0.0065724,0.032103,-0.082636,0.048909,0.06537,0.10527,0.043982,0.13861,0.036155,0.14169,0.069586,-0.015561,-0.046369,0.22994,-0.093864,-0.11486,-0.007831,0.21184,-0.024891,0.022,0.011605,-0.044193,-0.035652,0.22155,-0.15416,-0.020582,-0.027218,0.039418,-0.076388,0.069661,0.079368,-0.13347,0.10612,-0.0042498,0.012239,0.15454,0.010056,-0.076965,0.033294,0.0050988,0.086688,0.12201,-0.18251,0.10163,0.099434,-0.21038,-0.060187,-0.0071027,0.18977
0.12114,0.22586,-0.034671,-0.034965,0.022577,-0.05256,-0.18344,0.0030772,-0.13434,0.027006,0.12257,-0.080565,0.051819,0.032008,-0.063947,0.0029869,0.014146,0.086443,-0.0044045,0.13321,0.011655,0.023681,-0.012134,0.068734,0.010307,0.13174,-0.071802,-0.20352,-0.080958,-0.0065833,-0.029414,-0.037627,0.15159,-0.098334,0.044523,-0.088873,-0.049142,0.011312,0.029218,-0.0025183,-0.15135,0.044327,-0.0070972,-0.10225,-0.16106,0.10302,0.024608,-0.011542,0.19247,-0.08564,-0.11764,0.0064849,-0.011961,0.080638,0.17173,-0.23278,0.092115,-0.0637,0.010597,0.1025,0.043436,-0.13889,-0.19082,-0.11408,-0.032715,-0.20645,-0.005883,-0.056975,-0.20643,-0.044365,-0.049892,0.13449,0.024301,0.10996,0.043997,-0.17572,0.11767,-0.026409,0.011047,0.033052,-0.0022106,0.05987,0.07257,-0.011772,-0.18862,-0.13968,-0.040324,-0.12864,-0.22982,-0.010139,-0.036181,0.1154,0.004996,0.10548,-0.063361,0.17994,-0.011613,0.075183,-0.025654,-0.079659
-0.058728,0.011954,-0.0012495,-0.077964,-0.078413,-0.065768,-0.069667,-0.11296,-0.053366,-0.053618,0.03115,0.0053249,-0.049063,0.012405,0.00017783,0.034328,0.0042241,-0.036441,-0.025959,0.10011,-0.032496,-0.054643,0.0013023,0.034657,0.29184,0.049793,-0.22026,0.011067,0.10144,0.057937,-0.042425,0.036724,-0.066757,-0.097968,0.071292,0.12047,-0.10358,-0.19261,0.081412,0.020965,0.024218,-0.3868,0.2084,0.020369,-0.097024,-0.075247,-0.090617,0.19583,-0.03443,-0.15308,-0.20456,0.056557,-0.0412,0.045481,-0.094531,-0.079053,-0.093211,0.073976,-0.0648,0.016855,-0.058906,-0.023193,-0.014518,-0.029501,-0.10574,-0.12637,-0.034767,0.13292,0.01118,0.11401,0.1894,-0.02589,0.1489,-0.031795,-0.11942,-0.079789,-0.093593,-0.18023,-0.14961,-0.018237,0.028714,-0.17004,-0.17131,-0.097151,0.062657,0.1905,0.074098,0.06923,-0.15538,0.27304,0.03171,-0.033167,0.045956,-0.039189,0.13417,-0.023342,0.17284,0.080788,0.21534,0.029192
-0.031401,0.07102,-0.084276,-0.15861,0.15767,-0.26893,-0.17784,-0.02923,0.017751,0.024436,-0.14051,0.20061,-0.14099,-0.015624,0.024818,0.0085549,-0.079042,-0.051085,0.060208,-0.0047067,0.027967,-0.061943,-0.19763,-0.16569,-0.041357,0.010881,-0.22271,0.13554,-0.059083,-0.12899,-0.13322,0.030799,0.18059,-0.11787,0.084699,-0.05473,-0.1049,-0.07544,-0.089282,-0.066738,0.038128,0.046647,0.044363,-0.012646,0.11281,0.11703,-0.026238,0.12253,0.14862,0.1775,0.036373,0.11983,0.18727,0.12788,-0.015675,0.095326,0.037158,0.14133,0.089449,0.078444,-0.08349,0.068424,0.093038,0.0085879,-0.016338,0.040833,0.026226,0.13419,-0.013015,-0.074797,-0.033691,-0.075738,-0.08101,0.086201,-0.00021531,-0.23104,-0.055248,-0.25919,0.052677,0.13157,-0.0059145,-0.061985,0.026023,0.086872,0.099093,-0.086559,-0.0764,-0.13253,0.018897,-0.25803,0.090888,0.022977,-0.087377,-0.06936,-0.15692,-0.04635,-0.066266,-0.13577,-0.058051,0.069401
0.085367,-0.14978,0.046319,-0.10304,-0.06252,-0.071148,0.026123,0.069907,-0.10447,0.10437,0.14139,0.0095445,-0.044469,-0.075639,0.0065533,-0.012693,0.064102,-0.043701,-0.021493,0.025576,0.059134,-0.025084,-0.12647,-0.20114,-0.15046,0.025681,0.0052609,-0.021186,-0.15335,-0.12695,-0.024646,0.034463,-0.11598,0.022846,-0.040736,-0.050345,-0.01324,0.027996,-0.057536,-0.064963,-0.26248,-0.025949,0.12889,-0.15238,-0.029966,0.11586,0.028242,-0.057784,-0.054765,-0.040586,-0.073737,0.0011525,0.0044672,-0.18376,0.042701,0.18597,0.041435,0.1359,0.07681,0.047145,-0.055831,-0.053993,0.14989,0.070001,-0.12695,0.033095,0.035292,0.0039799,-0.069216,-0.11126,-0.12538,-0.0036575,0.08222,0.11705,0.05317,0.17647,0.007021,-0.099164,0.0038519,-0.018732,0.014713,0.08976,0.02013,0.09093,-0.18958,0.047571,0.03882,-0.096847,0.11599,-0.11885,0.075776,0.0028054,-0.10138,0.017931,-0.013979,-0.0038133,0.18248,0.048878,-0.14582,0.11105
-0.099016,0.011852,0.043502,-0.04325,-0.24315,0.0055552,0.026987,-0.15338,-0.014273,0.12487,0.06775,0.098922,0.068724,0.024594,0.053324,0.2236,0.11613,-0.10089,-0.24419,0.042491,-0.031812,0.017144,0.026868,-0.17425,-0.043671,-0.056631,0.066646,0.17402,0.048616,0.016466,-0.31108,-0.14802,0.05767,-0.11728,-0.033226,-0.01376,-0.00355,0.025398,0.074278,0.022729,0.0388,-0.058747,0.013785,0.1471,0.012492,-0.053013,-0.033395,-0.055039,-0.02894,0.011646,-0.087355,0.015137,0.03041,-0.0045045,-0.13327,0.022156,-0.04071,-0.086805,0.045167,-0.02902,-0.015857,0.14767,-0.0059498,0.036657,0.062485,0.032991,0.005842,0.027076,0.022933,0.16984,-0.27159,-0.044594,-0.082941,0.0010196,0.10927,-0.070851,0.23099,0.077555,-0.21926,-0.080471,-0.070041,0.13392,0.059115,0.019708,-0.21923,0.089741,0.030794,0.095837,-0.015277,-0.16737,-0.086254,-0.20871,0.042121,0.11973,-0.14861,-0.075184,0.090521,0.12437,-0.043575,0.011114
0.074172,-0.1482,-0.056432,-0.13656,0.10378,0.047596,0.051812,0.11897,-0.096172,-0.14833,-0.14721,-0.033584,-0.071208,-0.003312,0.25684,-0.0013967,0.11658,-0.072816,0.064073,-0.027408,0.048223,-0.14071,-0.023871,-0.1125,0.027004,0.01033,-0.017013,0.016119,-0.006085,-0.081945,0.014253,0.045634,0.17228,-0.075878,-0.023663,0.11368,-0.23573,0.11131,0.13281,0.10608,0.14055,0.049763,0.024809,-0.0069897,0.20776,0.026165,-0.0020618,0.10514,0.016187,-0.040943,-0.10743,0.16428,-0.11551,-0.073465,0.048106,0.10614,0.24721,0.059939,0.13424,0.029979,-0.086058,0.071935,0.15327,-0.13556,-0.026872,-0.088801,-0.13433,0.073398,0.14627,-0.014867,0.0058078,-0.20574,0.018509,0.00089657,-0.073667,-0.045981,-0.019283,0.072268,-0.054868,-0.063906,-0.15728,0.15315,0.10477,-0.062147,0.0030089,0.046906,0.057611,-0.012942,0.15143,0.037932,0.023097,-0.075073,0.03262,-0.059678,-0.021771,0.1306,-0.061783,-0.083076,-0.0046252,-0.01311
-0.080914,-0.017351,0.13396,-0.040367,-0.20737,-0.12991,0.090956,0.16788,0.090262,0.004467,-0.08404,-0.15009,-0.10894,-0.082024,0.14424,-0.27337,-0.14408,-0.037073,0.040059,-0.10316,0.033331,0.035131,-0.080387,0.097561,-0.060657,-0.093123,-0.011356,0.038157,0.0099917,0.00512,-0.1815,0.070796,-0.10758,0.19727,0.022145,-0.049313,-0.079761,-0.062179,0.021774,-0.068259,0.045261,0.15132,-0.21562,0.020639,0.019829,-0.023182,0.12626,0.05753,-0.11434,0.069253,0.053101,0.052352,-0.012159,-0.074898,0.0071852,0.084669,0.0057117,-0.17383,0.14108,0.044365,0.13707,0.04015,-0.061191,-0.076489,-0.073097,0.11106,-0.038793,-0.22642,-0.044354,-0.059782,-0.23911,-0.16922,-0.061139,0.003221,-0.056526,0.0077923,0.044272,-0.0018333,-0.036776,-0.054781,0.09588,-0.0022479,-0.14092,-0.043961,0.068079,-0.044346,-0.040778,-0.037801,0.035437,0.010379,0.028821,0.2123,0.016677,0.024632,-0.10168,0.059477,0.18399,0.15309,-0.017619,0.084716
0.078935,-0.15061,0.017351,0.087291,-0.12032,0.02121,-0.15162,0.081173,-0.10797,0.13886,-0.0076722,0.10951,-0.22795,-0.012805,-0.12765,0.14304,-0.070625,-0.083129,-0.034905,0.093018,0.093791,-0.16746,0.033083,-0.1127,-0.0027562,-0.066447,-0.05704,-0.012195,-0.062882,-0.013606,-0.0057232,-0.10535,-0.26508,-0.06041,0.032836,0.013718,0.025284,0.045554,-0.023717,0.0075341,-0.033279,0.21598,0.033571,0.036731,4.7982e-05,0.048986,0.059817,-0.020681,-0.01951,-0.17976,0.085414,-0.093878,0.28545,-0.082083,-0.098269,0.14063,0.043008,-0.016691,-0.078788,-0.025989,0.06178,-0.0836,0.092211,-0.11985,-0.067432,0.21747,0.10372,0.089351,0.01085,0.022594,-0.063126,0.21097,0.044856,0.15492,-0.13711,-0.076993,0.1385,-0.016421,0.087375,-0.048094,0.069301,0.055717,0.038636,0.13229,-0.016217,0.097607,0.35324,-0.03101,-0.20108,0.066696,-0.10835,0.14095,0.0072564,0.088944,-0.066346,-0.0017741,-0.23503,0.072741,-0.14454,0.089564
0.10217,-0.070641,-0.10054,0.0016607,0.095874,-0.10761,0.092539,0.0016976,-0.061139,-0.091622,0.028098,-0.012141,0.051643,-0.084701,0.082831,0.012206,0.11463,0.22396,-0.12585,0.0031678,-0.050654,0.021518,-0.0078612,-0.064782,0.073816,0.13349,0.0020282,0.13396,0.03091,-0.0062643,0.057387,-0.027841,-0.0038275,-0.022632,0.12152,0.068847,-0.053449,0.020516,0.086641,-0.097749,0.03172,-0.1145,-0.085214,0.06484,-0.0028247,-0.024841,-0.084469,0.0021328,0.12848,-0.12624,0.10843,0.025447,0.11715,-0.081748,-0.11607,0.015433,-0.067081,0.049339,0.040069,0.019253,0.14984,-0.067538,0.21284,0.047178,0.015186,0.12111,-0.09512,0.02023,-0.06481,0.077317,-0.071482,-0.091875,-0.045183,0.015299,-0.11622,-0.03628,-0.1312,-0.2012,0.097834,0.1701,-0.066187,-0.080095,0.11267,-0.13517,-0.020272,0.0081306,0.079057,-0.082261,0.042632,0.026273,-0.11122,-0.046009,0.19845,-0.035805,0.1127,-0.043699,-0.074696,0.061716,0.028392,0.070238
-0.1409,0.091926,0.012639,0.08829,-0.016218,-0.060421,0.15261,-0.010141,0.21993,0.066646,-0.11197,-0.16294,0.061865,-0.015554,-0.11748,0.041389,0.0042822,0.14981,-0.084601,-0.066023,0.017183,0.080451,-0.12762,-0.15676,0.025748,0.039445,0.0072086,-0.19536,-0.12661,0.070986,-0.027023,0.086593,-0.077027,-0.018391,-0.039646,-0.14947,0.039221,0.15718,-0.027731,0.056705,0.072895,0.03871,-0.064622,-0.15018,0.013068,-0.07494,-0.0043987,-0.24152,0.011567,0.055513,0.091508,0.018266,-0.17417,0.013753,-0.22292,0.073559,0.02506,0.10369,-0.030704,-0.075809,0.13839,0.10237,-0.10903,0.19153,0.0022849,0.14808,-0.13839,0.13577,0.19242,-0.074208,0.008793,-0.0027571,-0.06749,-0.015111,0.055323,0.20046,-0.07604,0.052668,-0.12309,-0.068839,0.070693,0.18453,-0.091006,0.022793,-0.16871,-0.13098,-0.055136,0.018193,-0.016238,-0.018321,-0.071697,-0.12785,-0.063008,-0.14056,-0.21862,0.012353,-0.098358,-0.13857,-0.030961,-0.028756
0.0070354,-0.084007,-0.1357,-0.23578,0.1141,-0.035649,0.040276,-0.049039,0.0045144,0.055375,-0.00042054,0.053913,0.10525,0.03507,0.043011,-0.092759,0.13438,-0.050585,-0.0070515,0.11346,0.25159,-0.012151,0.0083288,0.16013,-0.1508,0.067004,-0.10006,-0.12082,0.026453,-0.2253,0.047815,0.18954,-0.020038,-0.078999,0.072858,-0.019548,-0.051562,0.013401,0.12898,0.1161,0.018787,0.027125,0.035792,-0.0035707,-0.3047,0.065914,-0.075381,-0.15972,0.10471,0.023146,-0.083665,0.10746,-0.071156,-0.027013,0.1091,0.19253,0.021835,-0.064413,0.12932,0.072704,-0.18084,-0.11466,-0.021031,-0.05169,-0.10565,0.044649,0.031153,0.019617,-0.057794,0.19261,0.013704,0.12556,0.071107,0.11921,0.056235,0.085439,0.13085,0.02284,-0.042918,-0.05395,0.17219,-0.11034,0.051676,-0.14989,0.10303,-0.17333,0.021454,0.13463,0.14924,0.088182,-0.059901,0.15312,0.028562,-0.13217,0.087553,-0.031274,0.00084444,0.077826,-0.098832,-0.13869
-0.12282,0.0038198,0.096875,0.0029967,0.015888,-0.068273,-0.097535,0.067375,-0.20671,-0.063047,-0.086168,0.012371,-0.1702,0.073749,0.034192,-0.037917,0.087662,0.27641,0.08829,0.074822,0.015873,0.028223,-0.12134,0.13115,-0.04871,0.17382,-0.085293,0.087518,0.030481,-0.11507,-0.052744,0.082329,0.1683,-0.14712,-0.016925,0.041578,-0.12042,-0.023889,0.082935,-0.069909,0.016442,-0.0077906,0.068028,0.15015,0.16413,-0.075314,0.07124,0.0051394,-0.12024,0.072166,0.059866,-0.01054,-0.056064,0.0020549,0.080336,-0.072614,-0.20448,-0.019746,-0.011265,0.012611,0.039966,0.050627,-0.033431,-0.099774,0.1559,0.17479,0.1072,-0.16618,0.0073061,0.048013,0.09314,0.076586,-0.029053,0.054943,0.10248,-0.037427,0.0058237,0.12082,0.1959,0.014455,0.087542,-0.048958,0.040739,0.035739,-0.19608,0.11574,0.094517,0.084575,-0.047323,0.027974,0.23118,0.10421,-0.24441,0.11302,-0.12406,-0.061284,-0.034449,-0.021033,0.019483,0.0623
-0.0061653,0.023288,-0.023553,-0.051766,0.077129,-0.086344,0.048904,0.018571,0.055721,-0.069409,-0.051861,0.027106,0.026007,0.23994,-0.14903,-0.052219,-0.16515,0.040315,-0.091907,-0.033905,-0.25183,0.054199,0.11454,0.26987,0.13566,-0.02414,0.003601,-0.16153,-0.26404,0.10934,0.008303,0.19732,0.15896,-0.091483,0.12336,-0.13987,-0.12163,0.023011,-0.067957,-0.030739,-0.00673,0.020569,0.0011699,-0.072849,-0.17494,0.14247,-0.13608,0.073369,-0.025183,0.063743,-0.043505,0.026988,0.052681,-0.0068753,-0.002347,0.15378,-0.0043496,0.097012,0.062668,-0.22561,0.037373,0.069493,0.044282,0.00027865,-0.036078,-0.040864,-0.024678,-0.0090538,-0.038305,0.025493,0.12238,0.10129,-0.13158,0.080363,0.015931,0.035492,-0.088033,0.079241,0.12662,-0.077834,0.17142,-0.15568,-0.073665,-0.011125,-0.030609,-0.10339,-0.11461,0.056346,-0.034015,-0.12449,0.016975,-0.029166,0.082598,0.04356,0.11434,-0.031853,-0.021596,0.13986,0.070939,-0.10965
-0.075514,-0.27099,-0.020481,0.078601,0.035966,-0.062032,0.027998,-0.089628,-0.052272,-0.043442,-0.016078,-0.083482,-0.05653,-0.069309,-0.19513,0.039897,-0.090169,-0.058166,0.032679,-0.11888,-0.04242,-0.0014024,0.024677,0.086485,-0.025283,0.15453,0.015386,-0.057858,-0.089947,0.11971,-0.050959,0.10523,0.0072874,0.053408,0.072248,-0.16071,-0.096259,-0.078999,-0.013785,-0.051046,-0.038708,-0.15351,-0.065859,-0.014357,0.042031,-0.025635,0.020136,0.046331,0.038198,-0.15118,0.097711,-0.0083164,-0.21169,0.037776,0.034688,0.12379,-0.15851,0.12666,0.085591,-0.057041,-0.01237,0.019065,-0.030893,-0.025613,0.052008,0.014096,0.26412,0.12969,0.042299,0.12409,0.15269,0.093918,0.057931,-0.18188,-0.023179,0.021931,-0.02521,-0.059883,-0.22615,-0.069962,-0.092041,0.15654,-0.024314,-0.068544,-0.19513,-0.041597,0.039749,-0.085701,-0.084123,-0.17388,0.087778,0.1478,0.11647,0.1119,0.16398,0.073768,0.072439,-0.026976,0.05347,0.13868
0.01539,0.042903,-0.059171,-0.15031,0.077251,0.052939,-0.020152,0.054736,0.014137,-0.045839,0.086402,0.079862,-0.025508,0.034051,-0.063438,0.13688,-0.13092,0.13857,0.19546,0.083011,-0.065035,0.092649,0.052503,0.14979,-0.059263,0.17437,-0.058818,0.073846,0.11258,0.036608,0.14354,-0.20481,0.14542,-0.055305,0.061682,0.055205,-0.064652,-0.22788,0.023435,-0.060155,0.005584,-0.003057,0.0083529,0.075314,-0.0031352,-0.15472,-0.08548,0.076945,-0.021942,0.046654,-0.037584,0.035418,0.068035,-0.031441,0.057756,0.011356,0.11459,-0.080019,-0.061409,-0.031601,0.097909,0.03994,0.071878,-0.095938,-0.20668,0.082372,-0.07677,-0.010287,0.058254,-0.026858,-0.089835,0.016403,-0.16317,0.080013,0.19373,-0.05915,0.10568,-0.030474,0.10492,0.0010381,-0.021658,-0.057811,0.077631,-0.065249,-0.05323,0.055903,-0.060566,-0.082945,-0.15869,-0.064726,0.022378,0.11618,0.19608,0.16443,-0.15171,0.051162,0.076359,-0.089332,0.19802,-0.020733
0.031873,-0.22179,-0.13598,-0.047065,-0.10098,-0.099464,-0.035382,-0.05892,0.10612,-0.20015,-0.096324,0.0071234,-0.081989,0.12995,-0.12009,0.051076,0.09753,-0.072165,0.0031141,-0.058799,-0.093303,0.085334,0.15787,0.002852,0.10285,-0.082715,0.23441,-0.035956,0.10365,0.20601,0.0031118,0.025651,0.086453,0.059469,-0.071262,0.13839,0.015748,-0.23621,0.092904,-0.021907,0.20058,0.041505,0.070368,0.11909,0.043294,0.062758,-0.17876,-0.077582,0.021302,-0.021522,-0.074404,0.21573,-0.11186,-0.0077225,0.0075751,0.056871,-0.018251,0.012989,-0.10295,0.056603,0.029297,-0.14121,-0.057602,-0.024392,-0.02933,0.083591,0.014862,0.23224,0.0024307,0.063408,0.049605,0.0017195,0.038357,0.078841,-0.0788,-0.14212,0.098379,0.076101,0.12197,-0.095124,0.14941,-0.08021,-0.027888,-0.10292,-0.052672,0.18746,0.11175,0.16446,0.048407,-0.060018,-0.0090045,0.0079365,-0.0030287,0.014299,-0.088291,-0.1704,-0.045027,-0.080424,-0.10232,-0.06635
0.071192,-0.030065,-0.024042,-0.058218,0.074012,-0.028028,-0.024228,-0.06685,0.15303,-0.066179,-0.16933,-0.073692,0.0039465,0.0531,0.21302,0.02933,-0.089374,0.097056,-0.0036695,-0.097855,-0.057565,0.00082181,-0.042985,0.11618,-0.018009,-0.042389,0.03731,0.0076533,0.085634,0.070267,-0.08424,0.16707,0.029446,0.012405,-0.0017174,0.091495,0.042972,0.081491,-0.064429,-0.14166,0.016494,0.14502,-0.24691,0.083981,-0.19599,-0.081689,0.018131,-0.10696,-0.03689,0.021163,0.13236,-0.1779,0.010995,-0.15435,0.16228,-0.051038,0.01786,-0.097558,-0.093401,-0.0020029,0.073944,-0.098201,0.098556,-0.079408,-0.050767,-0.064966,-0.05254,-0.12869,0.30078,0.039667,-0.1383,-0.098744,-0.091653,-0.2556,-0.037984,0.016578,-0.0093739,-0.12686,0.062387,-0.039322,-0.19573,0.080454,-0.098873,0.10337,0.11215,-0.039753,-0.051548,-0.010674,0.12361,0.087186,0.14856,-0.073677,-0.1141,0.089185,0.1026,0.074167,0.11595,-0.14888,-0.073647,-0.0094292
0.070927,0.0737,0.19271,-0.10127,0.13259,0.12032,-0.013685,-0.12826,-0.0044555,0.025111,-0.088075,0.18822,0.037366,-0.038194,-0.073088,0.21041,0.011037,-0.0099763,6.2658e-05,-0.2015,-0.0945,-0.20963,0.054368,-0.040831,0.21043,0.063702,0.16699,-0.0024251,0.1813,-0.024236,-0.00021406,0.029248,0.16119,0.055338,0.12889,-0.081955,0.14088,0.0064992,0.13559,0.036409,-0.12262,-0.045093,-0.10541,0.14984,0.023933,-0.10317,-0.0025961,-0.025774,0.18156,-0.21412,-0.090128,-0.03442,-0.061456,0.013372,0.00086738,0.0099655,0.032705,-0.025311,0.032171,0.038298,-0.15025,-0.052963,-0.0099225,-0.068948,-0.084469,0.13757,-0.010445,-0.011576,-0.0322,0.087138,0.063434,0.09786,0.144,-0.04547,-0.029513,0.052433,-0.11668,0.029862,-0.019844,0.13805,0.029692,0.0058187,0.15106,-0.052705,-0.020484,-0.068076,0.028965,0.031603,0.19766,0.0005301,-0.0071268,-0.076991,0.084849,0.28424,-0.14357,-0.052707,0.092784,0.085792,0.28573,0.0096931
0.012349,0.0089527,0.13296,0.064549,0.20189,0.0080985,0.037878,-0.10306,0.068476,0.16876,-0.0056627,0.15415,-0.071871,-0.15399,-0.17032,0.03688,0.0056304,0.017143,0.12998,-0.076051,-0.0122,0.057501,0.070219,0.010471,-0.099106,0.012147,-0.022373,0.030208,0.1069,0.032099,0.061573,0.045864,-0.13648,0.11725,-0.017327,0.0069396,0.077439,-0.028908,0.0021789,0.22205,-0.07203,0.027248,0.035637,0.16244,-0.025402,-0.10385,0.10564,-0.019998,-0.13381,0.17357,-0.083173,0.13246,-0.097858,-0.021491,0.022695,0.03714,-0.060797,-0.07033,-0.19707,0.10356,0.11246,-0.051191,-0.082892,-0.032724,-0.086376,0.054352,-0.12801,-0.10917,0.0049599,0.061273,0.023799,-0.11568,-0.13567,0.14941,0.015226,0.0041617,0.097885,-0.079965,0.018774,-0.0804,-0.0023369,0.012084,0.20674,0.0169,-0.016829,-0.18155,0.083632,0.044382,0.064167,0.11272,-0.17209,0.010914,0.046723,0.11195,0.21299,0.097075,0.11885,0.14038,0.041632,0.10379
-0.040551,-0.024693,-0.083121,-0.044553,-0.020652,-0.076706,0.047753,-0.11206,-0.11792,-0.014977,-0.03922,0.010255,-0.10083,-0.20379,0.22836,0.16667,-0.064067,-0.16567,0.038464,0.075776,0.13334,0.058766,0.075585,0.15541,0.07327,0.005839,0.037059,0.062785,0.14383,-0.015323,0.17514,-0.13054,0.051862,-0.031109,-0.069928,-0.21182,0.026849,-0.01626,-0.00063991,0.14266,-0.093421,0.12924,0.0027747,0.0139,0.0084442,0.12382,-0.097893,-0.043189,-0.11909,-0.062305,-0.09077,0.028426,0.09552,-0.023701,0.092925,-0.1525,0.12136,-0.12288,-0.072826,-0.096363,0.067738,0.0072779,0.080073,0.15276,-0.091544,-0.029836,0.13109,0.094065,0.094937,-0.062346,0.11334,0.14552,-0.039269,0.047014,0.050384,-0.091941,-0.020377,0.022504,-0.024522,-0.036103,-0.078506,0.049184,-0.041712,-0.078352,0.11377,-0.075453,0.0051598,-0.091614,-0.07493,-0.013056,0.072991,-0.037452,0.060454,0.15514,0.011115,0.050248,0.1117,-0.088149,-0.13657,-0.0047025
0.10621,0.021652,0.014819,-0.090938,0.14677,-0.010076,-0.074054,0.079734,-0.0080466,0.21992,0.041113,0.056426,0.096292,-0.02657,0.024475,-0.042305,-0.089625,0.019931,-0.1506,0.061733,0.050872,-0.1429,-0.17299,-0.11368,-0.10696,-0.11603,0.03759,-0.11631,-0.053084,-0.021375,0.10632,-0.073979,-0.064987,0.12301,0.045474,0.031448,0.10747,0.097027,-0.069988,-0.12849,-0.14649,0.10152,0.20457,0.12853,-0.077551,0.024083,0.054472,0.14376,-0.035141,-0.1209,-0.03892,-0.1104,0.13998,-0.098459,-0.090187,-0.13887,-0.054327,-0.13242,-0.086278,-0.18113,-0.15233,-0.16898,-0.13635,-0.18636,0.15225,-0.016434,0.010331,0.030087,0.035221,0.031467,-0.1218,-0.20034,0.23489,0.13591,-0.10009,0.1919,-0.00046142,-0.0056634,0.12018,-0.068261,0.011195,0.04258,0.091663,0.090339,0.092897,-0.025273,0.044251,-0.014673,-0.008512,-0.13519,0.028286,-0.19615,-0.10134,-0.0097684,-0.060823,-0.028858,-0.016342,-0.023696,-0.11994,-0.13545
0.037615,-0.021689,-0.025029,0.16779,-0.10107,0.039851,0.06942,-0.018901,0.087311,0.029899,0.046432,-0.014521,-0.12876,0.015385,-0.035514,-0.035205,-0.14088,-0.069645,0.08333,0.19783,0.30878,0.19116,0.071908,-0.023668,-0.14121,0.16162,-0.092317,0.13679,0.079931,-0.033426,-0.14464,0.089685,-0.0246,-0.023209,-0.039145,0.19257,-0.060255,-0.043948,0.023933,-0.063487,0.047184,0.039913,0.088247,0.046092,-0.05398,-0.10772,0.022485,-0.066514,-0.0086899,-0.032608,0.14774,0.10692,0.10797,-0.0076794,-0.010083,0.19063,-0.15409,-0.084396,-0.15328,0.07704,-0.062413,0.1902,0.1433,0.099895,-0.065382,-0.17001,0.041238,0.13765,-0.017182,0.12405,-0.20442,0.19751,-0.10013,-0.093379,0.26621,-0.13076,-0.037938,0.047096,0.032841,-0.037505,-0.12063,0.02534,-0.14686,0.060685,-0.074533,0.07239,-0.094233,0.032431,0.052592,-0.084233,0.046035,-0.014695,-0.056727,-0.038488,-0.10677,0.052735,-0.099895,-0.077504,0.032526,0.095881
-0.13024,0.29687,-0.13184,0.057058,0.057186,-0.19112,0.042314,0.0073824,0.056451,0.0094284,0.094749,-0.0040115,-0.046334,-0.015521,0.025219,0.035167,0.059309,0.10119,-0.19572,0.0062295,0.065396,0.12727,-0.10378,0.013439,-0.075761,0.11547,-0.024237,-0.069784,-0.081418,-0.13632,-0.091063,0.02184,-0.14371,-0.12382,0.079289,0.029081,0.043256,-0.094313,0.10198,-0.030077,0.010441,0.054358,0.025735,-0.017641,-0.075616,-0.13859,-0.00043373,-0.13415,0.0068214,-0.074858,-0.073709,-0.022331,0.0023517,-0.10041,-0.029012,-0.0046155,0.035035,-0.0335,-0.087631,0.015536,-0.002621,0.21743,-0.051731,-0.051409,0.16545,0.029842,-0.084909,-0.19157,-0.11301,0.14059,0.061946,-0.061679,0.053658,0.019513,-0.21757,0.05242,0.022158,-0.023463,-0.097444,0.0263,0.17981,-0.049361,-0.13833,-0.0025725,0.063438,0.095023,0.057356,0.036306,0.020703,-0.082074,-0.090204,0.069516,0.045629,0.1703,0.037319,0.074278,0.15977,-0.010188,0.057574,0.018973
-0.10528,-0.057851,-0.018932,0.064969,-0.034975,-0.034023,-0.14893,0.082315,-0.049833,-0.097204,0.018756,0.039632,-0.079822,0.027494,0.018703,-0.038722,-0.03244,0.10383,0.0029246,0.050524,-0.085756,-0.085653,-0.017479,0.024788,-0.14934,-0.035298,0.13649,0.055607,0.11931,-0.0034997,-0.065328,-0.067799,-0.20292,-0.066444,0.023193,-0.024132,-0.22194,-0.134,0.13848,-0.060789,-0.088971,-0.070058,0.15202,0.044226,-0.055271,0.036213,0.18112,0.016468,-0.052522,-0.024609,0.13014,-0.10934,-0.19087,0.17267,0.12208,0.16756,0.18591,0.021852,-0.13315,0.028656,0.12447,0.093221,0.10603,0.1459,-0.021452,-0.023946,-0.13293,-0.021804,0.20385,0.00032762,-0.032456,-0.13075,0.18302,0.013904,0.11209,0.025798,0.16886,-0.032127,-0.041163,0.072155,-0.1672,0.1339,0.020388,-0.011696,0.15499,-0.11091,-0.094018,-0.13214,0.03642,0.085771,-0.05663,0.04863,-0.10077,0.17047,-0.1299,-0.037188,0.19779,-0.028637,-0.054242,-0.14974
0.0078759,0.066519,-0.019521,-0.080134,-0.10008,0.19864,0.0064635,0.072602,0.057293,-0.048697,-0.068064,-0.051529,-0.20497,-0.045089,0.031867,0.21318,0.020755,-0.062163,0.13485,0.14714,0.28274,-0.10928,0.099085,0.047197,-0.053877,-0.021629,-0.10212,0.14219,-0.089624,-0.18546,-0.02941,0.041343,0.11765,-0.072858,-0.036546,-0.057222,-0.089122,-0.066571,-0.014449,0.22313,-0.05076,0.029725,-0.044267,0.12302,-0.027541,0.010258,-0.018014,0.11306,0.12737,-0.034813,-0.0019868,-0.0089663,0.01034,0.14101,0.048558,-0.013936,-0.15912,-0.14031,0.043762,-0.0047514,-0.12863,-0.13623,0.098896,0.10027,-0.10027,0.22282,0.07456,0.18802,-0.041272,-0.12076,-0.1022,0.017667,0.17458,0.043136,0.2179,0.061635,0.096158,-0.12258,0.06893,-0.028882,0.069698,0.055879,0.18925,0.027254,-0.091107,0.15968,0.070778,-0.058784,0.052901,-0.053284,0.038733,0.12078,-0.07591,0.051285,0.11937,-0.096596,0.085711,-0.075264,-0.13051,-0.046106
0.089101,-0.30561,-0.16667,0.026435,0.057174,0.186,0.008465,0.028503,0.095038,0.038228,-0.0189,0.17526,-0.11855,0.04562,0.22236,-0.024247,-0.1398,0.023559,0.086309,0.0052196,-0.048707,-0.11288,-0.14487,-0.12746,0.14037,-0.11856,0.177,-0.085626,-0.081986,0.1939,0.080871,0.15288,-0.12702,-0.24359,-0.076289,-0.21673,-0.090704,0.22617,0.044871,0.03799,-0.1171,-0.030033,-0.019474,-0.022231,0.036125,-0.029842,-0.12202,0.049472,-0.14625,-0.082843,0.0080805,-0.037549,0.080997,-0.074048,0.12254,-0.057812,-0.13806,0.03588,-0.14143,-0.076731,-0.21697,-0.18075,-0.054234,0.15348,0.00045862,0.089378,-0.037783,-0.060211,0.050059,0.02371,0.036985,-0.13789,-0.0034321,0.15138,-0.065789,0.11763,-0.065989,0.10963,-0.10099,0.026615,0.10359,-0.087186,0.008351,0.16439,-0.12673,-0.19881,-0.096685,0.11632,0.083102,-0.043596,-0.056995,-0.055503,0.064284,0.077805,-0.1073,0.08648,0.085464,-0.06604,-0.16056,0.083941
0.044445,0.044498,-0.0019951,0.044257,0.18475,-0.0027927,0.0038892,0.11028,0.10238,0.019831,0.063847,0.081211,-0.08347,0.075305,0.015501,0.12501,-0.027068,0.058156,0.17378,-0.013473,-0.25298,0.036726,-0.06785,0.03863,0.14453,0.035828,-0.076804,-0.038251,-0.020689,0.013377,-0.0069481,0.064929,-0.10189,0.028352,-0.08102,-0.15913,0.016946,0.076994,0.097785,-0.011266,-0.12102,-0.040395,-0.011379,0.15939,0.28632,0.13042,-0.12747,0.032169,0.051984,0.13758,-0.097702,0.10784,-0.12915,-0.12443,-0.14538,-0.020476,-0.012772,0.22981,-0.078318,-0.14078,0.17123,-0.1736,-0.10505,0.093,-2.6434e-05,-0.059411,-0.092318,0.037846,0.034885,0.085127,-0.036816,0.0041372,0.018978,0.071366,0.053292,0.10615,0.17213,-0.031312,-0.14158,0.21322,0.032925,0.017491,-0.098607,-0.10847,-0.10669,0.042797,0.084403,-0.11428,-0.039239,-0.10392,0.061184,0.073611,0.03601,0.12873,-0.00070096,0.086564,0.091256,-0.0090681,-0.054467,-0.067805
0.01981,0.071827,-0.047074,0.029894,0.12068,-0.012622,-0.0083004,-0.10143,-0.08614,0.012137,-0.0083576,-0.0030932,0.0204,-0.032694,0.14877,0.089921,0.19373,0.19097,-0.04123,0.22983,-0.058948,-0.16349,0.097744,0.13943,0.11216,-0.11921,0.021397,0.027543,0.018779,0.072816,-0.0092863,0.065358,0.10481,-0.15039,-0.026272,-0.036026,0.017196,-0.16149,-0.02353,0.032723,0.0044756,-0.017615,-0.043748,0.014929,0.058737,-0.046494,-0.11501,-0.080374,-0.03449,-0.11012,-0.00011818,-0.12167,0.067513,0.1126,-0.094494,-0.13011,0.0022742,-0.02446,0.14946,0.081871,0.14876,-0.0016846,-0.13127,0.085763,0.11363,0.20185,0.00056288,0.059682,0.00079386,-0.011044,-0.0037678,0.0083151,0.074954,0.10116,-0.14081,-0.062761,-0.019183,-0.005185,-0.11452,0.063143,0.0065186,0.10696,0.041511,0.033573,0.093972,0.12092,0.03084,-0.15794,-0.12181,0.034985,-0.1163,0.13123,0.024126,-0.10185,0.10366,0.013667,0.021873,0.23836,0.010331,0.070779
0.045836,-0.15027,-0.11535,0.16677,-0.22386,0.14778,0.016481,-0.087768,0.036465,-0.0083794,0.21481,-0.047258,0.023172,-0.058857,0.24038,0.11021,-0.0017184,0.081889,-0.11714,0.044446,0.086366,0.1324,-0.03383,-0.16093,0.042402,0.11944,-0.014373,0.033472,0.015872,0.072427,0.11807,0.041182,-0.012987,-0.20016,0.048072,-0.10133,-0.037163,-0.012146,0.20784,0.2072,-0.13325,-0.015437,-0.16163,-0.026972,-0.15982,0.078205,0.081038,0.05313,-0.12375,-0.098337,-0.0090928,0.016604,-0.03731,0.019128,-0.06427,-0.10839,-0.0057733,0.12175,0.047043,-0.032874,0.20092,-0.097677,-0.19659,-0.043231,-0.042675,0.010472,-0.05958,0.048593,0.064748,-0.034773,0.16566,-0.094725,-0.086109,0.12211,-0.081968,-0.016176,0.25055,0.030458,-0.034575,-0.013312,-0.037124,-0.16207,0.052872,0.0062075,0.029591,-0.15551,-0.014537,0.21126,-0.013886,-0.064313,0.10907,0.046569,-0.044552,0.0050606,-0.049653,0.0052741,-0.013433,0.044958,-0.033643,0.10471
0.030824,0.04679,0.039022,0.11217,-0.16608,0.10473,0.019525,-0.075636,0.037755,0.11648,0.0997,-0.082028,-0.027527,-0.0028879,0.11604,0.091678,0.025221,0.042322,-0.073024,0.095563,-0.026983,-0.079123,0.091094,-0.011612,0.18487,-0.025943,0.025856,0.044616,-0.076488,-0.14504,-0.038964,0.020152,-0.027835,0.12045,0.029414,0.046421,-0.14929,0.064273,-0.13276,0.10543,-0.18968,0.090957,0.13139,-0.085809,-0.049144,-0.1512,0.16515,-0.080905,-0.072522,0.047629,-0.068251,0.081022,-0.21671,-0.11455,-0.13706,0.14132,0.071757,0.016675,0.086505,0.14875,0.082651,-0.063748,-0.01842,0.076514,0.177,0.043466,0.031303,-0.09711,-0.22654,-0.079449,0.039808,0.12308,0.10259,0.13336,-0.072903,0.25502,0.16076,0.053178,0.067138,0.015934,-0.1628,0.058948,0.11591,0.01291,0.037142,0.17659,-0.029815,0.10232,-0.0017166,0.0067002,0.022983,-0.0091867,0.073646,0.12451,0.098779,0.072216,0.14914,-0.067929,0.027459,-0.06883
-0.0044136,-0.063068,0.030319,-0.062985,-0.02244,0.1022,-0.060076,-0.10504,0.25645,-0.19599,0.010601,-0.081523,-0.017027,0.047829,-0.00012834,0.059089,0.023591,0.018482,0.014085,0.058304,-0.065556,0.092037,-0.04824,0.062674,-0.098351,0.012658,0.10722,0.052771,0.16957,0.25576,0.14814,-0.0084049,0.070029,0.035894,-0.00085977,-0.15633,0.15328,0.10458,0.072484,0.11014,-0.1073,-0.069783,-0.05231,0.031578,0.15194,0.0082875,0.07071,-0.014308,0.013394,-0.0051725,-0.034563,0.0012393,-0.080514,-0.1375,0.14778,-0.063123,-0.1137,-0.14416,-0.063834,-0.083755,-0.053372,0.022945,0.1192,0.029039,-0.17305,0.089019,0.18516,-0.10818,0.10688,0.0087146,-0.10458,0.1682,-0.074863,-0.021823,0.080884,0.084144,0.096511,-0.0017084,0.05364,-0.071724,0.01754,0.021041,-0.018936,0.12549,0.03463,-0.026872,0.0083903,0.14491,-0.0056573,-0.088376,-0.0095031,0.17767,-0.062689,-0.0385,-0.071433,-0.076327,-0.15219,0.11615,-0.015986,-0.14893
-0.038539,0.014563,-0.051754,-0.052971,-0.06589,0.091025,0.0052605,-0.087209,0.09137,0.18623,0.050323,-0.043434,-0.080134,0.023823,0.051441,-0.0069547,0.068865,0.052318,0.013888,0.12577,0.027646,0.18188,0.11643,0.12906,-0.06383,0.062189,0.0041739,-0.12502,-0.14505,-0.22839,0.070017,0.084884,-0.074598,0.13551,0.018772,-0.0911,-0.20669,-0.0093854,-0.077258,0.13274,0.14716,0.055135,-0.022524,-0.047461,0.0099542,0.059464,-0.0056927,0.14508,-0.10194,-0.063855,0.12935,-0.10066,-0.1906,0.021468,0.1143,-0.068073,-0.1523,0.0040888,-0.040823,0.043949,0.068983,-0.097337,-0.12873,0.11595,0.15793,-0.068456,0.042539,-0.0062595,-0.058561,-0.10009,0.00028471,0.094179,-0.19072,-0.014253,0.012356,0.15631,-0.0020288,-0.063744,-0.13626,0.11815,0.067505,0.23875,0.19311,-0.0050641,-0.051117,-0.033417,-0.015552,-0.092433,0.09038,0.065537,0.21472,0.10865,0.11687,0.092348,-0.097286,-0.042109,0.091587,0.17031,0.033656,-0.07001
-0.11862,0.25449,0.094781,-0.19242,-0.18381,-0.051223,-0.054594,-0.023453,-0.031335,-0.005917,-0.0065362,0.070994,0.077199,0.14254,-0.0035017,0.094066,0.12811,-0.068126,0.030398,0.017604,-0.087121,0.037523,0.11321,0.15745,-0.061081,-0.12268,-0.21654,0.075113,-0.0092411,0.031197,-0.11692,0.09902,-0.090096,0.02331,0.10785,-0.18132,-0.15049,0.13004,0.078013,0.12277,-0.065965,-0.047279,-0.082804,0.028133,-0.16913,-0.15058,0.076479,-0.04247,-0.093055,-0.10188,-0.1686,-0.13474,-0.029245,0.16176,-0.11938,0.1274,-0.11556,0.047155,-0.0070331,-0.10259,-0.014635,-0.052553,0.090413,0.034846,-0.078798,0.025032,-0.079111,-0.10178,0.27552,-0.0028771,0.21547,-0.04084,-0.090161,-0.051667,0.0056568,0.17722,0.1156,0.11778,0.12064,-0.0043308,-0.099464,-0.11468,0.070689,-0.095531,-0.025704,-0.10115,-0.018408,0.021659,0.0036559,0.13969,-0.16467,0.10744,0.056849,0.091343,-0.049967,0.031277,0.08562,0.024044,0.16662,0.098536
-0.12079,0.1199,0.068764,-0.013325,0.12731,0.068436,-0.032342,-0.019457,0.039928,0.15521,-0.038908,-0.045439,-0.027682,0.025869,-0.021974,0.17688,-0.1381,0.044182,-0.048148,0.011768,0.14223,0.041402,-0.021788,0.094222,-0.10739,0.044869,-0.019112,0.067004,0.14922,-0.16668,0.092284,-0.10251,0.070097,0.010592,0.086545,0.088291,-0.10833,-0.096855,0.046205,0.13723,0.013346,0.029473,-0.097613,-0.0070291,-0.050058,0.11982,0.12084,-0.16711,-0.0084081,-0.10032,-0.032514,-0.088147,-0.020976,-0.087512,-0.10618,0.10876,-0.0027216,0.26095,0.014015,-0.00998,-0.058013,0.094454,0.063698,-0.27107,-0.01432,0.10054,-0.16558,0.0080265,0.029676,-0.060814,-0.048395,-0.22001,-0.047211,-0.13064,-0.02724,-0.025489,0.081564,0.018108,-0.04044,-0.0033319,0.020972,-0.05237,0.087776,0.068504,-0.18282,-0.13032,0.048999,-0.19066,0.13878,0.049594,-0.16895,0.071457,-0.022955,0.084997,0.042739,-0.10721,0.052543,0.042991,-0.14044,0.029064
0.14295,-0.11418,-0.091952,0.0039188,0.032524,0.07199,0.015818,0.085293,-0.044449,-0.092354,0.10564,-0.016455,0.13553,0.085803,-0.11209,-0.022337,-0.027947,-0.15755,-0.082937,-0.046244,0.15529,0.16435,-0.045377,0.011536,-0.049133,-0.17994,0.17467,-0.11936,0.030397,0.33684,-0.040927,0.099591,-0.056164,0.11961,-0.078169,-0.16614,0.16185,0.067388,0.051781,-0.084437,0.047842,0.028841,-0.011486,0.076999,-0.16056,0.11907,-0.040554,-0.08807,0.0037258,0.10882,-0.18702,0.0033059,0.11962,-0.069306,0.022973,0.0021546,0.14552,-0.10467,0.049879,0.018573,-0.08717,-0.060362,0.11256,-0.087509,0.001324,-0.02145,-0.061234,0.080538,-0.22454,-0.092904,-0.073312,0.11689,-0.075003,-0.18938,-0.19552,0.012191,0.053686,0.022149,0.1081,0.08708,0.10646,-0.038357,-0.15798,0.145,0.01525,0.0064631,0.012557,-0.066341,0.061785,-0.064255,0.023562,0.15468,0.065884,-0.14999,-0.096534,-0.13142,-0.020693,0.020165,0.018814,-0.035795
0.14856,0.034558,0.18014,-0.069788,-0.13786,-0.18434,0.021709,0.15075,0.17836,-0.037001,-0.12024,-0.19315,0.052267,0.12748,0.047734,0.034887,-0.029487,0.016802,0.096778,-0.062842,-0.031478,0.14305,-0.11201,-0.074061,0.088039,0.024875,-0.080178,-0.1366,0.046491,-0.073185,-0.003868,0.021187,-0.038259,-0.10913,-0.11162,0.15304,0.0351,-0.066683,-0.017724,-0.015231,-0.0073794,-0.034498,0.13721,-0.060662,0.01477,-0.16972,-0.099279,-0.10535,0.033685,-0.084963,-0.038291,0.045825,0.082825,-0.10948,0.019249,0.16652,-0.025535,0.03708,-0.07616,-0.057112,0.084512,0.019952,0.12069,0.055138,-0.027577,-0.044636,-0.070052,-0.041425,0.034799,0.15651,-0.059375,0.10935,0.062189,0.16031,0.17318,0.11036,-0.010287,-0.057327,-0.092689,-0.0055563,0.094777,-0.06371,0.019392,-0.13814,0.14063,0.094654,0.064348,-0.040319,0.025567,0.15371,0.094783,-0.030384,0.060183,-0.055141,0.094707,-0.13545,0.013787,-0.23861,-0.11601,0.014183
-0.15942,0.19114,0.091985,-0.20604,0.08275,-0.010377,0.043825,0.041109,-0.075953,-0.11469,0.013981,0.073906,0.019788,0.069081,-0.18109,0.022436,0.15424,0.033945,-0.068916,0.12791,0.063787,-0.11687,-0.048786,0.12854,0.062944,0.019681,0.068918,0.15755,-0.022711,0.035529,-0.00029332,-0.075964,-0.024322,-0.011431,0.081626,-0.027987,-0.18627,0.13283,-0.1173,0.061581,-0.0065621,-0.073392,-0.04363,-0.019913,-0.087109,0.0013251,-0.15565,-0.12425,0.21079,-0.043171,0.099167,-0.073378,0.018534,0.079509,-0.03451,-0.035413,0.029296,0.19229,-0.1572,-0.0444,-0.052218,-0.13972,-0.027917,-0.076498,-0.1456,-0.0093729,0.0021686,-0.27237,0.056295,0.037246,0.083037,-0.013611,-0.0057335,-0.071466,-0.025094,-0.043223,-0.1212,-0.030331,-0.06287,0.099966,0.15855,-0.020606,-0.073466,-0.016686,0.038563,-0.044291,0.050062,-0.041954,0.14106,0.0026856,-0.061283,-0.028499,-0.055423,-0.046237,0.11991,0.11613,0.025966,0.067448,0.17787,0.17446
-0.047825,-0.027422,-0.14672,0.27472,0.17024,0.0099057,-0.25806,-0.14555,-0.062213,-0.0935,0.12527,0.069764,0.10541,-0.12643,0.064408,0.10727,-0.0021743,-0.0011344,0.037842,-0.0047431,-0.071433,0.12254,0.37362,0.049014,0.057751,-0.018955,0.047694,0.051711,0.077381,-0.017026,-0.16531,0.078054,0.015386,0.078745,0.12977,-0.11626,-0.054218,-0.22152,-0.098881,0.039179,0.1082,0.037145,0.17101,-0.26815,-0.17052,-0.1428,0.11414,0.05236,0.029031,0.031994,0.066433,-0.072775,0.17922,-0.080441,-0.11078,0.12604,-0.11639,0.069208,0.029662,0.14028,0.049051,-0.092628,0.061305,-0.19134,-0.13386,0.14994,-0.014921,0.16326,0.22763,0.13625,-0.029082,-0.031379,-0.11129,-0.066636,-0.040677,0.11961,0.015358,-0.07031,0.038951,-0.080477,0.020582,0.033383,0.080505,0.0915,-0.28513,0.097679,0.015809,-0.0070987,0.0080837,0.13138,0.097096,0.09079,0.035327,-0.053175,0.08212,0.12703,-0.14026,0.0015868,-0.089308,-0.11424
0.0013751,-0.13337,-0.057718,0.09443,0.086124,0.046593,-0.12628,0.051832,0.080029,0.0095921,0.034603,-0.12822,0.12942,-0.066754,-0.0030074,-0.031704,0.057103,-0.22848,-0.069877,0.0076796,-0.18331,0.1222,0.032848,-0.022163,0.052935,-0.0030661,0.15298,-0.10644,0.020078,-0.1398,0.074939,-0.051435,0.0086075,-0.16702,-0.12045,-0.048628,-0.068938,-0.088887,0.066405,0.075086,-0.049448,0.00085082,-0.054243,-0.13907,0.058297,0.1193,-0.038749,-0.13254,0.068895,-0.088787,0.21645,-0.17695,0.060746,-0.054269,0.25161,-0.096055,-0.031336,0.16275,0.083542,-0.13984,0.022872,0.18579,0.073622,-0.083235,-0.018206,-0.14788,-0.15711,0.10831,0.022151,-0.050433,0.20693,0.096879,-0.15554,-0.028233,0.068775,-0.038378,0.17905,0.056125,0.038769,0.10591,-0.10633,-0.012897,0.10432,-0.10473,0.25369,-0.11086,-0.11125,0.086911,-0.014474,-0.074772,0.12914,0.060293,-0.088391,0.050698,-0.1283,0.17017,0.019434,-0.044643,0.033997,0.17872
-0.090479,0.15292,0.069441,0.0021666,0.042035,0.04344,0.089168,-0.20986,-0.11994,-0.092992,-0.066116,-0.11743,-0.030132,0.037647,-0.071735,-0.0066822,-0.18239,0.040658,0.18373,-0.069343,0.050465,-0.14264,-0.0029961,-0.14914,-0.17604,0.0066948,0.10841,-0.075585,-0.11649,0.025012,0.050357,-0.11437,0.03765,-0.0085528,0.11385,0.077247,0.061106,0.10996,0.052274,0.1323,-0.057215,0.19374,0.096822,0.17209,-0.11223,-0.040405,0.030865,-0.19496,0.11425,-0.080475,0.096451,-0.16856,-0.12354,0.087111,-0.050279,-0.10598,0.002708,0.0080072,-0.11508,0.089356,0.22867,-0.10872,0.024837,-0.051421,0.06303,-0.0932,0.1892,0.036751,0.021205,0.022276,0.10829,0.077146,-0.0044484,0.037,0.083998,0.046232,-0.07138,-0.19947,0.15287,0.047901,0.14647,0.1123,-0.00026555,-0.093876,-0.035102,-0.065414,-0.1112,-0.2939,-0.097502,-0.13129,0.19873,-0.057421,-0.12411,0.19115,-7.3696e-05,0.02197,-0.051619,-0.016334,0.016566,0.067157
0.098471,-0.10962,0.16586,0.045613,-0.036442,0.088564,-0.083456,0.085616,-0.12117,-0.12846,0.063912,-0.15368,0.13505,0.089241,-0.047114,0.007522,0.079629,0.073081,-0.10296,-0.17227,0.23687,-0.081353,-0.015631,-0.1259,0.041442,0.14479,0.032848,0.14123,0.020014,0.18384,-0.0023796,-0.11982,0.082138,-0.11398,-0.022389,-0.13095,0.047176,-0.11704,0.018636,0.022686,-0.028536,0.16194,0.01086,-0.05707,-0.1073,0.014135,0.18131,-0.12659,0.071423,0.14714,-0.062236,-0.14837,0.018231,-0.0077371,-0.11386,0.13861,-0.084733,-0.065943,0.01587,0.0075339,-0.026278,0.098275,-0.013194,0.0065168,-0.089026,-0.13655,-0.15778,-0.080474,0.037851,-0.066318,-0.092784,0.13599,-0.055224,-0.14745,-0.067368,-0.11135,0.030113,0.13362,0.061358,0.0078661,-0.18704,0.15672,-0.017416,0.036366,0.17074,0.01388,0.09891,-0.0039561,0.058511,0.079757,0.050258,0.19848,-0.085389,-0.049931,-0.093514,0.075741,-0.10044,0.055218,-0.079369,0.047312
-0.027848,-0.019354,-0.10274,-0.084454,0.00076625,0.070714,-0.077052,0.089895,-0.038175,-0.010682,0.02101,0.0069466,-0.012874,-0.055883,-0.043926,-0.023476,0.017338,-0.1502,0.036606,-0.02835,0.018374,-0.12549,0.19219,0.090858,0.036721,-0.0057977,-0.076264,-0.040665,-0.077835,0.23841,-0.093921,0.060321,0.14466,0.08191,0.036912,0.094435,0.030047,0.058217,-0.10302,0.1071,0.045454,-0.086423,0.11747,-0.14376,-0.12946,-0.048595,0.080569,-0.075911,0.051323,0.04215,-0.021679,-0.076803,0.065416,-0.02682,-0.13472,0.18555,-0.17909,0.030934,-0.086796,0.054669,-0.11533,0.12269,0.010773,-0.04128,0.06627,-0.10271,0.0085452,0.097422,0.050958,-0.014046,0.12812,-0.053993,-0.063544,0.022938,-0.17968,0.03255,-0.12145,-0.049769,-0.10106,0.16432,-0.053647,-0.012059,0.020612,-0.14076,-0.061921,0.010852,-0.034496,0.13546,0.26151,-0.20703,0.12523,-0.049594,0.097351,-0.070322,-0.12211,-0.039142,0.01457,-0.13305,-0.053799,-0.00096549
-0.034957,-0.068674,0.097909,0.02084,-0.033359,-0.068187,-0.018535,-0.059876,0.15849,0.12495,-0.0016965,-0.0050344,0.15483,-0.12512,-0.0065064,0.021669,0.13052,0.008832,0.070084,0.014952,-0.060479,-0.018999,0.12961,-0.010799,-0.004278,0.010512,0.014338,-0.13946,0.03153,0.044865,0.13505,-0.1044,0.070848,-0.021966,0.095963,-0.04667,-0.11726,-0.025358,-0.037564,0.16936,-0.051764,0.14086,-0.15063,-0.048787,-0.12019,-0.062231,0.044833,0.0014905,0.1516,-0.10417,-0.022169,0.12387,-0.11939,0.19073,-0.11802,-0.11215,0.076936,-0.034124,0.16165,0.20473,0.043749,-0.021218,-0.027119,-0.0079355,-0.091719,-0.17489,-0.043547,-0.028062,0.052624,0.0048108,-0.15933,-0.0019758,0.176,0.10056,0.12841,-0.044548,0.050107,0.091214,-0.13109,-0.12213,0.19208,0.0024617,0.034546,0.016678,-0.070204,0.016138,-0.044757,-0.18373,0.05344,-0.031653,0.011643,0.02899,-0.027606,-0.066592,0.0023911,-0.077754,0.25323,-0.015114,-0.11759,-0.030619
0.023027,0.073613,-0.039336,-0.09793,0.014417,-0.026908,-0.057383,0.014258,0.03624,-0.053698,0.12302,-0.027213,0.030594,0.047573,-0.0058469,-0.063386,0.038422,-0.17577,0.11477,-0.08755,0.030219,0.087005,0.027224,-0.00071865,-0.043364,0.073672,-0.023872,-0.013016,-0.032102,-0.029838,0.037726,0.066744,0.015886,-0.047228,0.0094468,-0.065361,-0.063854,0.063497,-0.021639,-0.095496,0.060949,0.05874,-0.12086,0.017505,-0.055246,-0.055964,0.021125,0.084573,0.076461,0.018229,-0.030144,0.054837,0.10056,-0.032732,-0.011827,0.0885,0.024944,0.076155,-0.068016,0.12153,0.031357,0.21097,0.076268,-0.074833,0.10581,0.084913,-0.049536,0.22937,-0.11965,-0.026871,-0.0081294,-0.052924,0.11504,-0.076912,-0.081408,-0.041984,-0.028874,-0.0059772,0.058557,0.27161,-0.090702,0.07812,-0.22432,-0.044271,-0.015141,-0.16174,0.14428,-0.11916,0.032187,0.072741,0.0066979,-0.067904,-0.068328,0.098769,0.13613,-0.0101,0.035282,-0.0061455,0.023782,0.037286
0.088338,0.028471,-0.10908,0.082004,-0.10923,0.064291,0.049372,-0.012669,0.012491,0.080611,0.05416,-0.11315,0.19303,-0.1665,-0.14743,0.020133,-0.10503,-0.049953,0.080931,-0.063387,-0.18806,0.075544,0.03568,0.01123,0.11062,0.11462,0.021878,-0.21633,-0.067631,-0.049012,0.075672,-0.083774,0.038115,0.0026765,0.057911,-0.2621,0.11306,-0.053596,0.10257,0.19635,-0.059839,-0.1153,-0.12256,-0.065626,0.020058,0.19739,0.024053,-0.15562,0.18707,-0.033998,0.0019762,-0.090355,-0.11036,0.10896,-0.055616,0.018915,0.015182,0.22563,-0.018189,-0.034915,-0.037872,-0.24417,0.064264,0.20888,-0.14422,0.16779,0.22622,-0.0077029,-0.040026,-0.10566,0.063986,-0.0046728,0.10729,0.011518,0.047026,-0.0029964,0.12365,0.056002,-0.045075,-0.059323,0.069911,0.098441,0.089652,-0.019644,0.13102,-0.0018756,-0.19866,-0.1233,-0.14029,0.10115,0.012885,-0.032551,-0.0010308,-0.005611,0.048131,0.015181,0.029701,-0.12172,-0.1709,0.13085
-0.18147,0.088162,0.015896,-0.05617,-0.054504,-0.031798,0.28866,0.015652,0.17416,-0.0080174,0.10254,0.040976,-0.12582,0.038985,0.031082,-0.037746,-0.030732,-0.012361,0.10177,0.0089164,-0.14461,-0.091477,0.34625,-0.0036122,-0.059483,-0.076229,-0.048152,-0.058154,0.010562,-0.035056,0.050288,-0.098512,0.015879,0.0071348,-0.03924,0.008293,-0.0040285,-0.025476,0.0032485,-0.14806,0.060216,0.0072544,0.0040202,0.018071,0.024491,-0.12993,0.14968,-0.13893,-0.07249,-0.0020728,-0.20992,-0.12085,0.046168,-0.01972,-0.033418,-0.12445,-0.036176,-0.051151,-0.014361,-0.10143,-0.015129,0.032515,-0.047923,0.21854,0.01695,-0.050995,0.092863,-0.014327,-0.14269,0.090857,-0.029286,-0.13067,-0.0030323,0.036328,0.010449,-0.051392,-0.076987,0.03508,0.025084,0.03655,-0.28827,0.067131,-0.14775,-0.0091269,0.16432,0.14362,0.074129,-0.12342,0.14522,0.033555,0.093019,0.00476,-0.068386,-0.12453,-0.016626,-0.02493,-0.069824,-0.10976,-0.04958,0.10703
0.022944,0.14202,-0.17464,-0.14112,-0.046394,0.056939,-0.046456,-0.069196,-0.0077298,-0.15137,0.13446,-0.12291,0.019902,0.027925,-0.25727,-0.01956,0.095975,-0.070455,-0.024452,0.080872,0.0086422,-0.024231,-0.083209,-0.18776,0.010749,0.030376,-0.054792,0.1216,0.14328,0.064422,-0.087258,0.060965,0.1757,0.032635,-0.10254,0.025617,0.045391,0.023178,-0.027221,-0.18099,-0.01908,0.031608,0.17979,-0.030841,-0.16882,-0.0025611,-0.032387,-0.0094933,-0.14254,0.005913,-0.016553,-0.10107,-0.09615,0.030513,-0.12133,-0.035034,-0.013695,-0.097466,-0.19883,0.067945,0.011125,0.008353,-0.1149,0.061496,-0.058398,-0.067671,-0.079655,0.069843,-0.016215,-0.00074184,-0.15659,0.027651,0.046847,-0.04862,-0.014711,0.018511,-0.075778,0.013438,0.098015,-0.089494,0.070133,0.0073725,-0.040412,-0.046742,0.20962,0.058937,-0.18292,-0.05517,0.045139,-0.010285,0.1471,0.15601,-0.16222,-0.012859,0.0077,-0.089444,-0.024769,0.11703,-0.018542,0.088917
0.040923,-0.14464,0.043492,-0.062459,-0.14374,-0.020673,-0.078815,-0.022904,-0.05602,-0.055477,-0.13248,-0.064988,0.14129,0.013119,-0.08881,-0.1101,-0.060478,-0.10292,0.13639,-0.036241,0.026369,0.016486,0.018707,-0.18528,0.11069,-0.053328,0.063108,-0.068413,-0.031829,-0.03299,0.039042,-0.13399,0.079827,0.098943,-0.0018773,0.025947,-0.055426,-0.009241,0.14264,0.0020728,-0.0066397,0.076887,-0.11135,-0.028499,-0.051772,-0.11059,-0.075702,0.21596,0.046523,-0.084066,0.0053412,0.0055014,0.083169,-0.12407,0.26893,0.07483,0.059251,0.10591,0.12175,-0.21356,0.16147,0.01372,-0.0036261,-0.049675,-0.090729,-0.034787,0.094497,-0.0025461,0.04291,0.26679,0.043799,-0.13961,0.0955,-0.017446,-0.04819,-0.16878,0.096294,-0.17294,0.0032482,0.0080088,-0.064813,-0.15823,-0.077314,0.02926,0.063128,-0.048685,0.043583,0.11521,-0.0038535,-0.039765,-0.12806,-0.11427,0.0025147,0.19524,0.058791,-0.040296,0.11177,-0.072449,0.17464,-0.046357
-0.095324,-0.027138,0.045925,-0.075318,0.020939,-0.17247,-0.034169,0.017826,0.015815,0.1903,-0.11202,0.10535,0.12615,-0.06974,0.0091071,0.12858,-0.0033127,-0.16258,0.039066,0.15489,0.025228,-0.11299,0.070048,-0.0028429,0.050715,-0.10882,-0.057171,-0.067022,-0.0020536,0.096365,-0.15919,0.057251,-0.14316,-0.21157,0.066457,-0.079286,-0.10675,-0.023762,0.0043266,0.18095,0.20538,0.21159,-0.017155,-0.085804,-0.071068,0.18582,0.12469,-0.020486,-0.062072,-0.15618,0.11612,0.14155,0.016647,0.022882,-0.10249,0.0013439,-0.011324,-0.015315,0.012449,0.026017,-0.010247,0.12177,0.13815,0.079626,0.11449,-0.030173,0.075944,0.033949,0.032325,-0.035818,0.033089,-0.022186,0.0077403,0.16042,0.17643,0.15801,-0.022786,-0.02168,0.29424,0.1236,0.012026,-0.099967,0.0049763,-0.077797,-0.070342,0.027973,-0.18828,-0.10558,-0.083569,0.030146,0.16672,-0.052754,-0.028169,-0.033133,0.019712,0.045431,0.12977,-0.058392,0.06324,0.10979
0.0076591,-0.00087391,-0.16111,0.036628,0.033869,0.15493,-0.036702,0.15309,-0.075344,-0.046479,0.17024,-0.12894,-0.10751,-0.024638,-0.08367,0.097363,-0.016667,0.033175,-0.0060851,-0.048985,0.0058859,-0.1777,-0.091769,0.10255,0.079694,0.26309,0.021436,0.012745,-0.10987,0.027992,0.050822,0.24032,0.01795,0.0034668,-0.17622,-0.051924,0.016421,-0.0038443,0.12687,-0.072233,0.018412,0.094821,-0.11649,0.11309,0.14082,0.10792,0.1958,-0.057487,0.2238,-0.13526,-0.10051,-0.010755,0.14468,-0.043286,-0.24981,-0.030508,0.13862,0.039777,-0.07184,0.20542,0.068669,-0.10832,0.002299,0.09176,-0.067906,0.30932,-0.0039953,-0.040342,0.13477,-0.013979,-0.18974,-0.052178,-0.069534,0.10208,-0.0051421,-0.11153,-0.055999,-0.090295,0.10048,-0.079545,0.05328,0.029753,-0.16722,0.074777,0.083398,-0.10545,0.042767,-0.13795,0.12016,-0.049448,-0.2141,-0.089787,-0.068805,-0.0053388,-0.30682,0.0057529,0.041642,0.045682,-0.14524,0.0061179
-0.038382,0.004049,0.013631,0.14629,0.20412,-0.030568,-0.045946,0.079398,0.1005,-0.030821,0.007098,-0.077013,-0.14225,-0.016036,-0.028593,-0.016439,-0.050951,-0.27148,0.11695,0.018289,-0.059132,0.016907,-0.07273,-0.022594,-0.039936,0.13145,-0.07705,0.063677,-0.047219,0.10481,0.059534,0.032158,-0.04058,0.051539,-0.040498,-0.01028,0.18223,-0.035484,-0.098709,-0.070058,-0.15797,0.039297,0.0062285,0.077835,-0.029169,0.019967,0.085589,0.09255,-0.17148,-0.00068247,0.13585,0.03374,0.003488,-0.018031,-0.026466,-0.010537,-0.071031,0.10183,0.069524,0.072327,-0.070468,0.0785,-0.048712,-0.19039,-0.001989,0.067657,0.043468,-0.003328,0.29132,0.030294,-0.051566,-0.07589,-0.028848,-0.0011258,-0.092376,-0.13851,-0.11713,-0.0027704,0.18009,0.1383,-0.061183,0.10446,-0.0050725,0.031322,0.06571,-0.050717,-0.078945,-0.072005,-0.15284,-0.080099,0.036305,0.019144,-0.040194,-0.043134,-0.1112,0.15865,0.19832,0.17345,-0.029888,-0.033245
0.075216,-0.055397,0.023988,-0.053335,-0.019126,0.13443,0.084974,0.13418,0.0039659,0.05094,-0.071892,0.040056,0.015598,0.026449,-0.038853,-0.048309,-0.037799,0.19516,0.22372,-0.24263,-0.15804,0.064754,-0.058797,-0.11016,-0.15096,-0.09087,-0.037332,0.074702,-0.12149,0.014972,0.037909,-0.012731,-0.0088368,-0.013133,-0.18505,-0.010001,-0.047393,-0.25761,0.022877,0.08224,-0.067676,0.027516,-0.11566,-0.13873,-0.0042978,0.14384,-0.0097325,-0.16911,-0.057677,-0.15562,-0.11592,-0.042436,0.082109,0.057403,0.013514,-0.17623,-0.03957,0.028139,0.096853,-0.044176,0.15143,0.16033,-0.067743,0.10697,-0.052636,0.22589,0.017477,0.050035,0.027311,-0.0020339,-0.13432,-0.070781,0.09611,0.025373,9.3987e-05,0.15541,-0.09193,0.088991,0.11913,-0.064636,-0.069575,-0.12221,0.013984,-0.047067,0.058167,0.0010342,0.03176,0.0050373,0.2354,-0.16286,-0.033296,-0.071514,0.022177,0.039769,0.0069081,0.016436,0.042278,-0.09997,0.0024396,-0.021321
-0.085249,-0.011534,0.027725,-0.10924,0.051378,-0.1825,0.082594,0.0013255,-0.032709,-0.20744,0.050641,-0.0029371,0.11376,0.12801,-0.080637,-0.037479,-0.082714,-0.070581,-0.059878,-0.10411,-0.086005,-0.038065,-0.16951,0.026975,0.080758,-0.15722,-0.055184,-0.02634,0.041584,0.0030606,0.047375,0.08562,0.019081,0.086537,-0.13013,0.21298,0.078256,0.088785,0.12631,0.02063,0.2065,0.062763,-0.040297,0.20868,-0.11072,-0.10556,-0.062773,-0.019894,0.057627,0.040028,-0.06083,0.12913,0.048506,0.16944,-0.074498,0.028381,0.0994,0.0094215,0.066852,-0.19128,-0.20583,0.24231,-0.012031,-0.16601,0.22683,0.042829,0.11266,-0.00019142,0.03128,0.12197,0.15139,0.080357,0.11779,0.13058,0.13047,-0.12543,-0.21157,0.073286,0.079911,0.082981,-0.017918,0.18658,0.069048,0.0015726,-0.033353,0.051353,0.11635,0.16349,-0.070488,-0.025386,0.078823,0.011399,0.012544,0.07737,-0.032718,0.091422,0.042724,0.019606,-0.0018257,-0.10458
0.0599,0.047448,-0.049062,-0.048653,0.1314,0.036162,-0.097629,-0.015285,0.25255,0.1378,-0.090334,-0.036001,-0.027663,-0.053692,0.090737,0.031612,-0.010279,-0.068394,-0.068037,-0.11377,-0.040392,0.059709,0.010121,0.14572,-0.17909,-0.013427,-0.023478,0.10436,0.078789,-0.0053889,0.078807,0.00025105,0.1783,-0.02206,-0.010236,-0.044157,0.20068,-0.031401,-0.17894,-0.076698,-0.06089,-0.081591,-0.049024,0.12857,-0.0084406,0.072197,0.04528,-0.038714,-0.039557,-0.021802,-0.083471,0.13841,-0.0083871,0.079193,-0.032312,-0.17373,-0.12698,0.15082,-0.11126,-0.015415,-0.18247,0.074556,-0.093086,0.25807,-0.05988,-0.029918,0.027466,0.048022,-0.086212,0.023257,-0.08916,-0.21779,-0.10189,-0.011397,-0.037231,-0.024044,0.14857,-0.025892,-0.09442,0.032035,0.078634,-0.20152,-0.040859,0.21125,-0.010237,-0.022077,0.039314,-0.081558,0.039486,-0.002913,-0.24299,0.094706,0.037129,-0.16134,0.10376,0.17149,0.094462,-0.01879,-0.041494,-0.095908
0.2269,0.31609,-0.25706,-0.11548,-0.00045112,-0.11749,-0.024648,-0.092624,-0.18929,0.10456,0.10466,-0.094633,-0.024427,0.11328,0.022739,0.071421,-0.071557,-0.1189,-0.12771,-0.075168,-0.05137,0.10833,0.0063256,-0.10049,-0.23323,0.11935,0.02356,0.081917,0.11683,0.055826,0.071096,-0.10099,0.032254,-0.028067,0.10738,-0.2499,-0.020626,0.01914,-0.16475,0.077384,0.032228,0.019656,0.0063971,-0.18499,-0.1868,0.17707,-0.076551,0.011002,0.043542,-0.0023103,0.025841,-0.023051,0.1772,0.063602,0.084573,-0.0073209,0.017175,0.038298,0.15823,-0.013476,-0.16976,-0.12985,0.12378,0.05151,-0.15602,-0.080493,-0.0024622,0.038554,-0.048601,-0.014714,0.030277,0.10553,0.053095,-0.053177,0.044184,-0.025002,-0.028186,-0.03779,0.080625,-0.071564,0.084998,0.2659,-0.0062918,-0.071402,0.07797,-0.087639,0.0032409,0.12458,0.10968,-0.074522,-0.0081268,-0.028422,0.0045411,0.091994,0.088022,0.076191,-0.1543,0.11923,0.043301,-0.20905
0.28217,0.0013283,-0.015993,0.054807,0.1349,-0.092803,-0.15517,0.26694,-0.051257,0.23189,-0.017084,-0.028,0.21003,0.26439,-0.074991,0.155,0.020477,-0.06427,-0.18483,0.24258,-0.097147,0.068576,0.063944,0.14337,0.090386,-0.021551,0.01716,0.019031,0.11342,0.04947,0.0091017,0.21909,-0.062785,-0.12973,-0.0081099,0.045303,-0.0063742,-0.15728,0.066185,0.012862,-0.050546,-0.0021947,0.09587,0.068671,0.091155,-0.076952,-0.062632,0.28472,-0.069402,0.4436,-0.16252,0.080331,0.017495,-0.059293,0.020356,0.22957,0.12329,-0.032732,0.050056,-0.04884,0.012052,-0.022007,0.056322,0.12538,-0.13278,-0.27893,0.03437,0.12523,-0.0015351,-0.14275,-0.046935,-0.18466,0.15835,0.0028271,0.052664,-0.047266,0.11307,0.061455,-0.014929,-0.14903,0.10165,0.014349,-0.075446,-0.094278,0.010002,0.094424,-0.22122,0.056559,-0.11009,0.099834,-0.0072715,-0.046026,-0.023192,-0.14882,-0.093749,-0.090494,-0.10385,0.058892,0.065497,-0.045495
-0.016598,-0.012679,0.22811,-0.032806,-0.2332,-0.15675,0.069197,0.056778,-0.035063,0.038067,-0.040162,-0.10288,0.084481,0.0095563,-0.12965,-0.14943,-0.17121,0.1163,0.22391,-0.24685,0.080555,-0.081267,-0.21184,-0.096217,-0.056994,-0.01848,0.040885,0.0060886,0.015652,0.1877,-0.036006,-0.099042,-0.0080636,-0.14007,-0.13124,0.099262,0.10061,0.0031566,0.053648,-0.097843,-0.098223,0.1905,0.010069,0.020155,0.13357,0.005335,-0.058101,-0.045486,0.099424,-0.053584,-0.11542,0.12407,0.070822,-0.1131,0.11676,0.04276,0.10618,-0.048417,-0.040184,-0.010894,-0.068042,-0.10176,0.13565,0.1285,0.010228,0.06489,0.10967,0.054442,0.064195,-0.0299,-0.025709,-0.023707,-0.030787,-0.10734,0.084243,-0.12222,0.14575,0.031045,0.080449,0.028354,0.099294,0.19536,-0.14453,-0.084615,0.088946,-0.062762,0.068203,-0.14345,0.03483,0.10957,0.098892,0.27249,-0.015947,-0.056479,-0.17519,-0.05819,0.17225,-0.007271,0.15999,0.25505
-0.044857,-0.16431,-0.04768,-0.028876,0.11043,-0.065259,-0.007878,-0.092486,-0.05495,-0.12489,0.12042,0.036938,0.046278,-0.0019331,-0.097057,0.15472,0.026821,-0.040565,0.086674,0.11054,-0.0042484,-0.061677,-0.0071299,0.080915,-0.18202,-0.024285,0.0015964,0.11715,-0.041915,0.052307,-0.026916,0.012952,0.11398,-0.018521,-0.19112,-0.049282,0.01937,-0.098489,0.054461,0.014481,-0.061656,-0.13429,-0.046933,0.0064079,-0.040032,0.030249,-0.049669,0.054698,-0.054344,-0.13925,-0.04817,-0.03034,-0.088343,-0.069921,-0.13664,0.034769,0.030226,0.11489,0.071993,-0.1153,0.042165,0.005227,-0.087608,-0.13584,-0.15683,-0.047406,0.019021,0.054761,0.052169,0.098712,-0.040421,-0.042476,0.057764,-0.12699,-0.1133,0.05581,-0.040168,-0.057649,-0.19525,0.023384,-0.038903,0.11923,0.048924,-0.10922,0.096691,-0.055589,-0.026497,0.092025,0.036703,0.11479,0.16738,-0.084119,-0.064973,-0.11153,0.093034,0.072931,0.081981,0.084125,0.04763,-0.15223
-0.10982,-0.11879,-0.024311,-0.13458,0.094559,0.14032,-0.015116,0.066351,-0.041611,-0.017167,-0.15558,-0.042227,0.1023,-0.014918,0.19431,0.12791,0.081821,-0.057402,-0.14094,-0.032646,-0.028327,0.063041,-0.20536,0.10239,0.19142,-0.036493,-0.015335,-0.16918,-0.19422,0.076006,-0.06594,-0.09429,-0.072475,0.011557,-0.13383,-0.18154,0.068756,0.1876,0.012198,-0.13004,0.048307,-0.11125,0.05307,0.035755,0.0021225,0.025586,0.031302,0.067847,0.057873,0.0027023,0.030661,-0.06313,0.081419,0.062721,-0.15639,0.0707,-0.11332,0.02148,0.026605,0.11496,0.026213,-0.018882,0.098716,-0.037247,0.010358,0.070902,0.24757,-0.10741,-0.12341,-0.04954,0.14283,-0.031657,-0.12139,0.056005,-0.096179,-0.025676,-0.047387,-0.056582,-0.1096,-0.027109,0.036725,0.07968,0.16501,-0.12156,-0.0058318,0.099205,-0.019182,-0.11105,-0.16093,0.10467,0.045459,0.030847,0.006867,-0.0056288,0.078087,0.041886,0.14034,0.17716,0.023763,0.0087776
-0.10111,0.045228,-0.19489,-0.041178,0.042844,0.095138,-0.123,-0.10373,-0.078059,-0.052301,0.060752,-0.056791,-0.0076111,-0.16267,0.16778,-0.082481,0.090734,0.0012287,-0.061713,-0.024358,-0.074298,-0.089702,-0.03982,-0.048479,-0.017606,-0.034523,-0.046222,0.01533,-0.077093,-0.028168,0.075355,-0.093923,-0.051193,-0.060282,0.038477,0.12161,0.167,-0.077734,-0.042734,-0.020657,0.12033,-0.0012392,0.049246,-0.037783,0.056441,0.063134,0.007169,-0.053951,-0.077104,-0.05459,0.1244,-0.055998,0.077942,0.10041,-0.10159,0.096168,0.022122,0.069924,-0.098934,-0.068695,-0.11006,-0.11663,0.26772,-0.044003,0.00095545,-0.0069359,0.17165,0.0016534,0.015962,-0.18244,-0.035201,0.036286,-0.084611,0.095834,-0.042965,-0.082681,0.12532,0.11247,0.017865,0.082127,0.052499,0.022474,-0.033681,-0.008822,0.072543,0.12624,0.09215,0.062938,0.038353,0.041662,0.048553,-0.0060822,0.14241,-0.014088,0.016704,-0.025871,-0.084573,0.023001,0.072319,-0.090538
0.0028452,-0.0031457,-0.027712,-0.088638,-0.017583,-0.16277,0.084592,-0.044169,0.14365,0.096598,-0.057859,-0.0023063,-0.11391,0.093516,-0.013365,0.07541,-0.039512,0.14658,0.10341,-0.031465,-0.038781,-0.20538,-0.0054446,-0.053426,0.11416,-0.044799,-0.014713,-0.10484,0.20186,-0.10741,0.18652,0.15769,0.044335,-0.091026,-0.085259,0.078401,0.036775,0.053466,-0.02805,-0.11771,-0.08003,0.086311,-0.060666,0.023834,0.082139,0.1416,0.10647,0.031755,-0.050111,0.036805,0.082412,0.034571,-0.0023418,0.12647,-0.065552,0.03526,-0.046532,0.028821,-0.16813,0.029043,-0.0033382,-0.039695,-0.020528,0.027853,0.15851,0.065344,0.1842,-0.091217,0.030846,0.04629,-0.14315,-0.032404,-0.035263,-0.18648,-0.086013,0.12814,-0.04231,-0.086051,0.0017417,0.026123,-0.086459,-0.094862,-0.046971,0.086895,-0.10275,-0.096941,0.092944,0.065824,0.014185,-0.1265,0.070282,0.10078,0.085605,-0.029035,-0.022773,-0.076766,-0.16743,-0.056029,-0.02686,-0.015683
0.053733,0.0080275,-0.067365,-0.052336,0.039333,0.14227,-0.1193,0.022969,-0.10259,-0.069065,0.097415,-0.032459,-0.026011,0.025374,0.08537,0.23049,0.24794,0.054331,-0.1982,0.13419,0.19409,0.02971,-0.0079377,0.0048445,0.12512,-0.13145,0.010468,-0.0005138,0.063913,0.13907,0.096617,-0.17677,-0.093407,0.0417,0.19264,-0.046246,-0.0096643,-0.056465,0.24641,0.1905,0.035236,-0.2013,-0.0063021,-0.13659,0.094,-0.096395,-0.046267,0.12378,-0.085082,-0.041014,-0.17767,-0.047584,-0.03185,0.016479,-0.078671,0.023477,0.092193,-0.022816,0.0392,-0.08131,-0.08856,-0.024708,-0.067501,-0.066176,0.12004,0.19333,0.10417,-0.092647,0.14166,-0.24902,-0.0036844,-0.12992,0.015478,0.063723,-0.063142,-0.080078,0.16117,0.018107,0.011208,0.20131,-0.015729,0.061631,-0.05079,0.13722,0.044127,0.067907,-0.093815,-0.009764,-0.18012,-0.013023,-0.11446,0.025494,0.011219,-0.17245,0.20836,-0.0021786,0.013276,-0.060896,-0.044585,0.024694
0.11928,0.06097,0.035313,-0.019684,-0.16003,-0.31082,-0.031166,0.076184,-0.14599,0.040446,0.019587,-0.034365,-0.081828,0.041249,0.051491,-0.044219,-0.20235,-0.13172,0.0019642,0.075708,-0.10554,-0.0038048,-0.087261,0.10704,0.14564,-0.15043,0.10839,-0.1859,0.23533,-0.09918,0.07136,-0.065774,0.0026943,-0.070301,-0.043387,-0.07633,-0.018361,0.036648,0.033391,-0.022377,0.075053,0.00041198,-0.046014,0.057524,-0.084105,0.014394,0.0069264,-0.053139,-0.04,-0.11119,-0.12952,-0.083127,0.14577,-0.018359,0.26284,-0.11833,-0.052954,-0.17324,0.087994,0.043218,0.10587,0.018061,0.078213,-0.070587,-0.010224,-0.022468,0.079012,0.12191,0.062888,-0.003206,-0.067881,0.13827,0.043757,-0.012837,-0.059572,-0.013109,-0.16859,0.073476,0.02839,0.10804,0.070384,0.15365,-0.12375,-0.006111,-0.099148,-0.03765,-0.086199,0.17594,0.11495,0.023723,-0.07123,-0.011565,-0.2553,0.043699,0.087221,0.043278,-0.046291,0.1494,-0.14119,-0.060073
0.15229,0.043689,0.063638,-0.010372,-0.045113,-0.15089,0.10027,-0.0092231,-0.044327,-0.0058514,-0.04597,-0.096282,-0.068882,0.025001,-0.10599,-0.14476,0.020982,0.053363,-0.10753,-0.071728,0.0424,-0.068518,-0.03573,-0.17159,-0.036163,0.15238,0.10598,-0.0050057,-0.12252,-0.028288,0.11416,-0.044449,-0.021162,0.2601,0.066251,0.11107,-0.17138,-0.11067,-0.046529,0.078757,0.10974,0.13517,-0.074279,-0.094079,-0.10387,0.11999,0.04908,0.049013,-0.045531,-0.021533,0.11658,-0.0066977,-0.0053434,-0.17023,-0.013992,-0.02529,0.072519,-0.10019,0.0438,-0.044917,0.088138,0.14502,0.0053711,-0.11666,-0.086418,-0.054127,-0.19135,-0.0044944,-0.026162,0.064078,-0.037203,-0.22202,-0.16904,0.05267,0.20873,-0.00037655,-0.10916,0.11829,-0.062291,0.14113,0.11022,0.075612,-0.21812,0.010566,0.044211,0.10882,0.095066,-0.12714,0.070005,0.031823,0.11757,0.13362,0.08984,-0.05982,-0.19279,-0.17798,0.18484,0.099921,-0.15295,0.0076157
0.087879,0.061927,-0.12198,0.086008,-0.059842,-0.07919,0.075601,-0.0069971,0.059029,-0.11718,0.16863,-0.088885,0.24484,-0.34713,0.014214,-0.25131,-0.021599,-0.054784,0.04658,0.042985,-0.16904,0.0093246,0.20603,0.022512,0.020809,0.036752,-0.20698,-0.24681,0.048048,-0.013132,0.1951,0.089628,-0.034734,-0.12378,0.21945,-0.030506,0.040073,-0.011011,0.10097,-0.196,-0.004591,0.17111,-0.027632,-0.080463,-0.048221,-0.073724,0.10839,0.075436,-0.041125,-0.03426,-0.0327,0.064659,-0.0769,0.0086808,-0.10903,0.12518,0.084195,-0.1473,-0.018103,0.08225,0.082102,-0.039608,-0.10994,0.025012,0.0078375,-0.052332,-0.049549,0.066186,0.15035,-0.11039,0.26131,-0.111,-0.095502,0.088257,-0.064903,-0.12476,-0.007983,-0.069334,0.07925,0.1224,-0.099008,-0.078495,-0.14638,-0.033315,-0.037574,-0.040466,-0.12189,-0.0017061,-0.059187,0.0069515,0.065277,0.064524,-0.051862,0.0665,0.069965,0.039784,0.18165,0.068093,-0.136,-0.044352
0.067617,-0.054551,0.016886,-0.044958,0.020813,-0.0027943,-0.10459,0.12263,0.067454,-0.17771,0.0053058,0.016828,-0.047319,-0.029704,-0.097723,0.17248,0.049691,-0.07918,-0.12885,0.03926,0.046481,0.10174,-0.096097,0.011853,-0.062181,-0.25477,0.039822,0.033251,-0.020423,0.14927,-0.066375,0.11798,-0.046311,0.056536,-0.011521,-0.013491,-0.098901,-0.13123,-0.041589,0.12195,0.076136,-0.075852,0.051878,-0.0038175,0.071842,-0.23287,0.082811,-0.11925,-0.084405,-0.056535,-0.15263,0.068932,-0.12599,0.048831,0.025742,0.015337,-0.12269,0.138,-0.1383,0.13773,0.00040597,-0.059011,-0.12216,0.066212,-0.065736,-0.15665,0.11255,-0.033812,0.090479,-0.019191,-0.03801,-0.042235,0.0079211,-0.06605,-0.067132,-0.022526,-0.05495,-0.091414,0.040714,-0.096209,0.011755,0.050103,-0.092749,-0.22082,-0.17348,0.051717,-0.0054691,-0.10172,-0.12813,-0.19308,0.0025377,0.0066319,0.067071,0.10476,-0.016728,-0.022033,-0.038219,0.14314,0.066689,0.051893
-0.019758,0.10687,0.11926,-0.012145,-0.05446,0.046083,0.15289,0.026472,-0.015306,0.042012,0.16187,-0.056647,0.09852,-0.073515,-0.015036,0.099718,-0.25726,0.036554,-0.053724,-0.038063,0.0044564,-0.01079,-0.049326,0.054476,0.09761,-0.11271,0.02598,-0.069604,0.059107,0.068947,-0.067233,-0.10018,0.048693,-0.18135,0.034188,-0.1254,-0.00074905,0.029458,-0.12391,-0.19047,0.13774,0.11986,-0.010276,-0.20306,-0.060263,0.010702,0.28017,-0.048729,-0.0057199,-0.0090079,0.066232,0.099686,-0.0073088,0.076344,0.01186,0.01964,-0.068975,-0.07106,0.097005,-0.19027,0.063769,0.053675,0.044407,0.085776,0.1383,-0.020745,0.091707,0.024004,-0.082757,-0.013324,0.19179,-0.076429,0.027022,0.14966,-0.041598,0.10384,0.11179,-0.065693,-0.023521,0.0084128,0.097216,0.030662,-0.015412,0.1837,0.019207,-0.025128,-0.13339,-0.075894,0.062093,0.11829,-0.018981,0.14605,-0.19081,0.11302,0.019517,-0.11665,0.06374,-0.047436,-0.021767,0.0082036
-0.08942,0.00052117,-0.13392,0.057582,-0.18174,0.070259,0.043118,-0.097679,-0.1167,0.10879,0.098448,-0.08279,0.040986,-0.098608,0.070995,0.053834,-0.042746,0.087221,-0.068161,-0.12969,0.17267,0.035281,-0.17941,-0.071109,-0.028993,-0.038404,-0.12148,-0.18,-0.15244,-0.026725,-0.046085,0.054213,-0.023061,-0.0012517,0.14547,0.28294,0.0048841,-0.064983,0.25535,0.0025319,-0.085,-0.064501,-0.042117,-0.017982,0.050194,0.020169,-0.036163,0.079183,0.16847,0.0086322,0.0072409,-0.11112,0.043765,-0.21311,-0.10828,0.10789,0.032947,-0.025825,-0.014454,0.030155,0.14652,-0.056516,-0.04506,0.18259,0.047445,0.025709,0.0022512,0.045619,-0.072747,0.045766,0.033275,0.090673,0.00954,-0.032865,0.10175,0.080299,-0.030719,-0.033618,-0.064401,-0.025587,0.2608,-0.016753,0.082952,0.036228,-0.15982,-0.097325,-0.046683,0.0064078,-0.091964,-0.062706,0.16664,-0.053167,0.082149,0.02955,0.072949,0.049787,0.19981,0.048248,-0.073094,0.12571
0.069762,0.1955,-0.11835,0.10941,0.10067,-0.067948,0.15406,-0.095512,-0.017594,0.073419,0.053548,-0.16567,-0.18776,-0.19035,-0.22458,-0.028412,-0.069958,0.011049,0.010861,-0.061053,0.0087412,0.057308,-0.082434,-0.039555,-0.12389,-0.02394,0.0090677,-0.18713,-0.011904,0.1141,0.027313,-0.13492,-0.1509,-0.032409,0.15595,0.14212,0.031477,0.038526,0.12036,0.20484,0.043955,0.1331,0.001282,-0.0052835,0.078486,-0.078764,-0.21928,0.032747,0.057923,0.017393,-0.11358,0.20792,-0.064446,-0.07765,0.092229,-0.12186,0.045405,0.07674,0.018322,-0.022372,0.043281,-0.036811,-0.11364,0.053325,-0.060631,-0.15027,-0.040094,-0.29364,-0.016859,-0.046537,-0.096642,-0.03297,0.1177,-0.16169,-0.026386,-0.043719,0.013808,0.033154,-0.075283,0.02224,-0.017638,-0.067177,0.1719,0.07059,-0.059442,-0.13102,-0.041382,0.038408,0.016008,-0.19844,0.15616,-0.11189,-0.030423,0.04788,0.036695,0.014485,0.15067,-0.032533,0.056328,-0.018082
0.051059,-0.015466,-0.045047,-0.048521,-0.097586,0.032925,0.016816,0.054336,-0.13914,0.02068,0.0049319,0.15756,0.074863,-0.099299,-0.042642,-0.062098,-0.1868,-0.014426,0.11229,-0.026533,0.036152,-0.083752,0.16384,-0.051961,0.22235,0.31384,0.12081,-0.056765,-0.064391,0.12561,0.042903,-0.070572,0.038102,0.060408,0.061456,0.042692,0.014421,0.048395,-0.11819,0.15094,-0.25766,0.02519,0.0162,-0.088184,0.041747,-0.027153,0.19221,-0.19783,-0.018982,-0.12889,0.051481,-0.017588,-0.060053,-0.0054028,0.02518,0.033858,-0.13051,-0.023384,0.049372,0.088753,-0.038722,0.066959,-0.017609,-0.12041,-0.055384,0.083364,0.17744,-0.19368,0.049124,0.032018,-0.024225,-0.0050056,-0.054674,0.024021,-0.051285,0.031728,-0.0042002,-0.036165,0.14893,0.1976,-0.060284,-0.051605,-0.048273,-0.027548,0.10838,-0.036544,0.0056672,-0.04785,-0.19504,-0.0024691,-0.03803,0.065127,0.062951,-0.097461,0.15186,0.12259,0.066248,-0.10909,0.070181,0.094047
0.056483,0.034836,-0.14669,0.086282,0.095295,0.028906,0.094242,-0.1329,-0.18059,0.027036,-0.082602,-0.06132,0.1305,-0.10194,-0.060913,0.094384,0.13085,0.017133,0.086131,-0.039811,-0.029395,0.071219,0.012968,0.26768,-0.03032,0.045896,0.013974,0.08698,0.09706,-0.091332,0.0621,0.083932,-0.083179,0.012087,-0.055456,0.071143,-0.078804,-0.044101,-0.084935,-0.031754,0.13643,-0.033008,-0.29516,0.01155,-0.077716,0.018531,-0.10066,-0.038816,-0.11577,0.1066,0.0083595,-0.058206,0.10757,-0.042895,0.056701,0.034394,0.17299,-0.058902,-0.079054,0.078833,-0.074674,0.19949,0.12364,-0.12882,0.068255,0.068738,-0.067053,-0.035966,-0.16425,-0.075608,0.17267,0.089141,-0.11644,-0.027703,0.13789,0.14056,-0.18384,0.091135,-0.033726,0.021662,-0.019441,0.18468,0.19294,0.040494,0.007333,0.048751,-0.0013056,-0.025149,0.023812,-0.15277,-0.058339,0.10955,-0.074397,-0.061487,-0.001395,-0.024973,0.044327,-0.2288,-0.070318,-0.018163
-0.08524,-0.049312,-0.011728,-0.17003,0.046206,0.088168,0.20146,0.053978,0.015649,-0.1633,0.00019702,-0.00014699,-0.024406,-0.029675,0.066955,-0.045126,-0.078539,0.11965,-0.19378,0.11304,-0.046246,-0.08902,0.015173,0.070108,-0.14803,-0.07708,-0.097925,0.025918,0.0089728,0.0036578,0.12703,-0.17356,-0.0054128,-0.049034,-0.07444,-0.00023143,-0.11573,-0.21983,-0.00936,-0.053379,0.0010003,-0.0013965,0.077887,0.0067774,0.24242,-0.08679,0.088696,-0.072755,0.022418,0.13676,0.10041,0.025532,-0.10071,-0.080584,-0.046221,-0.015246,0.11233,-0.088087,0.16422,-0.077058,-0.1025,-0.0071278,0.01069,-0.084367,0.0013914,-0.12785,0.14701,-0.038702,-0.017625,0.10848,0.062893,0.069458,0.0025985,-0.032451,0.02452,-0.029775,0.16937,-0.053837,0.027416,-0.12734,-0.12751,-0.010422,0.10687,-0.073558,0.14255,0.047464,-0.05526,-0.078802,-0.018898,0.2569,-0.066043,0.084612,-0.1334,-0.22514,0.037844,-0.095014,-0.007547,-0.070309,-0.11251,-0.0058379
0.009333,0.067821,0.032146,0.063213,-0.13224,0.023797,-0.06029,-0.1389,-0.01191,0.015771,-0.04229,0.089544,0.044528,0.18123,-0.15665,-0.12447,0.19026,0.14075,0.09114,-0.061033,0.051791,0.22816,-0.069669,-0.16591,0.036641,-0.15507,0.065805,-0.13248,0.014288,-0.023207,-0.068687,-0.081197,-0.013969,0.13239,0.030835,0.097198,-0.14539,-0.14728,-0.070614,0.19851,0.033689,0.065263,0.099523,0.095261,0.042788,0.026336,-0.15364,-0.030305,0.15246,-0.0063098,-0.0055156,0.074233,0.24796,-0.054592,0.094284,-0.11683,-0.092014,0.11619,-0.045739,-0.08559,-0.095605,0.030657,-0.02445,0.044769,0.036946,0.10326,-0.051431,0.071615,-0.2038,-0.074772,-0.022108,-0.15709,-0.027848,0.17133,0.0078268,-0.018747,0.080131,-0.10554,0.032733,0.022434,-0.17806,-0.017561,-0.043172,0.099072,0.13152,0.06927,-0.022047,-0.0094304,-0.00071138,0.054658,0.078518,-0.12439,-0.028732,0.032864,-0.03451,-0.043681,0.047032,0.060959,-0.041706,-0.0094928
0.16591,-0.043172,0.034509,-0.14599,0.1803,-0.0082152,-0.017497,-0.14967,0.13155,-0.17741,-0.04721,0.1573,-0.057087,0.0082792,-0.1664,0.085866,-0.015845,0.15433,0.032869,0.070091,-0.002169,0.19238,0.0072057,-0.094631,-0.056042,-0.02908,-0.0070137,-0.040303,-0.048324,-0.057524,0.01689,-0.14238,0.072383,0.03026,0.099844,0.069879,-0.025206,-0.18181,0.12594,-0.090523,-0.19371,-0.073261,0.1679,0.28632,-0.08975,-0.021573,-0.031991,0.077462,-0.056296,-0.024669,0.024497,-0.18979,-0.011843,0.057154,-0.07427,-0.067092,0.058182,-0.022963,0.072895,-0.077,-0.099556,-0.17142,0.092523,0.072465,0.14329,0.0021213,0.013698,0.12518,0.11278,0.10011,-0.074468,0.0067085,0.05451,0.034905,0.050053,-0.15473,-0.064609,-0.30083,-0.10933,-0.024546,0.14117,-0.050822,0.064451,0.049118,0.050842,-0.027628,-0.0086918,-0.0019742,-0.12021,0.00068538,0.12595,-0.0071898,-0.031264,-0.081817,-0.03138,-0.16585,-0.10305,-0.11984,0.035799,0.16183
0.070109,-0.040659,-0.088478,-0.018561,-0.018938,0.01483,-0.0058881,-0.07828,0.10173,0.0094371,-0.0134,-0.085678,-0.0905,0.16702,-0.019761,-0.10993,0.043725,-0.10288,0.1435,0.087576,-0.030677,-0.044541,-0.045269,0.062304,0.14053,-0.024964,-0.051082,-0.17162,0.17283,0.019541,0.051603,0.0067165,0.26437,0.026217,-0.05708,0.12184,-0.013443,-0.061121,0.093318,-0.11468,-0.014786,-0.093905,0.27104,0.070202,-0.099672,0.011282,0.0061789,-0.038806,0.063684,-0.0008761,-0.0068789,0.044642,0.073749,0.094981,-0.045329,-0.08379,-0.12442,0.063978,0.11481,-0.093915,-0.037641,-0.080232,-0.020304,0.020897,-0.06024,0.1236,0.082865,-0.10874,-0.082903,-0.10686,-0.038459,-0.12685,0.013008,-0.024558,-0.06852,0.04033,-0.032742,-0.047046,0.065974,-0.026463,0.010049,-0.048308,0.095433,-0.049259,-0.11971,0.066468,-0.035855,-0.045285,-0.10378,0.074892,-0.1706,0.1201,0.092415,-0.088877,-0.039044,0.086074,-0.080548,0.014521,0.14417,-0.049794
0.066137,-0.0048898,-0.25799,-0.030154,-0.23282,0.069761,-0.0016823,-0.060995,-0.16948,-0.053714,-0.023818,0.020502,0.011058,0.065321,0.14484,0.034605,-0.010429,-0.087951,-0.067728,0.073755,-0.049757,0.13497,0.07878,-0.10301,0.017731,-0.05055,-0.050615,-0.10772,-0.033165,0.12707,0.031072,0.0038738,0.02103,0.052938,0.021466,-0.05833,0.029143,-0.022975,-0.039878,0.18304,0.032896,0.22437,-0.08198,0.087896,0.034665,-0.091639,0.17741,0.012138,-0.096867,-0.085293,0.031904,-0.17512,0.08135,0.0017318,-0.11794,-0.051237,-0.11335,0.072777,-0.05153,0.19288,0.083042,-0.21226,-0.03712,-0.10657,0.19261,-0.033532,0.019758,0.25947,-0.018415,-0.13438,0.20195,-0.05525,-0.080986,-0.12501,0.012362,-0.015226,0.10471,-0.0247,-0.16853,-0.13863,0.014437,-0.077674,0.10955,-0.076216,-0.047738,0.01185,0.0017711,0.17196,0.16843,0.15072,0.024869,-0.10121,0.10363,-0.12534,0.1466,0.0507,-0.020677,-0.10134,-0.098122,-0.048196
0.10882,0.040218,0.044334,0.078468,0.078079,-0.019707,0.072706,0.22436,0.046778,-0.0446,-0.091184,0.14766,-0.036279,0.032008,0.21432,0.1712,-0.042044,0.12697,0.067924,0.045979,-0.14843,-0.1427,0.071754,0.029931,0.012887,-0.027701,-0.056642,0.078504,-0.0093855,-0.16254,0.045133,0.019243,-0.05985,0.095978,-0.090177,0.034922,0.01918,-0.1401,-0.13314,-0.23923,0.069628,-0.12308,0.011721,0.038273,-0.085297,0.092056,-0.059207,0.066291,0.044604,0.0012284,-0.073945,-0.21412,-0.02466,-0.14699,0.017973,0.03592,0.049852,-0.03644,-0.038324,-0.031027,0.037655,0.11923,-0.13151,0.022719,0.02001,-0.17477,-0.10775,-0.035955,0.053662,0.092335,0.087417,0.077978,-0.070683,-0.0029774,-0.13159,0.0094068,0.075627,-0.092058,-0.0097179,-0.020828,-0.036969,-0.10119,0.0058046,-0.035713,-0.022277,-0.09604,-0.043157,0.087902,-0.045684,0.084162,0.11121,0.12183,0.1771,-0.12415,-0.031786,0.011014,0.038428,0.062348,-0.044229,-0.03021
-0.22602,-0.13172,-0.14443,0.0067852,-0.043964,-0.09845,0.01575,-0.14918,-0.23011,0.019903,0.067824,-0.071064,0.014703,-0.0025999,0.069797,-0.21297,0.0038031,-0.10349,0.086336,0.054887,0.29985,0.063715,0.05508,0.022653,0.076651,0.00026491,0.14235,-0.050963,-0.16329,-0.085857,-0.080804,0.030463,0.062676,-0.029905,-0.12485,0.29084,0.27947,0.020912,0.068428,0.097286,0.020645,0.09761,0.012027,0.084232,-0.042949,-0.10427,0.023651,0.098774,-0.14408,0.071877,-0.0021855,0.0016474,-0.028806,0.027015,0.12835,0.03132,0.019267,-0.13775,0.014768,0.1297,-0.0016938,-0.042585,-0.0001089,0.032237,-0.15686,0.022691,-0.21655,-0.14101,0.0262,-0.088282,0.018576,0.03443,-0.059899,-0.10226,-0.16503,0.024075,0.053786,-0.053128,0.0062556,0.17901,0.12584,-0.034958,0.010371,0.038085,-0.098334,-0.14829,0.22011,-0.14472,-0.017468,0.082652,0.078313,0.17601,0.0058164,0.11636,-0.043981,-0.20106,0.10231,-0.054016,0.10063,-0.080259
0.0027393,0.052713,0.17595,-0.055077,-0.019811,-0.051072,0.086729,0.061186,0.039138,0.022591,0.10055,-0.12468,-0.047202,0.20411,0.029963,0.067154,0.046851,0.05024,-0.11137,0.038439,0.13022,0.022716,-0.06018,-0.073115,-0.091615,0.043224,-0.26061,-0.14366,-0.033266,0.040249,0.067379,-0.11847,0.0032585,0.058931,-0.12602,-0.06821,0.11175,-0.10092,0.058705,0.088862,-0.095789,0.011175,0.11655,-0.0090869,-0.12992,-0.053276,0.042733,0.0055336,-0.056358,0.05766,0.12075,0.0047041,-0.055796,0.15444,-0.071431,0.16684,0.038208,-0.23886,0.084331,0.049389,0.11911,0.024753,0.018972,0.089235,-0.17567,0.026635,-0.10148,0.064081,0.12287,0.12549,-0.036639,-0.055567,0.10799,0.081233,0.13936,0.19727,-0.032406,-0.12882,0.0033173,0.10608,-0.15817,0.061948,0.17685,0.11585,-0.043706,0.046242,0.12042,0.086,0.026,0.030059,0.01764,0.0093166,-0.12221,0.18163,-0.097626,0.0057397,0.1596,0.09126,-0.078445,0.024761
0.078387,-0.18898,-0.08773,-0.088652,-0.22777,0.11091,0.1344,0.060176,-0.062555,0.15425,-0.15609,0.12013,-0.13742,-0.054279,-0.18136,-0.14732,0.020999,-0.023165,0.11295,-0.084646,-0.10248,0.032764,0.11076,-0.12134,-0.12795,0.0061643,-0.14664,0.13244,-0.10157,0.146,0.04529,0.15906,0.18102,-0.060173,-0.10629,-0.013238,0.087925,-0.059157,0.059354,0.0092148,-0.19754,-0.00088492,-0.046306,-0.081475,0.0070548,0.10427,-0.026508,-0.0045915,-0.096691,-0.1118,-0.13852,0.0067193,0.10838,0.042204,-0.074785,-0.041475,0.12849,-0.027247,0.024215,-0.18085,0.089171,-0.070123,-0.081456,-0.0019455,-0.024503,-0.01836,0.12432,-0.014719,0.015932,-0.10369,-0.11114,0.21269,0.17389,0.079043,-0.014917,-0.14232,-0.14804,0.067882,0.27528,0.066375,0.16886,-0.03655,-0.084673,0.089577,-0.036936,-0.05884,0.025599,-0.14588,0.11035,0.14048,0.015179,0.0635,-0.082093,0.01742,-0.065526,-0.0507,0.14735,0.15375,0.15701,0.072153
0.07708,0.039542,0.029325,-0.035649,-0.0042095,0.060967,-0.0057646,-0.0091941,0.037559,0.016934,-0.027337,0.06679,0.093761,-0.10908,0.043466,0.082285,0.037707,0.11648,-0.19948,0.097706,-0.0638,0.14741,0.11845,0.10773,0.016391,0.26686,0.024696,-0.10663,0.13118,0.018567,-0.0032187,0.11758,-0.022167,-0.1341,0.016616,0.19961,0.078486,0.1486,0.097422,-0.036814,0.13533,0.061008,0.013815,-0.06411,-0.022801,-0.068681,-0.028998,-0.16025,0.18235,0.020543,-0.0058154,0.030306,-0.10288,-0.057537,-0.086162,0.012594,-0.08379,0.12875,0.044482,-0.23516,0.011817,-0.035989,-0.080311,0.19245,0.043381,0.10222,0.015104,-0.1076,0.10112,-0.057923,0.015473,-0.039015,-0.13704,0.031525,0.036193,-0.0041082,0.17402,-0.033073,0.093876,-0.12705,0.28852,0.097947,0.065787,-0.007741,-0.076526,-0.033181,0.11306,-0.037349,0.20672,0.16585,0.063298,-0.043261,0.016129,-0.079749,0.077574,0.048726,0.041362,-0.18892,-0.025779,0.078065
-0.16003,0.050724,0.061874,0.10358,-0.00033256,-0.092563,0.15012,0.10341,0.21793,-0.085293,0.078256,-0.013776,0.10465,0.14441,-0.050734,0.0046287,0.014625,0.044811,0.16999,0.074848,-0.096281,0.056873,-0.090231,0.30292,0.05704,-0.024373,-0.13542,0.017252,0.026188,0.1871,0.0079936,0.039475,-0.11534,0.036273,0.089378,-0.093517,-0.0084019,-0.017938,-0.024697,-0.12176,-0.015865,-0.11274,-0.071954,0.070139,-0.054708,-0.088918,0.022159,-0.087475,-0.014271,-0.044006,-0.012608,0.075207,0.10683,-0.12756,0.03657,0.22977,-0.084884,0.218,0.19156,0.061572,0.021019,-0.048638,0.069301,0.15186,0.12267,-0.013504,0.012439,0.0052731,-0.096688,0.031238,-0.023458,-0.0027306,-0.20465,-0.043962,-0.062487,0.043595,-0.0013229,0.0013567,-0.024415,-0.14457,0.0094625,0.035877,0.15608,0.14883,0.02938,0.060218,-0.1336,0.064703,0.06366,0.07715,-0.044199,-0.097963,0.080908,0.07842,0.0073883,-0.052689,-0.083374,0.04296,-0.096696,0.002699
0.16942,-0.12523,0.026142,0.092064,0.1261,-0.089927,-0.19752,0.13645,-0.080641,0.031212,-0.14828,-0.048486,-0.024562,-0.041463,-0.1175,-0.20285,0.064112,-0.091291,0.076467,-0.049761,0.016438,-0.041559,-0.15752,-0.1739,-0.087272,-0.13587,0.11229,0.045795,0.00072896,0.025191,0.14902,-0.025136,-0.15379,0.24348,-0.0044097,-0.056812,-0.085372,-0.17228,0.10253,0.11174,-0.09527,0.0060974,0.051624,-0.037427,-0.15509,0.045405,0.10858,0.17724,-0.076513,0.16593,0.030752,0.068644,0.067379,0.089471,0.008507,0.045699,0.080197,0.024317,0.12846,-0.045554,-0.073567,0.044176,-0.032868,0.005085,-0.0033081,-0.05862,-0.22031,0.098246,-0.11979,0.079006,-0.029083,0.044368,0.079327,-0.065432,-0.10159,-0.11187,0.020119,-0.02413,0.12192,-0.0047846,0.25632,0.20362,0.015329,-0.015885,0.033686,-0.17195,0.10767,0.01027,0.052599,0.063702,-0.015338,0.11373,-0.17031,0.029273,0.12065,-0.014075,0.099339,0.027321,0.09673,0.20923
0.055594,-0.18251,0.10668,0.15925,-0.11912,-0.10594,0.25709,0.15514,-0.082172,-0.018855,0.070427,0.060532,0.0029158,0.06557,0.11874,0.11552,-0.086082,0.023577,-0.11993,0.061411,-0.11914,-0.04996,0.1062,0.085573,0.032259,0.033827,-0.24831,-0.062737,0.027909,-0.024729,-0.12589,-0.069568,-0.02021,-0.055996,0.041778,-0.016841,-0.13294,0.045522,0.017853,0.01166,0.045503,-0.062902,-0.078333,0.091877,0.023731,0.026063,0.050679,-0.26534,-0.061739,0.0026253,0.067895,0.033773,-0.036977,-0.2133,-0.0039342,-0.14021,0.031736,-0.24405,0.091881,-0.18143,-0.039079,0.0022024,0.028186,-0.035624,-0.17088,0.019389,0.18736,-0.048562,-0.017481,-0.0066177,-0.065696,0.14594,-0.071251,-0.0023157,0.05217,-0.058432,-0.11269,0.13633,-0.027329,-0.12192,-0.10932,-0.084171,-0.14001,-0.14456,-0.091875,-0.075829,0.048266,-0.046953,0.021709,0.071173,0.16245,0.061358,0.043684,0.0072261,-0.0092511,0.13023,-0.13533,0.11494,-0.022214,-0.046222
-0.066604,0.18772,0.097547,0.11786,0.097634,-0.047055,0.081666,-0.059846,0.068152,-0.033205,0.040433,-0.048678,0.044419,-0.081599,0.073492,-0.039669,-0.032155,0.017065,-0.078598,-0.044861,-0.19525,-0.039467,0.18281,-0.0011027,-0.055944,-0.11769,-0.035174,-0.058834,-0.00063224,0.022986,-0.11567,-0.12019,-0.043801,-0.11783,-0.0084402,0.027528,-0.16099,0.0088536,0.13198,0.16714,0.11121,-0.1262,0.01675,-0.0034209,0.13458,-0.020002,-0.01417,0.045372,0.043142,0.027285,-0.013324,0.17968,-0.063581,-0.030489,0.13975,-0.12997,-0.14778,-0.10699,0.036725,0.17437,0.011752,0.083254,-0.099122,0.0095233,-0.094026,0.069035,-0.069758,0.1889,0.085439,0.036955,0.16041,0.085064,0.1402,-0.060396,0.051388,0.14607,0.015126,0.012898,-0.090913,-0.0018639,-0.044089,0.0060754,-0.06363,0.030334,-0.1102,0.098124,0.061239,0.042235,0.029551,-0.071671,-0.034486,0.061485,-0.019728,0.031722,-0.040601,-0.19273,-0.024447,-0.20177,0.091562,0.06641
-0.20131,-0.080943,-0.15059,0.18398,-0.040451,-0.1196,0.12882,0.046118,-0.065774,0.056261,-0.031015,0.095504,-0.026874,-0.052065,-0.29092,-0.3431,-0.14353,0.092744,0.035011,-0.1643,-0.028712,-0.030063,-0.020375,-0.10919,-0.019542,-0.050281,0.15804,0.084288,0.094283,0.07982,-0.05333,-0.071741,0.014524,0.021725,0.12709,-0.052085,0.092406,-0.14207,-0.091042,-0.07549,0.06808,0.17185,-0.11922,-0.13487,-0.11731,-0.1112,0.0072748,0.15022,-0.083334,-0.0096353,0.01061,-0.009766,0.12543,-0.036742,0.21611,0.083188,-0.092582,0.11587,-0.15361,0.087111,-0.1036,0.12216,0.17796,0.13489,0.080002,-0.043742,-0.05529,0.018781,0.16476,-0.066447,0.089019,0.0015208,0.1362,-0.022136,0.045239,-0.14188,-0.051311,-0.026052,0.0036387,0.13267,-0.05328,-0.046763,-0.076664,0.18244,0.011256,0.016906,-0.014891,0.10448,0.022974,0.14276,-0.062379,-0.13875,-0.24531,0.14624,0.056004,-0.016023,0.0099306,0.0014181,-0.019274,-0.087307
0.083324,-0.080379,-0.20018,0.063492,-0.14617,-0.13075,-0.18757,-0.07411,-0.12991,-0.037477,0.01185,0.10626,-0.13493,-0.15206,0.10025,0.096845,-0.028812,-0.0076115,0.13974,0.053341,0.15137,-0.014858,0.092833,-0.0069943,0.0057722,-0.21831,0.073205,-0.049738,-0.095108,0.016677,-0.076161,-0.062852,0.20381,-0.087752,0.047752,-0.11816,-0.037729,0.028468,0.053182,0.16524,-0.087936,0.10675,-0.091979,-0.022109,-0.026568,0.15852,-0.026757,0.050944,-0.018205,0.049078,-0.043431,0.091428,-0.16656,-0.035016,0.1305,-0.090206,0.11262,-0.11587,-0.08088,0.068855,0.04231,0.13552,-0.075993,0.11727,-0.13096,-0.0013261,0.19709,-0.057945,0.12756,0.177,0.086205,0.078851,-0.075838,0.17625,0.050129,0.037579,0.0025299,0.060714,-0.19722,-0.065613,-0.050088,-0.058688,0.12679,0.037284,-0.13611,-0.058636,-0.035573,-0.0059632,-0.0087145,-0.017537,-0.051947,0.051459,-0.12759,0.24504,0.037703,-0.14037,0.058096,0.082992,-0.046915,0.0887
0.13936,0.0065752,0.16839,0.125,-0.021485,0.11692,-0.27646,-0.18603,-0.096072,0.083606,-0.10255,0.10871,0.072181,-0.13351,-0.21827,0.15904,-0.025918,0.06687,0.14145,-0.11376,0.18591,0.022235,-0.0030213,0.15505,-0.015629,0.045404,-0.094319,-0.0044613,-0.026673,0.032806,0.19852,0.046956,0.10112,-0.036789,0.11858,0.035495,0.0024814,-0.012799,-0.023304,-0.015633,-0.012532,0.046185,0.15239,-0.046331,-0.10738,-0.020489,0.11578,-0.10221,0.045308,0.076861,0.078104,-0.09274,0.023641,0.070538,-0.025251,0.086115,-0.049787,-0.056121,0.043329,-0.084969,0.14475,-0.11318,-0.016596,-0.011217,0.02972,-0.015531,-0.22633,-0.061711,-0.012555,-0.011221,-0.012433,0.050867,0.025028,0.10528,0.077851,0.12333,0.2359,0.092458,0.23024,-0.025182,0.015368,0.32294,-0.013842,0.068776,-0.015473,0.13801,-0.009057,-0.20354,-0.12622,-0.0077604,-0.055084,0.18009,0.20699,0.048133,0.044621,0.016487,-0.095938,-0.091369,-0.076253,0.099022
0.078363,0.04719,-0.045755,0.18448,-0.12823,0.018953,0.078967,0.016047,-0.24825,-0.081889,-0.044721,0.19143,0.034262,-0.06092,-0.003981,0.022156,0.025926,0.11762,0.054903,0.047869,0.11493,0.078821,-0.17037,-0.073169,-0.10971,-0.12521,0.034951,-0.059601,0.024744,0.12528,0.071273,0.011645,0.092971,0.089207,-0.12526,-0.074374,0.08338,0.092204,0.067219,0.10313,-0.0092392,0.036766,-0.088001,0.10998,-0.12625,0.035887,0.0096393,-0.044386,-0.13205,0.037586,-0.031522,-0.031397,0.027622,-0.16032,0.17307,-0.046497,0.0013984,0.077571,0.026449,-0.063627,-0.035123,-0.064876,0.00029204,-0.007432,-0.03666,-0.13748,-0.012292,-0.09181,0.041983,-0.0055095,-0.12844,-0.057737,0.17253,-0.030006,0.20268,0.12708,-0.045292,0.093933,0.16547,-0.048928,0.22426,0.053391,0.050025,0.043525,-0.079825,0.099834,-0.059809,-0.04963,-0.015067,-0.0033652,-0.066158,-0.10055,-0.021629,0.038847,-0.12362,0.16998,0.083018,0.10334,0.044504,-0.051811
-0.11584,0.045799,-0.057756,0.17769,-0.13334,0.105,-0.024363,0.243,-0.087874,0.026423,0.081291,-0.13968,-0.14518,0.054551,-0.02206,0.23421,0.11769,0.059079,-0.036591,0.023156,-0.08178,-0.05234,-0.025892,-0.05563,-0.13574,-0.026865,0.22955,0.045062,-0.008736,-0.09036,0.047463,-0.069876,-0.0044374,-0.036935,-0.056922,-0.031179,0.040145,0.12799,0.026964,0.18868,-0.065076,-0.050387,-0.08996,0.12996,-0.039784,-0.091026,-0.041446,0.054677,0.055355,-0.028817,-0.14039,-0.05041,-0.086382,0.050952,0.064783,0.20484,-0.077111,-0.090552,-0.089254,-0.063828,-0.13859,0.0023251,-0.086717,-0.065181,-0.10431,0.21527,0.05125,-0.12536,0.030896,0.02241,-0.086786,0.097811,0.038077,-0.14157,0.091663,0.017632,0.0052849,0.12757,0.046731,0.062118,-0.18295,0.063495,-0.033042,-0.076321,-0.092802,-0.049172,0.023998,0.045073,-0.094777,0.032199,0.01198,-0.14002,0.044771,-0.062161,0.21494,-0.01615,-0.06327,0.05226,-0.11105,-0.02668
0.085107,-0.1932,-0.0059975,-0.093017,0.1033,0.28032,0.009088,0.023744,-0.12051,0.098131,-0.069056,-0.11611,-0.037836,-0.13917,0.015335,0.024782,-0.028869,0.026125,-0.055196,0.03155,0.19022,-0.12145,0.10177,0.13869,-0.12443,0.020801,-0.16219,-0.17196,0.097827,-0.10763,0.056161,0.11714,0.076276,0.026063,0.23032,0.10593,0.056815,-0.031077,0.10951,-0.024561,0.0020296,0.10531,0.14267,-0.1841,-0.018414,0.036676,-0.17193,-0.036433,-0.12518,0.058619,0.1391,-0.087147,0.097936,-0.11887,0.016447,-0.075833,0.045251,-0.031162,0.076035,-0.0025183,-0.072683,-0.002466,-0.067886,0.033613,-0.037757,-0.019132,-0.03792,-0.083189,0.091901,0.008519,0.056791,-0.21784,-0.00624,-0.0046664,0.0070865,0.019011,0.067162,-0.071148,0.16644,0.095582,-0.19676,0.041328,0.019541,-0.11375,-0.016408,0.00073836,-0.0094118,0.13853,-0.090701,0.080418,0.019831,0.04282,-0.00063734,0.020679,-0.066575,-0.03955,0.09744,-0.22682,0.109,0.044743
-0.26239,0.015557,0.14535,0.039713,0.11577,0.12103,0.00045208,-0.074023,-0.024613,-0.10464,-0.095176,-0.012621,-0.0025037,0.15186,0.0039637,-0.079081,-0.13424,0.12208,-0.099967,0.1529,0.012139,0.075003,-0.033568,-0.19141,-0.025039,0.070799,0.052512,-0.0735,0.075454,-0.049041,-0.023754,-0.10207,-0.016586,-0.0061696,0.020047,-0.020328,-0.13867,0.070693,0.14519,0.075682,-0.065978,-0.082077,-0.040419,0.038166,0.022158,-0.16197,-0.13272,-0.051286,0.10784,0.062007,0.11335,-0.051906,0.13486,0.047622,0.051235,-0.13016,-0.17254,-0.030352,-0.00072341,-0.01297,-0.025009,0.080859,0.12986,0.038442,-0.086977,0.0086539,0.0058763,0.17982,-0.016289,0.14641,-0.1208,0.011655,0.1651,-0.078118,0.04929,-0.014736,-0.0021464,-0.18706,-0.077754,-0.083887,-0.015428,-0.040694,-0.15267,0.11261,0.013461,0.015937,0.011176,0.093939,0.060331,0.03195,-0.094238,-0.12454,0.030321,-0.031947,0.083497,-0.17895,0.057953,-0.032506,-0.12967,0.042693
0.22964,-0.0012973,0.12791,0.0025135,0.10936,0.14021,0.094218,0.071844,0.15944,5.3864e-05,0.056298,-0.054177,0.19726,-0.029287,-0.13381,0.025743,-0.10275,0.045016,-0.20765,-0.010464,0.028593,-0.082483,-0.07625,-0.15364,0.14805,0.12124,0.14087,0.10379,-0.036135,-0.060564,0.088083,-0.095286,-0.045345,-0.074289,0.11393,0.082811,-0.0069861,-0.055332,-0.22985,-0.069154,0.034796,-0.092701,0.11001,-0.087836,-0.17029,-0.089177,-0.075516,0.034858,0.0021221,0.070162,0.06248,0.091022,-0.12019,-0.011772,-0.030494,-0.062069,-0.2188,-0.2422,-0.01745,-0.17097,-0.03638,0.1588,-0.037202,0.12023,-0.044494,0.016936,-0.1167,-0.092632,0.16248,-0.03678,-0.16439,-0.14528,-0.086122,0.034962,-0.072551,0.045299,-0.10532,0.0068635,0.030814,0.13343,-0.073286,0.054404,0.18007,-0.17012,-0.1846,-0.12661,0.08548,-0.069233,-0.038961,0.1444,-0.061754,-0.097949,-0.025336,-0.21921,0.0067068,-0.20103,0.011755,0.050878,0.14647,-0.00064189
0.14748,-0.075194,-0.087916,-0.13223,0.03346,-0.044317,0.091933,0.045817,0.013771,0.15503,-0.14127,-0.079037,0.0075607,0.11621,0.06123,-0.0018498,0.092157,0.14345,0.14415,0.065907,-0.023995,-0.053126,0.062606,-0.021254,0.0902,-0.15678,-0.02389,-0.053566,0.091983,-0.013658,-0.023208,-0.072932,0.10034,-0.08596,0.13757,-0.018604,-0.11075,-0.0063679,0.021036,-0.010388,-0.014497,0.032053,0.071714,-0.12603,0.13333,0.04389,0.11227,0.05056,-0.21776,-0.075737,0.14355,0.037651,-0.14447,0.03265,-0.050933,-0.10646,0.11322,-0.084835,-0.026803,-0.12697,-0.020953,-0.085441,0.016367,0.18053,-0.035094,0.057345,0.14034,-0.052058,-0.061479,-0.029603,-0.012902,0.13281,0.026751,0.092676,0.048824,0.17567,0.0062971,0.071223,-0.082719,-0.13431,0.13004,-0.0086717,-0.11429,0.088625,0.0261,-0.0052862,0.10762,0.15965,-0.077971,-0.010181,0.025587,0.036791,-0.013624,-0.11299,0.02411,-0.1257,-0.075606,0.17491,-0.0097244,0.044039
0.19723,0.10486,0.0048525,0.059507,0.087072,-0.049961,0.11419,-0.090434,0.064632,0.029135,0.00055743,0.23714,0.11794,0.10905,0.12227,-0.18058,-0.099716,0.1717,0.10517,-0.018168,0.11835,-0.0011239,-0.022908,0.11762,-0.097598,0.03102,-0.08378,0.076729,-0.088522,0.024588,-0.0092371,0.00089538,-0.041873,0.089658,-0.077517,-0.047792,-0.10137,0.033114,0.063354,-0.12171,-0.111,-0.10383,-0.02035,-0.022229,-0.082747,0.023064,0.013788,0.078467,-0.15304,-0.063837,0.070223,0.0044729,0.11431,-0.033226,0.042434,-0.068332,0.13201,0.065849,0.0076959,0.038007,0.13545,-0.045545,-0.023754,0.1175,-0.058195,-0.15136,-0.10572,0.095689,-0.05267,-0.082167,-0.058563,-0.015054,0.021361,-0.14731,0.035433,-0.0015581,0.0019921,0.044874,0.16081,0.00056517,-0.12616,0.10503,-0.11597,-0.060384,0.038172,-0.048792,-0.092216,-0.18697,-0.23525,0.1047,-0.038271,-0.0082113,-0.0091268,-0.0054421,-0.11311,-0.040026,-0.070258,-0.031567,-0.055419,-0.0017426
-0.21505,0.12644,-0.098183,0.035986,-0.051898,0.020595,0.055704,0.032093,-0.27132,0.11173,-0.057707,-0.056991,-0.014048,-0.0084022,-0.051178,-0.002288,-0.16212,-0.0051967,0.039203,-0.019136,0.051987,0.28839,-0.27045,-0.086467,0.20257,-0.044323,-0.012285,-0.06968,0.11377,0.052883,0.052926,-0.013008,0.066948,0.025705,0.070746,0.0041141,-0.11308,-0.042901,0.052225,-0.21614,-0.063366,-0.074459,-0.12783,0.19264,0.032869,-0.054498,0.021834,-0.02821,-0.1369,-0.043557,0.025233,0.22419,0.069518,0.031392,0.050272,0.024233,0.077728,-0.13277,0.049719,-0.0057938,-0.13366,0.051134,-0.086822,0.17932,-0.059438,-0.026277,0.1435,0.068846,0.13481,-0.099759,0.044141,-0.094271,0.16134,0.10872,-0.063753,-0.0057254,0.021299,0.0098957,-0.071003,-0.050187,-0.011932,0.094936,-0.025674,-0.051534,-0.01506,-0.14351,0.067574,-0.024516,-0.20405,-0.11101,0.11422,-0.13275,-0.021607,0.023487,0.11846,-0.096566,-0.13525,-0.032761,0.019659,0.018456
-0.031037,0.035188,0.09345,-0.18004,0.012065,0.067735,-0.048116,-0.036082,0.071512,-0.17298,0.040921,0.10678,-0.041394,-0.039589,0.092465,-0.11384,-0.10431,0.15088,0.041069,-0.0025905,0.16366,-0.091762,0.1985,0.012948,0.030332,0.012476,-0.0062093,-0.1265,0.092271,0.14239,0.2059,0.22055,0.15246,0.070445,0.021945,0.049406,-0.056224,-0.0036508,0.0036289,-0.14368,-0.036408,-0.00096793,-0.17652,0.19162,0.025258,-0.050748,0.015505,-0.090216,0.014403,0.053255,0.097429,0.025616,-0.12754,0.12086,0.1114,0.015465,0.072899,-0.075874,-0.24672,0.0037341,0.019064,0.030505,0.010365,-0.029036,0.03767,0.010292,-0.1166,-0.031199,-0.11873,0.074597,0.019292,0.058754,0.047269,0.16586,-0.10304,-0.15042,0.069965,-0.14243,0.015956,0.099961,-0.052563,-0.028487,-0.025115,-0.11397,-0.19354,0.066466,0.045792,-0.25819,-0.10847,0.072502,0.080588,0.031555,-0.1006,-0.13832,0.10892,-0.053147,-0.074652,0.096454,-0.16313,0.10397
-0.02494,-0.01677,0.015487,-0.0070658,-0.077059,-0.11115,-0.036924,0.060947,-0.04192,0.043013,0.11104,0.022227,-0.044529,-0.029338,0.04074,-0.046824,-0.032157,-0.13232,-0.063314,0.015184,-0.073905,-0.035322,0.054444,-0.082501,-0.098973,-0.010836,-0.0061101,-0.074179,-0.019747,-0.12601,-0.027661,0.13352,-0.11896,0.056992,0.10199,0.10804,0.15968,0.12456,0.033369,0.05211,-0.059267,0.066494,-0.059921,0.070587,-0.014112,-0.094855,-0.097877,-0.12708,0.069693,0.023918,-0.058212,0.030894,-0.10951,-0.020234,-0.0037367,0.053469,0.13477,-0.036358,-0.074998,-0.024572,0.034482,-0.05528,0.087928,0.081982,0.050771,0.030307,0.041181,0.17631,-0.055902,0.036785,-0.081519,0.12538,-0.022508,-0.050816,-0.10682,0.10911,0.12429,0.0010451,0.16442,-0.033484,0.15912,0.13218,-0.24341,0.19497,-0.10575,0.10327,0.095651,-0.00015278,-0.070573,-0.04742,-0.081409,0.052081,-0.057803,0.0014515,0.00064913,0.0089697,-0.20137,0.074094,-0.18849,0.0050481
0.042798,0.063454,0.093586,0.23818,0.0092191,0.10183,0.20428,0.015844,0.16026,0.22306,0.11221,0.16714,-0.069298,0.11135,-0.021813,-0.17713,-0.090602,0.078837,-0.00034475,-0.083835,-0.084928,-0.082487,0.075349,0.0071653,0.027651,0.0071646,0.025382,0.076156,-0.065037,-0.031169,0.035681,-0.071252,0.0058156,-0.062726,0.087673,-0.046659,-0.10702,-0.016953,0.030044,-0.046818,0.047355,0.15461,-0.10909,0.16397,-0.033486,0.13917,-0.33578,0.10026,0.089034,-0.12931,-0.10871,0.0081452,0.089258,-0.0792,-0.0052308,-0.0258,0.12877,-0.067839,0.031707,0.26512,-0.049992,0.021053,-0.034619,-0.065326,-0.23087,-0.022645,-0.046654,-0.11757,0.049694,0.1691,-0.027743,0.029362,0.11291,-0.043798,-0.013677,-0.0045823,0.075767,0.036143,-0.10149,0.013381,-0.13488,-0.068177,-0.10713,-0.071646,-0.086851,-0.027837,-0.055812,-0.012406,0.21919,0.069629,0.072528,-0.13839,-0.018275,-0.10946,0.10669,0.017242,0.033528,-0.058675,-0.29799,0.047729
0.05637,-0.030619,0.16208,0.10772,-0.10076,-0.016774,-0.020826,-0.024961,0.091697,-0.028044,0.075248,0.038922,-0.09632,0.066053,-0.015546,-0.012709,0.14626,0.055878,-0.080305,0.080271,-0.051829,0.12083,0.0030274,-0.060338,-0.075142,0.065739,-0.14426,0.11626,0.035661,-0.077855,0.022001,-0.034931,0.16784,0.099244,0.012754,0.12376,-0.12362,0.0994,-0.11604,-0.11145,0.11545,0.068097,-0.10975,0.049621,-0.024855,-0.067485,0.058376,-0.050322,0.22965,0.046559,-0.065351,0.18601,0.16475,-0.084342,0.045729,-0.052865,-0.032789,0.095872,-0.14157,0.011897,-0.012534,0.03125,0.14832,0.10943,0.024274,-0.022481,-0.056571,0.17993,0.093842,0.21945,-0.20152,-0.054387,0.045146,0.0090241,-0.0090912,0.027602,0.11463,0.0192,-0.17958,0.11897,-0.077615,0.01628,-0.059517,0.12798,0.075288,0.028674,0.076623,0.055001,-0.031493,0.099401,0.094205,0.16775,-0.18417,0.06914,0.030591,-0.028456,0.151,0.040225,0.084066,0.1246
0.039824,-0.016471,0.021909,-0.11984,-0.013585,0.16014,-0.046315,0.011695,0.15664,-0.042745,0.2197,-0.035113,0.061258,0.059542,0.11523,-0.11263,0.09527,0.012713,-0.074565,0.019475,0.10964,0.10299,0.028833,0.11748,-0.11103,0.070901,-0.053843,0.14706,0.012443,0.083067,0.033347,0.015114,0.093286,-0.033743,-0.15989,0.14451,-0.025004,0.090304,0.082761,-0.13402,0.1542,-0.00098317,-0.078786,0.083155,-0.0035795,0.013186,0.034041,0.09719,0.058965,-0.17653,-0.05044,0.041393,-0.078872,-0.11306,1.7518e-05,-0.065613,-0.14094,0.022417,-0.083459,0.098382,-0.078295,-0.17265,-0.12488,-0.095378,0.13484,0.13577,0.13084,-0.064363,-0.15185,0.047871,0.046443,-0.18996,0.15385,-0.028427,0.085087,-0.0015313,0.12509,0.011762,0.16237,-0.068228,0.024982,-0.11594,-0.030645,0.013566,0.0012919,-0.01277,0.065102,-0.025126,-0.012492,-0.02452,0.12625,-0.012376,-0.062794,0.027893,0.22383,0.033763,-0.044084,-0.059202,0.01199,0.030786
-0.017517,-0.1212,0.087381,0.060764,-0.065375,0.0040474,-0.071083,0.091884,0.12356,-0.06192,-0.1242,0.19387,-0.066687,0.23218,-0.10509,-0.15571,-0.081821,0.13755,0.066713,0.12925,0.17301,0.026023,0.066873,0.19065,0.029237,-0.058115,0.14611,-0.1777,0.039232,0.098304,0.042206,-0.021012,0.073105,0.086149,-0.13111,0.023811,-0.054833,0.0019632,-0.049321,0.076389,0.11664,-0.028756,-0.046245,-0.081661,-0.052464,-0.0036375,0.15152,0.14314,0.21772,0.083201,0.089886,0.061213,0.062824,-0.077686,0.16955,0.076125,-0.031035,-0.16629,-0.19999,-0.176,0.063029,-0.051777,0.012861,-0.055247,-0.045621,-0.014711,-0.1919,-0.046304,-0.085284,0.090312,-0.15498,0.091837,0.18473,-0.048352,0.052129,0.023171,-0.19465,0.25782,-0.17045,-0.050202,0.049134,-0.16273,0.030035,-0.13733,-0.021304,0.0058793,0.048291,-0.014907,0.13411,-0.082908,-0.066691,-0.073041,0.088384,-0.10225,-0.056366,-0.003758,0.11701,-0.006414,-0.038311,-0.15689
0.04062,-0.03164,0.1397,-0.041418,-0.065596,-0.18228,0.0042253,0.042229,-0.08144,0.077435,0.069455,0.14563,0.018366,0.035586,0.013396,0.030293,0.028371,0.10785,-0.05582,0.088984,-0.093533,-0.00087528,0.076838,-0.12227,0.0046224,-0.10112,-0.014242,0.037284,0.026577,-0.081797,0.011674,0.099014,-0.016364,0.046302,0.16668,-0.013803,-0.0015033,0.11089,-0.14709,0.065717,0.0099645,-0.10063,0.024321,0.0062475,-0.045524,0.12,-0.00024954,-0.16134,0.076907,-0.19798,-0.11718,0.013479,0.060651,0.038725,-0.0022327,0.14118,0.077062,0.10962,0.037545,-0.11723,0.078163,0.12727,-0.038357,-0.063516,-0.058829,-0.089586,-0.1932,-0.0019686,0.074465,-0.076951,0.11633,0.048594,0.12446,-0.22634,-0.074499,0.056125,-0.089675,-0.078766,-0.14224,0.080549,-0.058094,0.13261,0.013211,0.058732,0.057318,0.13451,-0.058289,0.078808,0.0033124,-0.19739,-0.11368,0.078813,0.067118,-0.10869,0.11429,0.0059807,0.24277,-0.096347,0.011091,-0.011777
0.12116,-0.27146,0.10426,-0.10765,-0.034299,-0.058507,-0.04871,-0.03371,0.12763,0.020255,-0.011366,-0.059659,0.064296,-0.062102,0.1592,-0.13813,-0.098812,-0.070383,0.0044753,0.24358,0.025484,0.10335,-0.15405,-0.073608,-0.032027,-0.15013,-0.096634,-0.042685,0.080768,-0.26134,0.096123,-0.080291,-0.10024,-0.085794,-0.056479,-0.014908,0.094305,0.060539,-0.046873,-0.023627,0.089566,0.14702,0.21354,-0.18992,-0.055349,0.0045269,0.028378,0.027103,-0.25364,0.019722,0.092634,-0.068253,-0.21276,-0.022828,-0.00045671,0.072002,-0.10883,-0.010288,0.15474,-0.12596,0.28485,-0.049951,0.059686,-0.17206,-0.1778,0.048319,-0.082795,-0.0087987,-0.19624,0.041741,-0.0013784,0.075545,0.051323,0.1027,0.089987,0.056195,-0.02516,0.052898,0.14113,-0.27377,-0.081012,-0.13278,-0.17299,0.18394,0.075083,0.11646,0.092713,-0.11498,0.095416,-0.037204,-0.0069733,-0.069049,0.089207,-0.042309,0.2077,0.032384,0.019109,-0.03389,0.26896,-0.015374
0.090032,-0.15577,0.057727,0.12123,-0.097876,-0.10626,-0.060902,-0.006342,0.0086424,0.16824,0.053989,0.11563,-0.065919,0.014581,-0.047784,-0.027844,0.081222,-0.054865,-0.064873,-0.075687,-0.077209,0.065237,-0.13133,-0.064371,-0.021881,-0.034289,0.096367,-0.080777,-0.1897,0.12454,0.12255,0.2297,-0.030691,-0.0029023,-0.060056,0.0082161,0.13226,0.072183,-0.036349,-0.029969,0.15211,0.10063,-0.11999,0.092507,-0.079304,-0.070757,-0.017153,0.09331,-0.056366,0.075886,-0.069319,0.0079259,-0.16912,0.21103,0.027171,-0.040874,0.036656,0.054403,-0.041993,0.060106,0.095622,0.17489,-0.15073,0.038306,0.10597,0.080192,0.30943,0.1683,-0.039503,-0.098966,-0.067158,-0.063526,-0.048317,-0.023406,0.076465,0.054412,0.15904,0.022445,-0.049115,-0.23093,0.047197,0.11497,0.15633,0.011256,-0.16233,-0.099095,-0.11098,-0.0070659,-0.04614,0.082446,-0.0067678,0.10761,0.017084,-0.099616,-0.032184,-0.11105,-0.122,0.11264,0.0093389,-0.090892
0.16227,-0.10797,0.010614,0.015728,-0.037603,0.11514,-0.15131,0.037643,-0.17854,-0.080871,0.14874,-0.021782,0.010056,-0.045477,-0.017149,0.1684,0.028571,-0.072626,-0.19063,-0.2234,-0.10851,0.12824,0.0089762,-0.072801,0.068063,0.047271,0.0039124,-0.085896,0.13526,0.066989,-0.017196,0.014723,0.18239,0.065628,0.016853,-0.21617,-0.077299,0.036331,-0.051401,-0.017346,0.044799,0.030766,0.026506,0.049291,0.07964,-0.11884,0.029052,0.0053877,0.20143,0.18529,0.0081573,-0.049208,-0.047174,0.037194,0.028338,-0.014472,0.16066,-0.17065,0.0449,-0.045411,0.0049352,-0.062785,0.23632,-0.021581,0.011134,0.0023038,-0.16872,-0.001307,0.019492,0.0070805,0.0028263,-0.0056461,0.068568,-0.10538,-0.092903,0.09955,0.063091,-0.19304,-0.090072,0.12938,-0.1846,-0.081333,0.072662,0.14165,0.085181,0.04862,-0.0074817,0.1792,-0.022233,0.063952,-0.067083,0.082427,-0.06058,-0.020391,0.14303,-0.03465,-0.047433,-0.00040137,0.040226,-0.030457
-0.038513,0.012758,0.023884,-0.033762,0.023942,-0.071327,0.096486,-0.22966,-0.16492,0.06012,0.01025,0.037203,0.0051111,0.20836,-0.029311,-0.018872,-0.030282,-0.041911,0.0011887,0.18858,0.040186,0.19254,-0.093973,-0.1026,-0.041367,0.0069722,-0.030588,-0.05003,0.083019,-0.024707,0.081056,0.053908,0.062001,0.078906,-0.015823,-0.018873,-0.14945,-0.052217,0.093532,0.048574,0.05973,-0.044057,0.040581,0.012666,0.063534,0.0816,-0.070716,-0.069259,-0.031629,-0.26064,0.064627,0.074541,0.024598,0.033094,-0.047796,-0.074638,-0.099173,0.10544,0.010793,-0.092504,-0.0050457,-0.11248,-0.0013543,0.10031,-0.037568,-0.036558,-0.049758,-0.13473,-0.10995,-0.076901,0.048881,0.14858,0.1284,-0.2069,0.038526,0.10966,-0.073671,-0.26369,0.060146,0.20189,0.17333,-0.17062,0.032505,-0.10087,-0.10097,-0.11788,0.018394,0.0044831,-0.10903,-0.022664,0.063646,0.052329,0.028021,0.026032,-0.0044292,-0.016812,0.14559,-0.13285,0.093376,-0.065726
-0.022325,0.072928,-0.1431,-0.055683,-0.048988,0.033782,-0.0036896,-0.061498,-0.054351,-0.072866,0.05276,-0.10271,-0.01325,0.036362,0.025043,-0.054065,-0.024353,-0.019882,0.084505,-0.047694,0.10469,-0.1094,0.022761,-0.13604,-0.017668,0.072813,-0.039314,-0.094119,0.0083458,0.24054,-0.023711,-0.1132,-0.016005,0.082685,-0.11268,-0.043585,0.12761,0.090066,0.066093,0.042371,-0.13774,-0.089733,-0.11379,0.21413,0.055278,0.16711,0.081021,-0.14483,0.089939,-0.14646,-0.11454,-0.142,-0.11221,0.035141,-0.090766,0.14841,-0.017752,-0.041553,-0.057211,0.053528,-0.22176,-0.057019,-0.17591,0.054546,0.079113,-0.0084146,0.18991,-0.1389,-0.022583,-0.22592,0.041627,-0.05747,-0.083289,0.030258,-0.0062879,0.014871,-0.10302,-0.073815,0.038809,0.052921,0.18428,-0.0068258,0.040302,0.043447,-0.0066343,0.088502,0.10455,-0.20645,0.18112,0.0059528,0.070051,0.15166,-0.051052,0.1458,0.21699,-0.063573,0.22825,0.006499,0.16498,-0.065613
0.057668,-0.18589,0.25539,-0.10593,-0.021816,0.041148,0.10131,0.038725,0.05119,0.059518,0.093896,-0.050907,-0.049435,-0.057866,0.14228,0.044771,-0.035375,-0.03293,0.04013,-0.12856,-0.014069,-0.012579,0.040981,-0.15228,-0.028734,0.29756,-0.018848,-0.058453,-0.11051,-0.064657,0.13876,-0.017842,-0.11537,-0.21149,-0.00070008,-0.065193,0.036696,-0.11228,0.005698,-0.08449,-0.045997,-0.00026812,-0.12415,-0.034522,0.15309,0.1142,-0.033574,0.17572,0.0069378,-0.1631,0.024718,0.033597,0.083132,0.013481,0.091378,0.0024272,0.12369,-0.12409,0.20893,-0.1248,-0.04253,-0.024705,-0.093763,-0.052926,0.14293,0.016246,-0.015326,0.043754,-0.035457,-0.12627,-0.032705,-0.057789,0.15619,0.13167,-0.077372,-0.014859,0.15457,-0.082467,-0.15229,-0.044505,-0.0046317,0.016116,0.091977,-0.080436,-0.17381,0.079199,-0.11179,-0.020951,-0.065489,-0.061445,-0.013094,-0.092224,-0.1121,0.0099434,-0.067788,0.095567,-0.082403,-0.097671,-0.00021644,-0.099285
-0.060563,-0.10521,-0.13434,-0.014754,-0.02749,-0.13197,0.012996,0.014138,0.060543,-0.026385,0.17261,-0.091264,0.028088,0.057763,0.10346,-0.14015,-0.18466,-0.20765,-0.075347,-0.11589,0.089271,0.087008,-0.030151,0.039332,0.22904,-0.20608,-0.071444,-0.095605,-0.10645,0.052867,-0.14826,-0.088659,0.03426,0.031572,0.049298,0.066145,-0.058717,0.030705,-0.086164,-0.1198,-0.10114,-0.15836,-0.074404,-0.07948,-0.062696,-0.07169,-0.04549,-0.040877,0.1253,0.036206,0.044866,-0.056357,-0.060774,0.028123,0.14828,-0.10209,0.034535,-0.0080885,0.09713,0.097119,-0.0022046,-0.09179,0.11903,0.20726,0.031456,0.019052,-0.060723,-0.10469,-0.028234,-0.053189,0.03369,-0.093041,0.021194,-0.069498,0.05513,0.010715,-0.037864,-0.030018,0.070192,0.17982,0.048684,0.049775,-0.14546,-0.06473,0.010684,0.061567,0.2016,-0.049358,-0.18217,0.037444,0.059189,-0.037896,-0.11558,0.15134,-0.030535,-0.10549,0.016856,-0.046814,-0.0065517,0.069005
-0.1206,-0.076782,-0.015819,-0.12947,0.047376,0.0056621,-0.1244,-0.06058,-0.13611,-0.21504,-0.12837,-0.064621,-0.21912,0.069364,0.032744,0.11432,-0.13195,0.014893,-0.053865,0.059885,0.001633,0.0015982,-0.025618,-0.10944,0.016921,-0.080807,0.10244,-0.024969,-0.12756,0.10409,-0.0010876,-0.010391,0.0308,-0.070145,0.079596,0.11926,-0.05146,-0.0066969,0.041338,-0.073405,-0.11297,-0.11077,0.18359,0.046504,-0.102,-0.040676,0.079544,-0.14051,0.070319,-0.066947,-0.12254,0.06316,0.087936,0.10795,0.13317,0.01767,-0.028698,-0.17474,0.074587,0.13967,-0.19354,0.11523,0.13066,-0.021528,0.13888,-0.036675,0.078385,0.062402,-0.089055,0.072287,-0.044367,-0.061819,0.1133,0.029011,-0.022718,-0.060706,-0.031607,0.0055017,0.2021,-0.017194,0.07633,-0.037897,-0.037123,-0.044927,-0.14203,0.056366,-0.14299,-0.088368,0.033293,-0.20614,0.13496,-0.10659,-0.0017289,0.23365,0.012371,-0.018545,-0.11297,0.11107,-0.093387,-0.054772
0.15614,0.060736,-0.18908,-0.1297,-0.075193,-0.015335,0.044545,0.1583,0.02191,-0.050645,0.11318,0.048359,0.11765,0.15147,0.029627,0.027426,-0.0052908,0.01567,-0.03923,0.060591,-0.045916,0.15014,0.061236,-0.10705,-0.010812,-0.093681,0.18744,0.18943,0.12582,0.17114,0.096283,0.11496,0.063822,0.024677,-0.1774,-0.04577,-0.05536,0.021119,0.050012,0.12939,0.10378,0.053724,0.13297,0.29588,0.20264,0.10503,-0.02868,0.015814,-0.066425,0.24832,-0.20503,0.00093284,-0.16518,-0.14515,-0.059028,-0.17765,0.001677,-0.055189,0.045087,0.16362,-0.15429,-0.12366,0.1254,-0.041501,0.044438,-0.13244,0.087083,0.069592,-0.11157,-0.12853,0.018105,0.02683,-0.00072071,0.029785,-0.085455,-0.058905,-0.10103,0.12057,0.2605,0.12256,0.064031,-0.11905,0.0036814,-0.26448,0.020775,0.080949,0.062944,-0.12893,0.059227,0.036017,0.050433,-0.057393,-0.037,-0.11973,0.053242,0.15086,-0.058313,-0.060906,0.091931,-0.05635
-0.069661,0.092086,0.1371,0.010438,0.01392,0.0003277,0.10238,-0.11491,-0.10271,0.024007,0.24202,0.074406,-0.091708,-0.027384,0.034512,0.1507,-0.071208,-0.14828,0.075621,-0.0081545,-0.025908,-0.01039,0.013631,0.079792,0.028795,0.25686,0.12905,-0.018155,-0.15137,0.099408,-0.0080295,-0.17326,0.028256,0.030477,-0.023181,-0.0093985,-0.028156,0.049481,0.086192,0.068343,-0.02598,0.048337,-0.095817,0.084989,-0.069507,0.0019987,-0.022821,-0.1338,-0.0036878,-0.12456,0.068368,-0.20201,-0.14386,0.027932,-0.020471,0.10191,-0.13232,0.014929,-0.14255,-0.20326,-0.066211,-0.095892,-0.090786,0.0036548,0.096771,-0.1315,0.075654,0.23481,0.090835,-0.087723,-0.084824,0.019467,-0.034565,0.032801,-0.0028645,0.023199,0.021547,0.19495,0.021797,-0.18091,-0.060852,0.075387,-0.044759,0.083503,-0.21529,-0.072751,-0.27351,0.033398,-0.025119,-0.087112,0.03782,-0.094192,-0.0056448,0.10032,-0.18831,0.057556,-0.10044,0.034092,0.184,0.10873
0.11178,-0.064433,0.045998,-0.099362,-0.018274,-0.031821,0.068931,0.048795,-0.078681,-0.04132,-0.00036827,-0.0024917,-0.039006,-0.087136,0.010257,0.0054254,-0.1096,-0.016242,-0.011161,0.13681,0.03161,-0.12328,0.14925,-0.0092799,-0.019742,0.096766,0.022114,-0.0045888,0.056337,0.10766,0.17177,-0.1096,0.12936,-0.015341,-0.012979,0.07136,0.047104,0.068308,-0.15559,-0.11943,-0.014495,-0.19557,0.11304,0.054134,0.054176,-0.010173,-0.075434,0.0072863,-0.021655,-0.15065,0.060504,0.00035763,0.12269,-0.072505,-0.05844,0.04144,-0.12951,0.11277,-0.025763,-0.051057,0.093609,-0.052508,-0.12707,0.027402,-0.076449,-0.09937,0.030305,-0.14866,0.12698,0.23712,-0.14405,0.087875,-0.053811,-0.067913,0.031275,0.0029602,-0.23091,0.030177,0.044423,0.0088152,-0.16947,0.11614,-0.063354,-0.17273,0.013567,0.17049,0.15671,-0.0060231,-0.051351,0.1621,-0.008347,0.050964,0.15342,-0.085912,-0.066803,-0.13969,-0.095529,-0.093086,-0.058971,-0.047208
-0.0052523,0.11076,-0.026472,0.12292,0.03613,-0.062146,-0.16653,0.082864,0.054969,0.036345,0.21338,0.1462,-0.021976,-0.071563,0.063492,-0.071599,0.083276,-0.14801,-0.022553,0.085267,-0.049755,0.021659,-0.082267,-0.0096133,0.017096,-0.0035356,0.021226,0.032298,-0.099413,0.065617,0.10655,-0.10127,-0.14202,0.073176,-0.086778,0.045772,0.21303,-0.064944,0.0017758,0.011138,0.053224,0.053197,0.0035849,-0.037055,-0.032003,0.067578,0.0020313,0.085315,-0.13746,0.15695,0.11329,0.031275,-0.024077,0.014972,0.045536,-0.13418,0.014807,-0.1575,0.017048,0.20078,0.051761,-0.0086039,-0.10464,-0.15315,0.0017709,0.026938,0.22513,-0.034398,0.026678,-0.024776,0.069599,0.0082818,0.045282,0.25183,-0.16569,-0.026631,-0.022901,0.024578,0.072894,0.031088,0.054919,0.1368,-0.17039,0.045013,-0.11865,-0.081068,-0.015762,-0.08012,0.052625,-0.065649,0.15874,-0.14079,0.020978,-0.05327,0.083577,-0.030565,0.044996,0.068432,-0.098787,0.093743
-0.039763,-0.053481,0.04667,0.23426,-0.086568,-0.0025104,0.027502,0.028646,-0.017196,-0.0096903,0.10813,-0.051172,-0.012041,0.062902,-0.15296,-0.0019369,0.038549,-0.043441,0.12104,0.10627,-0.047032,-0.00035722,-0.22092,0.18634,0.16841,0.047114,0.049487,0.044304,0.030107,-0.025842,0.14226,0.03821,-0.11953,-0.015312,0.029773,-0.050296,0.12062,-0.048748,0.072146,0.10537,-0.026187,-0.17362,-0.25851,-0.029433,0.092934,-0.094417,0.16958,-0.087574,-0.07662,-0.045188,-0.11293,0.017759,-0.053013,-0.20047,-0.013803,-0.1529,-0.096871,0.016375,0.015614,-0.1227,0.08753,0.030426,-0.015199,-0.01154,-0.1282,0.0078967,-0.059175,0.0070799,-0.11644,-0.13458,0.043557,0.1431,0.09948,0.027918,0.042926,0.0070378,-0.013003,-0.17827,0.0587,-0.16525,-0.099548,0.038045,-0.01629,0.04992,0.067464,0.02837,-0.050783,-0.054241,0.0028352,-0.10945,-0.021063,0.021551,-0.086555,-0.0045926,-0.077144,-0.15688,-0.11933,-0.0045411,0.06158,0.17027
0.16825,0.19452,0.076878,0.11824,-0.085751,0.14783,0.0881,-0.070574,-0.01982,0.018729,-0.14057,-0.029291,-0.1988,-0.070472,-0.047688,0.1566,-0.0046895,0.11388,0.014658,-0.12445,0.13456,0.13119,0.12382,-0.15775,-0.02583,0.062362,0.15668,-0.076494,0.08013,-0.05847,-0.17572,-0.018838,-0.19894,-0.038404,0.074042,-0.044502,0.0017811,0.09684,0.10368,0.042805,0.064349,-0.042914,-0.035097,0.070165,-0.017637,0.015331,0.13218,-0.094501,0.1445,-0.012136,0.021228,-0.038788,-0.03104,-0.085012,-0.11329,0.12755,0.1224,-0.12073,0.13681,-0.11691,0.12595,-0.0469,0.16549,-0.23493,0.0917,0.045889,-0.020474,-0.1715,-0.11768,-0.16146,-0.035175,-0.12782,-0.10848,-0.075798,0.024674,0.003317,0.15388,-0.047171,0.076073,0.050203,0.028238,-0.041611,-0.019986,-0.015828,0.144,0.0040316,-0.026608,-0.010034,-0.0045785,-0.097795,-0.1018,0.064598,-0.1295,0.039759,0.026788,0.028591,0.085963,0.25,0.13048,-0.039614
-0.09774,-0.089849,0.23012,-0.013356,-0.03105,-0.062233,-0.013139,-0.0026528,0.090352,0.027407,0.052065,0.04497,-0.074147,0.035314,-0.01492,-0.039165,0.058809,-0.11821,-0.058707,0.033898,-0.10999,0.033508,0.055227,-0.025397,0.2642,0.1022,-0.095112,-0.0045974,0.20631,0.090613,0.098483,-0.12948,-0.052874,-0.039107,0.11726,0.010693,-0.18603,0.10836,-0.14706,0.0069498,0.037798,0.10051,0.084085,0.090804,0.0093784,-0.001315,0.10268,-0.14725,-0.12086,-0.017916,-0.0091159,0.1084,0.048489,0.074706,0.039365,-0.11714,0.022989,0.0034126,-0.042453,0.15727,-0.13328,0.092868,-0.089241,-0.023096,-0.15641,-0.060399,-0.053046,0.048905,0.15393,0.12809,0.081779,-0.06037,0.081961,0.017277,-0.049429,0.025706,-0.12628,-0.056566,-0.16857,-0.00037456,0.024168,-0.081902,-0.060133,-0.002714,-0.10444,-0.001399,-0.086088,0.08076,0.19259,-0.072463,0.046907,0.029889,-0.1719,-0.044731,-0.1339,0.25207,-0.025192,0.031181,-0.22815,0.18355
0.09268,-0.16806,0.063256,-0.0503,0.04981,-0.18839,0.036444,0.19464,-0.0089553,0.18948,-0.10335,0.041141,0.096931,0.0015813,0.044361,0.024985,-0.048714,-0.13065,-0.091304,0.020965,-0.063568,-0.084026,-0.12518,-0.086351,-0.03883,-0.044848,0.054041,-0.072341,-0.0092012,0.14208,0.047922,0.039437,0.036708,-0.10904,-0.014492,0.073274,0.046233,-0.0080189,-0.081513,-0.036067,0.057701,-0.1791,0.16555,-0.13632,-0.039521,0.1289,0.15273,-0.12716,0.07429,0.048934,0.063657,0.040355,0.095335,-0.080235,0.31886,0.0034032,0.027029,-0.13958,0.035477,-0.055691,-0.00078391,-0.096274,0.068999,0.017546,-0.15954,-0.033258,-0.09147,0.027514,0.03476,-0.022051,-0.057572,-0.076273,-0.04104,-0.037515,0.061042,-0.11355,-0.064137,0.13547,0.0081085,0.01554,-0.027927,-0.18801,-0.037841,-0.026966,-0.015821,-0.074277,0.06706,0.14083,-0.18238,0.12399,0.16176,-0.15088,0.035301,-0.026831,0.062066,-0.11307,0.038293,-0.038737,-0.0038405,0.13354
-0.049587,0.002983,0.058505,-0.080859,0.0058806,-0.013965,0.021254,0.095845,0.03087,-0.090996,-0.041625,-0.038844,-0.048724,0.1917,0.067234,0.062554,-0.045238,0.11239,0.077725,0.16532,0.083022,-0.085208,0.010075,-0.14225,-0.088774,0.020539,-0.12866,-0.048895,-0.14518,0.044128,-0.0075416,-0.042533,-0.023716,0.20819,-0.022082,-0.090124,0.045745,0.10703,-0.098568,-0.006082,0.0057463,-0.16672,-0.22406,-0.001937,0.097785,-0.019106,0.0060423,-0.16309,-0.16028,0.11264,0.08543,0.048635,0.011684,-0.082658,-0.12162,-0.1221,-0.12254,-0.12146,-0.11507,-0.049557,-0.030414,-0.076243,-0.020014,0.00712,0.12774,0.011613,-0.088621,-0.093198,-0.030919,0.11595,-0.19882,0.070737,-0.051001,-0.033131,-0.020928,0.019522,-0.14691,-0.15088,-0.06078,-0.0036695,-0.1095,0.13611,-0.015427,-0.11549,0.24188,0.24001,-0.029823,0.031089,-0.028879,-0.010341,0.17499,-0.091016,-0.092391,-0.067024,0.082759,0.15742,0.22579,-0.02181,0.14382,-0.1635
0.011812,-0.085656,-0.1518,0.045695,-0.028665,0.070856,-0.045606,0.11528,0.089276,0.13891,0.10482,-0.083456,-0.030001,0.066322,0.11528,0.18013,-0.013473,0.17006,-0.14112,-0.092984,0.13139,-0.063875,0.077354,0.056708,-0.07561,0.10962,0.018395,-0.012664,0.058228,0.087889,-0.13929,-0.037297,0.12205,-0.16772,-0.075117,-0.10397,0.083468,-0.018621,0.037698,-0.11025,-0.062106,-0.056687,-0.088777,-0.18041,-0.024953,0.15223,0.13304,0.10685,0.22705,-0.24359,0.033237,0.055948,-0.021728,0.0030434,0.026465,-0.1201,0.050971,0.15523,0.049575,-0.087202,0.12941,-0.2489,-0.2173,-0.11406,0.024752,0.12694,0.063771,-0.021068,0.076896,0.0016079,-0.026113,0.070807,0.32026,0.033174,0.028025,-0.068061,-0.080379,0.018837,-0.17194,-0.094293,0.067793,-0.15022,0.16484,-0.17769,0.12078,0.077331,0.04519,0.0861,0.054964,0.045265,0.091343,0.18694,-0.099751,-0.14086,0.069288,-0.013796,-0.038569,-0.061046,-0.020735,-0.095434
-0.076754,0.1282,0.17277,-0.02654,-0.045952,-0.10942,0.0033857,0.0088869,-0.024334,0.015092,0.07517,-0.096431,0.05767,0.071509,0.025086,-0.17732,0.053455,0.054845,0.007338,0.056113,-0.10489,0.092094,-0.074026,-0.054274,-0.11135,-0.047116,0.0054492,-0.033739,0.10166,0.022408,-0.026959,-0.1074,0.099143,-0.10589,0.054242,0.079242,-0.16617,0.016178,0.26623,-0.040827,-0.040605,0.052098,-0.071176,-0.084289,-0.21598,0.0095238,-0.15633,-0.058954,0.11506,-0.065205,0.149,-0.073597,0.071725,0.13802,-0.085387,-0.041639,-0.020413,0.017547,0.084368,0.11774,-0.010671,0.08859,0.10779,-0.055172,-0.02334,-0.043079,0.086402,-0.024501,0.051037,0.014168,0.15419,0.14839,0.027227,-0.01706,-0.17742,-0.13752,-0.06288,0.12577,-0.086493,-0.014603,-0.046448,-0.019262,-0.12467,-0.1051,0.031076,0.064213,-0.028351,0.062369,0.12672,-0.16922,-0.17536,-0.099013,-0.025349,0.026361,-0.091833,0.089573,-0.12253,-0.15588,-0.061908,-0.11656
0.060782,0.068494,-0.065822,-0.056849,-0.13736,-0.089546,-0.085461,-0.060201,0.0079709,-0.026987,0.0087385,-0.092669,-0.096427,-0.040095,0.053443,-0.028445,-0.026513,0.067241,-0.18693,-0.044374,-0.11203,0.013557,-0.0080721,-0.095651,0.048316,0.0056751,-0.0085267,0.055492,-0.01966,-0.082353,0.11157,-0.12478,0.11233,-0.04259,-0.0056903,0.014467,0.012465,-0.024402,-0.010196,0.034354,-0.061979,0.11262,-0.058014,-0.036333,0.052447,-0.023386,0.1188,-0.095672,-0.17157,-0.1336,-0.082239,-0.066649,0.011795,-0.12407,0.17095,-0.077732,0.0070705,-0.049605,-0.044893,0.0093855,-0.048172,0.024214,-0.19856,0.18274,0.065159,-0.078807,-0.12008,-0.06053,0.07036,-0.021762,-0.053994,0.0043927,0.14655,0.26279,0.0010736,-0.071592,0.033342,-0.063877,-0.0044595,-0.03751,0.11159,0.10264,-0.074822,0.078135,-0.10013,0.083686,-0.063457,-0.065228,-0.17632,-0.030134,0.11749,0.047563,0.11215,-0.0089369,0.016106,0.10797,0.06654,0.074292,0.023175,0.048795
0.0055591,0.0062808,-0.01423,0.0023317,-0.0056375,0.068836,0.049594,0.052926,0.10147,0.19579,-0.028011,0.042598,-0.062607,0.058814,0.040452,-0.066437,-0.2313,0.022575,0.091581,-0.020849,-0.098555,0.14398,0.14336,-0.0027253,-0.086441,0.060066,-0.001497,0.024615,-0.16885,0.087691,0.035416,0.14504,-0.025026,-0.08646,-0.070954,0.069477,0.083457,0.055843,0.0068239,0.3083,0.044447,-0.0042093,0.074643,0.1799,0.20087,-0.068944,-0.097994,-0.10257,-0.04389,-0.016097,0.0251,0.15961,0.048329,0.082234,0.047526,-0.037966,0.14338,-0.012193,0.065016,0.25906,0.075285,0.019479,0.0097425,0.05865,0.11866,0.069962,0.045746,-0.18736,-0.05057,0.11755,-0.13854,0.14555,0.078992,-0.029931,-0.093226,0.018448,0.074851,0.097708,0.24347,0.015005,0.098483,-0.054997,0.097045,0.041455,-0.16602,-0.11423,0.040112,-0.15666,0.079167,0.072005,-0.074235,0.16305,-0.02394,-0.0442,0.084773,0.032279,-0.20672,0.19037,-0.081955,-0.12339
0.063414,0.099942,-0.0080666,0.055553,-0.0077825,-0.042446,0.093653,0.036301,-0.087266,-0.059033,0.086773,0.064221,-0.017366,-0.00043207,0.15508,-0.053847,-0.0040946,-0.0015787,-0.028962,-0.03401,-0.021053,-0.038819,-0.20191,-0.044332,-0.078099,0.017733,0.076054,-0.10484,-0.025053,0.08016,0.15751,-0.024882,-0.16689,0.15477,-0.08928,0.040034,0.077353,0.16158,-0.060502,0.13822,-0.049371,-0.059323,-0.11614,0.025838,-0.14378,-0.039359,-0.043323,0.08624,0.10186,-0.017658,-0.12927,0.16482,0.097908,-0.059648,0.074398,-0.16733,-0.094398,-0.11836,0.11727,-0.013998,-0.096936,0.022083,-0.0012505,0.063502,0.059691,0.010862,0.043048,0.10208,-0.031667,0.038325,0.1348,-0.038514,-0.19696,-0.048338,-0.068816,-0.082005,-0.1815,-0.068326,-0.039402,0.023223,-0.12443,0.15269,0.033055,0.00076614,-0.014889,0.012908,0.028024,-0.05668,0.05268,0.10071,0.11995,-0.14948,0.028744,0.0826,-0.054697,-0.11359,0.032683,0.12157,0.027807,-0.018632
0.033499,0.093423,0.051403,0.0063318,-0.18863,0.045559,-0.06673,-0.083957,0.12517,0.11101,0.10745,-0.069426,0.0036192,0.056951,-0.083447,0.092616,-0.14776,-0.048481,0.053814,-0.052829,0.056216,0.092821,-0.056329,-0.02493,-0.0057729,0.037737,-0.075456,0.062765,0.094658,0.027539,-0.096794,-0.063918,0.063222,0.02434,-0.041354,0.15606,0.051704,-0.17762,0.029497,0.14669,-0.10666,0.050585,-0.0012676,-0.14663,0.066788,0.025229,-0.12247,0.16267,-0.075933,0.005665,0.087288,-0.050851,0.0965,0.10704,0.0030314,-0.0074338,0.05563,0.1672,0.13985,0.14724,-0.017172,-0.015078,0.058879,0.11991,-0.012867,-0.11989,0.033261,-0.047583,-0.35772,0.001722,-0.017656,-0.051219,-0.019033,0.018181,0.058409,-0.0077447,0.11964,-0.025992,-0.066003,0.16701,0.13158,0.057599,-0.23086,0.035604,0.10524,-0.063248,-0.1413,0.069524,0.083978,-0.14522,-0.023672,0.0044157,-0.099837,0.02787,0.071567,-0.19703,0.062368,0.032445,-0.1177,0.26011
-0.025422,0.12361,-0.21278,0.06723,-0.084597,-0.02871,0.090529,-0.11465,0.0049997,0.067391,-0.0090035,0.059333,0.17143,-0.0092568,-0.052451,0.015096,-0.054459,-0.047476,-0.14055,-0.021161,0.066305,-0.22037,0.038892,0.015697,0.098816,0.067925,0.058121,0.16031,0.12545,-0.028673,0.074452,0.026681,-0.050675,0.081105,-0.032079,-0.053834,0.096915,-0.052461,-0.020996,0.14567,0.12192,0.046607,0.059182,-0.088018,-0.047868,0.0795,0.023302,-0.0055986,-0.20419,0.051588,0.15456,0.17334,0.037219,0.17441,-0.017454,-0.091692,-0.034014,0.045593,-0.084314,-0.075853,0.1648,0.065682,-0.038418,-0.21464,0.05285,-0.0040732,-0.077258,0.034495,0.15995,-0.0031902,0.065347,0.0089426,-0.037908,-0.026225,-0.068264,0.037038,0.018243,-0.010365,-0.14227,-0.10262,-0.15921,0.070444,-0.017646,-0.10428,0.25498,0.032088,-0.094763,-0.021902,-0.092345,0.00085365,0.23273,0.098454,-0.10172,0.048524,-0.010585,-0.010726,-0.10253,-0.032565,-0.029174,-0.11001
0.15756,0.04813,-0.012204,-0.24164,-0.13377,0.043317,0.019705,-0.005942,0.085424,0.0042228,0.029715,0.069395,-0.1698,-0.040109,-0.010947,0.133,-0.022264,-0.078215,-0.048376,-0.10033,0.10674,0.19911,-0.054524,-0.013359,0.16569,0.030993,-0.040993,-0.048026,0.0025643,0.013095,-0.080813,-0.10447,-0.13867,0.042711,0.090876,-0.1567,-0.25169,0.065697,-0.00084648,-0.014606,0.097153,-0.13628,0.19067,0.03983,-0.17201,-0.067489,0.05984,-0.058021,-0.046333,-0.074731,-0.14656,-0.040904,-0.047926,0.15028,-0.063943,0.11066,-0.15268,-0.059091,0.089667,0.14326,0.035823,-0.089019,-0.08233,0.077903,-0.13916,-0.038369,0.078783,-0.0047884,-0.067571,0.10143,-0.0411,0.025019,0.08962,0.16787,0.15855,-0.19374,0.043056,0.064489,0.071313,-0.043115,0.07796,-0.034354,-0.15629,0.10784,-0.13309,-0.099183,0.053404,0.16808,-0.020068,-0.094233,-0.12,-0.021299,0.084408,0.14639,0.1317,0.20925,-0.028312,-0.063039,0.045614,0.094516
0.12309,0.094953,0.026782,-0.01591,-0.12296,0.076096,0.11224,0.10687,-0.20168,-0.072363,-0.09848,-0.041409,-0.072507,0.08896,-0.0028922,0.082455,-0.041155,-0.20989,0.11504,-0.066582,0.17647,0.0045188,-0.13277,-0.022263,-0.065275,-0.035468,-0.035123,0.026719,0.10099,0.034812,-0.025245,-0.012569,0.14548,-0.061185,-0.044288,0.094809,0.060774,0.039797,0.070639,0.0040302,0.11749,-0.079826,0.033219,-0.15888,0.0069921,0.051744,-0.026472,-0.058262,0.18165,-0.0075535,-0.1299,-0.028375,0.050294,-0.046144,-0.19965,0.022996,0.068568,0.092246,0.00013759,-0.033452,-0.013868,-0.0081904,-0.070569,-0.13425,-0.015765,0.046677,0.087425,0.056698,0.052488,0.011233,-0.013714,-0.057691,0.05446,-0.033086,-0.054217,-0.0513,0.074585,-0.076107,0.055092,-0.16844,-0.12616,0.13532,-0.14979,0.044479,-0.042785,-0.041934,0.055571,-0.064589,0.080975,-0.18962,0.068947,-0.17653,0.055875,0.058313,0.15815,-0.094855,-0.12874,0.012797,0.11064,0.11083
-0.20131,-0.091073,-0.090698,-0.054488,-0.043909,-0.011348,-0.045814,-0.14898,0.10083,0.061916,0.012703,0.017716,0.11709,-0.21577,-0.11448,0.11672,-0.060879,0.16374,0.012549,-0.10566,-0.17038,0.017626,-0.015704,0.0063522,0.11194,0.02612,-0.048347,-0.080508,-0.001144,-0.080882,0.018312,0.0056973,-0.10256,-0.23678,0.047748,-0.017636,0.030662,0.12105,-0.2395,-0.050834,0.061775,0.14767,0.14747,0.21193,0.060891,-0.026476,-0.19681,-0.15118,-0.18964,-0.049841,-0.010574,-0.057281,0.097157,0.085906,-0.086566,-0.1343,0.0036895,0.024807,-0.011342,0.056118,-0.01363,0.0028035,0.062895,0.0013239,-0.0038002,-0.048338,0.069848,-0.021191,0.0047283,-0.068042,-0.11475,-0.088437,0.11081,0.080859,0.12123,0.057484,-0.12136,-0.036979,-0.099245,0.011785,-0.010352,0.040677,-0.054501,0.015278,0.036907,0.040593,-0.086631,-0.044841,0.017202,-0.055382,0.065734,0.03958,-0.1235,0.15186,0.032993,0.091843,-0.21227,-0.02585,0.087906,-0.14771
-0.0067685,-0.12415,-0.074204,-0.084114,0.1415,0.0014012,-0.0011642,0.033615,-0.02083,-0.038211,-0.046747,0.19236,-0.099458,0.099205,-0.028284,0.067213,0.085035,0.062077,0.091929,-0.054283,-0.093937,-0.06518,-0.1567,-0.021211,0.14518,0.16587,-0.18388,0.0090271,0.12378,-0.02393,0.033375,-0.017695,-0.045495,0.011348,0.025635,0.025534,0.097071,0.056436,-0.027311,-0.11819,0.087605,0.064365,0.030226,-0.11807,0.055503,0.00067448,0.094297,0.091528,0.16296,0.013321,-0.049083,0.049429,0.086347,0.12343,-0.10814,-0.0043695,0.13824,-0.077932,-0.040518,0.10384,0.21431,0.05198,0.066318,0.050122,0.0047171,-0.080039,-0.15731,0.057746,-0.13618,-0.07097,0.00028058,0.17739,-0.10615,0.10483,-0.016997,0.027501,-0.075572,-0.13471,0.28432,0.039723,-0.02134,0.030409,0.11797,0.18371,0.11223,0.031663,0.014015,-0.20002,0.0051072,0.079503,0.083953,-0.050388,0.084668,0.12629,0.10571,0.22854,0.10471,0.038749,0.12202,-0.12361
0.026046,0.17576,0.040461,-0.046584,-0.01413,0.061871,-0.082709,0.16937,-0.014568,-0.094834,0.06368,-0.16069,-0.24211,-0.047662,0.16632,-0.14132,0.010103,-0.31013,-0.015291,-0.028407,0.037608,-0.03642,-0.18284,0.0727,-0.031913,0.08233,0.094323,0.082444,0.0015863,0.055002,0.2692,0.065988,-0.078773,0.011255,0.076936,0.016407,0.020758,-0.038561,0.023184,-0.07047,0.14264,-0.073715,0.050736,-0.10238,0.13946,0.047334,-0.0051911,0.11003,-0.043893,0.04486,0.05612,0.039312,0.006466,-0.022858,-0.15703,0.037285,-0.11886,0.16347,0.14645,-0.033158,-0.14819,-0.1191,0.042066,0.032701,-0.00047892,0.017506,-0.054451,-0.026125,-0.037515,0.040225,0.03088,0.043839,-0.059212,0.024771,-0.091545,-0.016045,0.20408,-0.1189,0.096106,-0.064456,0.019517,-0.0078776,-0.10217,0.038163,0.11686,0.084752,0.18097,-0.014611,0.048404,0.10966,-0.11818,-0.083699,-0.017528,-0.10363,-0.035406,0.10373,-0.071481,-0.010286,0.097895,0.11251
0.28294,-0.12602,-0.025695,-0.006237,0.0066345,-0.14721,0.09296,-0.12296,-0.00037402,-0.060529,0.063933,0.098193,0.23034,-0.022965,0.09932,0.084523,-0.01461,-0.15402,0.087604,0.14684,-0.074046,0.009707,0.21315,0.05104,-0.04986,0.053584,-0.22529,0.0022558,0.14287,-0.097902,0.0064748,-0.0023354,-0.015875,-0.043069,-0.12895,0.11178,-0.011782,0.079042,0.15801,0.0079345,0.029523,0.0087688,0.050877,0.055673,0.15372,0.12811,0.26091,-0.051959,0.1092,-0.0020269,-0.21596,0.029188,0.039566,-0.0093286,-0.021331,0.056704,-0.084107,-0.056145,0.038226,0.081457,0.08424,-0.1996,0.057246,-0.084948,0.14224,0.026638,-0.1099,0.044032,0.076343,0.023518,-0.088586,0.11018,0.079979,0.11229,0.12837,-0.0201,0.13055,-0.071486,-0.11679,0.11621,-0.04651,-0.034396,-0.13773,-0.1937,-0.031865,0.11705,-0.076108,0.070341,-0.010598,-0.012773,0.019669,0.083369,-0.061416,-0.04486,-0.11535,0.16849,0.040648,0.12778,0.10108,0.054904
-0.0088511,-0.059525,-0.0083291,0.063296,-0.073611,0.11115,-0.12829,0.080161,-0.18589,-0.16419,0.16714,0.036845,-0.22811,0.018494,0.050436,0.061561,-0.17991,0.090275,-0.18495,-0.060984,-0.021342,-0.13655,0.037155,0.080408,-0.063622,-0.13678,0.023126,-0.041926,0.09294,-0.092932,0.037964,0.12187,0.022224,-0.13599,0.060443,0.10935,0.035433,-0.029695,-0.043832,0.075924,0.073358,-0.031111,0.0019735,-0.009988,-0.060693,0.076521,0.093697,-0.16889,-0.067656,-0.12599,0.18478,-0.035609,0.047833,0.076083,0.14395,0.24025,0.064072,-0.16848,0.13476,0.070998,-0.09644,0.028022,0.01374,-0.1194,-0.20408,0.26276,0.15032,-0.032472,0.18315,-0.085017,0.019373,0.010968,-0.019515,0.047863,0.27137,0.16304,0.13369,0.048588,-0.087491,0.098062,0.093166,0.024377,-0.058047,-0.010567,-0.088835,-0.070899,0.080863,-0.12343,0.021728,0.08978,0.092155,-0.14999,0.058519,-0.068027,0.13572,0.055178,-0.012155,0.067513,-0.15219,-0.084478
-0.013826,-0.021046,-0.0040619,-0.0065398,0.066017,0.071147,0.049901,-0.1843,0.1182,0.0001533,-0.071126,-0.091272,-0.028959,0.066623,0.047491,-0.012484,0.066564,0.13728,-0.017177,0.058566,0.017002,-0.093191,-0.034147,-0.010646,0.17189,-0.13001,-0.0061629,0.12167,-0.0014518,-0.020885,-0.00051746,0.1116,-0.06813,-0.099533,0.057095,-0.052038,0.031173,-0.080376,-0.10868,0.15122,0.085322,-0.031736,-0.18297,-0.029648,0.038228,-0.014008,0.058495,-0.021332,0.051006,0.031432,0.031422,0.16845,0.0013352,-0.069665,-0.070327,-0.057771,-0.073738,0.0071874,-0.11716,0.0040108,0.095464,-0.16602,0.09341,-0.15425,-0.10141,-0.074951,0.092333,0.081331,-0.15559,-0.16328,0.019278,0.09625,-0.10277,0.23489,-0.29695,0.19673,0.10871,0.078769,0.17955,0.094386,0.013752,0.033491,-0.072725,-0.1294,0.083604,0.049506,-0.085562,-0.023237,0.06589,-0.048421,-0.13011,-0.063927,-0.012042,0.16209,-0.051176,0.1506,-0.11467,-0.12878,0.0099541,-0.10846
0.12289,-0.023218,-0.10189,0.091465,-0.016746,0.099413,0.0013674,0.026656,-0.13536,-0.001349,-0.11811,0.023095,0.058914,-0.12027,0.011245,-0.090361,-0.064023,0.037685,-0.046034,-0.13983,-0.041632,0.20629,0.013533,-0.072322,-0.022451,0.074969,-0.0084222,-0.019561,0.031794,0.043321,-0.082287,-0.01268,-0.18194,-0.00023708,0.17724,-0.0078613,0.057545,-0.087024,0.084894,-0.063407,0.15562,0.15312,-0.045445,-0.1906,0.057677,0.025716,0.064662,0.14484,0.0084948,-0.024705,0.042544,-0.12064,-0.037796,0.1028,-0.079941,0.040544,-0.13109,-0.17436,0.020092,0.17668,0.090235,0.048411,-0.019244,0.021008,-0.02268,-0.15733,-0.0023318,0.091295,0.016496,0.083986,-0.13732,0.049817,0.029426,0.097051,0.083617,0.10982,-0.088979,0.10598,-0.013139,0.041685,-0.088514,0.21503,0.081076,0.26656,0.097603,-0.14713,-0.075405,-0.13229,-0.08078,-0.10151,-0.2777,0.021589,0.0064086,0.073805,0.10086,-0.10601,-0.036273,-0.013531,0.09009,-0.1213
-0.1639,0.072903,0.0048797,0.072727,0.22155,-0.027018,-0.033635,-0.026296,-0.033927,-0.025431,0.1209,-0.062068,-0.18774,-0.12488,0.053691,-0.12952,-0.057766,-0.21567,-0.081149,0.16051,-0.10895,0.066335,0.013335,-0.14005,-0.027234,-0.24065,0.17756,0.18547,-0.076736,-0.061841,0.1124,0.019702,0.016821,-0.14772,0.03968,-0.09366,0.11099,-0.11332,0.023752,-0.025666,-0.079047,0.09933,-0.014913,-0.048695,-0.077872,0.023466,-0.10904,0.089832,-0.0010985,0.036044,-0.078923,-0.035425,-0.12106,0.044137,0.049179,0.039593,0.036017,0.024151,-0.046868,-0.050186,0.054546,-0.28094,-0.09086,-0.051372,0.069388,-0.044941,-0.01625,0.12174,0.053337,-0.043858,0.090303,0.043389,0.01813,-0.094508,-0.11708,0.053095,0.084101,-0.095167,-0.022755,-0.17232,0.17837,-0.097067,-0.097741,0.12416,0.040819,0.0084211,0.011018,0.056833,-0.0021458,0.020941,0.02612,0.0035931,-0.1898,-0.13159,-0.21766,0.021991,0.0054769,0.12996,0.17015,-0.0074395
0.13331,-0.18561,-0.045971,-0.14652,0.10435,0.026566,-0.17808,-0.070336,0.027151,-0.048748,-0.079126,-0.082016,0.13357,-0.051375,-0.047298,-0.081707,0.070535,0.025619,-0.054498,-0.13575,-0.098651,-0.049811,-0.022267,-0.010508,-0.017267,-0.020236,-0.041851,-0.099594,-0.16013,-0.047491,0.01704,-0.027069,-0.28637,0.038814,0.060814,-0.040178,-0.1371,0.13057,-0.01512,0.0067718,0.093612,-0.046994,0.15913,-0.038926,-0.19655,0.14983,0.22625,-0.09183,0.056265,0.025411,-0.025131,0.076825,-0.013075,0.10372,-0.019972,0.13543,0.029611,0.012618,0.038021,-0.025558,0.016012,0.041562,0.090095,-0.024321,0.086758,0.074469,0.14181,-0.026814,0.018097,0.016109,-0.10846,0.015217,0.13178,0.1192,-0.013692,-0.029665,0.04532,0.046868,0.089398,0.069784,0.16163,-0.068912,-0.0060532,0.048009,-0.020509,-0.014325,-0.017781,0.073921,0.045818,-0.11338,-0.037695,-0.037754,0.064639,-0.031002,0.14246,0.15011,0.037035,-0.051732,0.044355,-0.06924
-0.13544,0.05834,0.0073602,-0.023756,-0.061914,-0.088559,-0.067238,-0.17732,0.028633,-0.026666,-0.053072,-0.041347,0.085985,0.19522,-0.10707,0.17173,-0.068627,0.054776,0.033639,0.059671,-0.14491,-0.13416,-0.095441,0.0087912,0.13482,-0.050081,0.0021784,0.04302,-0.1564,-0.054351,0.003312,-0.017046,-0.15647,0.073469,0.14509,0.13328,-0.065156,0.046134,0.079131,0.04278,0.032962,-0.14966,0.036121,-0.074725,0.0093444,0.17651,0.14073,0.25033,-0.15271,-0.025077,0.10638,-0.073604,-0.18517,0.027886,0.056639,0.0071452,0.045735,-0.18601,-0.012927,0.044146,-0.036821,-0.051198,0.12749,-0.059473,0.093671,0.086968,-0.0013834,-0.072986,-0.16007,0.01454,-0.01362,0.093648,-0.15411,0.0084885,-0.019453,-0.2477,-0.0098146,-0.0013926,-0.13779,0.0393,-0.052544,0.018409,0.15215,-0.094744,-0.027549,0.065207,0.056563,-0.07515,-0.16937,-0.11025,-0.019602,0.04731,0.0028453,0.12809,-0.19047,-0.099319,0.13535,0.10274,-0.035033,0.056053
-0.10994,-0.24101,0.11851,0.182,0.049669,0.020589,-0.067298,-0.0048027,0.050929,0.042015,-0.035091,-0.057476,-0.061424,0.10387,-0.081195,-0.022913,0.17084,-0.033706,-0.10649,0.12665,-0.068339,0.14956,-0.20767,-0.16452,-0.11597,0.0038431,0.05676,-0.026248,-0.21735,0.11049,-0.12267,-0.082025,0.048843,-0.017066,-0.10698,0.040369,-0.086475,0.047387,0.011453,0.016099,-0.0096566,-0.020894,0.0017423,-0.0074118,-0.036546,-0.034763,-0.11099,-0.097898,-0.025489,0.082656,0.02356,-0.013332,0.086496,0.078292,0.06601,-0.064606,-0.044014,-0.1202,-0.074844,-0.11944,0.094263,0.082061,-0.022109,0.07697,-0.084341,-0.19212,0.059479,0.059974,0.00017035,0.062774,-0.070376,-0.099513,0.072911,-0.025303,0.095838,-0.051377,0.11746,0.16001,0.080479,-0.032366,-0.02804,0.0048711,-0.086446,-0.069473,-0.011748,-0.083958,-0.0075632,-0.018333,-0.066648,0.10925,0.060112,-0.061769,0.022074,0.013515,0.045868,0.11086,-0.089012,0.016048,-0.050772,-0.15043
-0.064925,0.10871,0.1111,0.09826,-0.10349,-0.083748,0.0071297,-0.012511,-0.096834,-0.036171,0.026671,0.020101,0.0082717,-0.059581,0.11346,-0.038488,0.063034,-0.0070302,-0.0065904,0.084655,0.17327,0.03519,0.043839,-0.082635,0.11108,0.035456,-0.092895,0.046655,-0.17007,-0.018387,0.03667,0.014328,-0.052692,0.069141,0.10856,-0.071492,0.0053433,0.098407,0.069274,-0.039585,-0.12116,0.25716,0.0041114,-0.13344,0.13377,0.016692,0.20719,-0.097296,-0.11027,-0.11478,0.21782,0.10791,-0.040233,0.13803,0.12726,-0.17149,-0.055051,0.16403,0.077811,0.023176,-0.15706,-0.16678,0.043466,-0.079413,-0.042811,-0.10407,-0.14669,-0.13376,-0.035635,-0.12693,-0.12987,0.046294,-0.11536,0.069605,0.038012,-0.028132,-0.02758,0.0026801,0.03332,0.04134,-0.08926,-0.10688,0.16521,-0.11139,0.034698,0.073066,-0.1777,0.014687,-0.1799,-0.19423,0.19321,-0.053436,0.14994,0.034295,-0.19626,0.020124,0.1888,-0.19447,-0.011015,0.29071
0.12763,0.024556,0.023856,-0.17769,0.11196,0.013429,-0.10234,-0.10383,0.073312,-0.21573,-0.1186,0.0013988,0.15812,-0.021334,0.096316,-0.023257,-0.019838,0.05732,0.082453,0.0073587,-0.058029,0.099542,-0.027626,-0.099629,-0.0098641,-0.025172,-0.027615,-0.05336,0.077445,0.081473,-0.13089,0.047081,-0.026951,0.22677,-0.013031,-0.068473,0.041364,-0.13201,0.0048631,0.12575,-0.022973,0.052037,0.0044262,0.090865,0.13038,-0.049326,-0.095856,-0.0036222,0.061556,0.068513,-0.028254,0.060246,-0.10882,-0.029622,0.11542,-0.06684,-0.070424,0.09482,0.049882,-0.094353,0.15341,0.08402,0.085792,-0.12622,0.11519,0.10762,0.092376,0.060525,-0.031854,0.041955,-0.082955,-0.014134,-0.034269,-0.032985,0.056086,0.044807,-0.079994,0.042015,-0.030086,0.013601,0.056899,0.13897,-0.059032,0.040651,-0.16511,-0.094253,-0.1267,0.017646,0.10713,0.042667,-0.11116,0.033267,0.24289,0.06199,0.012762,-0.025928,0.039103,0.11744,0.07766,-0.23568
-0.12832,0.12407,-0.026499,0.063086,0.14413,0.0013883,0.027532,-0.030648,-0.046527,0.058755,-0.0003833,-0.0028181,-0.065614,0.069909,0.10139,0.020342,-0.05126,-0.086042,-0.031939,-0.021848,-0.11127,-0.03406,-0.14059,-0.033079,0.055034,0.22865,0.22425,0.13069,0.21124,0.012054,-0.017902,0.051758,-0.032518,0.11111,0.097965,0.064326,-0.049451,0.070433,0.041439,0.025853,0.077171,-0.13399,-0.092119,0.05233,-0.0044074,0.059854,-0.096328,0.13449,-0.11561,-0.017166,-0.1125,-0.091563,0.062859,-0.026172,-0.081609,0.086748,0.10489,0.014277,0.039829,-0.25869,0.10777,0.13076,0.010698,-0.045719,-0.015487,-0.098192,0.11489,-0.0014741,0.073918,-0.085002,0.16418,0.19846,-0.015837,-0.017147,-0.09163,-0.01215,0.027033,-0.05804,0.037197,0.14975,-0.080595,0.088093,-0.061986,0.0080012,-0.0055083,-0.032755,0.13681,0.1297,0.0049772,-0.2363,-0.09835,0.016264,-0.02076,0.24027,0.016263,-0.04786,-0.081519,0.13199,-0.0016541,0.038018
0.13978,0.029223,-0.0089949,0.082156,-0.018009,-0.079527,0.060649,-0.075255,-0.018143,-0.078119,0.065245,0.21138,-0.052399,0.030602,-0.1426,0.070708,-0.14364,-0.065143,-0.10647,-0.14764,-0.074826,-0.16127,-0.0067561,0.062716,0.22081,0.073566,-0.17276,-0.10935,0.024797,0.066213,0.042271,0.12838,0.18957,0.08131,0.00081657,-0.08198,0.061979,-0.051641,0.027599,0.049814,-0.074085,0.074369,0.073704,0.030206,0.18393,-0.020988,-0.17667,0.05885,-0.014843,-0.024804,0.10919,0.023364,0.0098264,0.14231,0.19594,-0.045781,0.15917,-0.02052,0.067182,0.033417,0.085865,0.11993,-0.0069775,-0.0042154,-0.058719,0.027152,-0.20994,-0.087173,0.014089,-0.09802,-0.25672,-0.043146,-0.055389,-0.10224,-0.1154,-0.061314,0.066856,-0.058433,-0.00067406,0.052646,-0.041384,0.065703,0.032987,-0.018623,-0.044237,0.061605,0.046117,-0.071478,-0.010751,0.19845,-0.025145,-0.061393,-0.070379,0.01578,-0.13616,0.11573,0.0088182,-0.10699,-0.053691,0.043954
0.20832,0.063955,0.07789,-0.098567,-0.20038,0.1882,0.23418,-0.061553,0.11424,-0.10649,-0.011697,-0.083121,0.045358,-0.052376,-0.030581,0.13833,0.15538,-0.03966,0.049052,0.021671,-0.09708,0.060625,0.036993,-0.074784,0.024997,0.039404,0.016196,0.029569,0.051965,-0.015686,0.18217,0.16536,-0.041498,-0.077437,0.15396,-0.018195,-0.033674,0.078055,-0.14427,0.044697,-0.038381,0.0567,-0.10143,0.013129,-0.085408,-0.032799,-0.093517,0.028296,0.072436,-0.099286,-0.0183,0.13188,0.092309,-0.041586,-0.048125,-0.070506,-0.23641,0.16289,-0.017902,-0.1069,-0.071622,-0.047545,-0.080423,-0.066893,-0.019897,0.079798,0.078445,-0.041082,0.11518,-0.17124,-0.0051366,0.078319,-0.0080689,0.1489,-0.19397,-0.057791,0.037144,0.032286,-0.077471,-0.056683,0.056366,-0.073323,0.023565,-0.015272,0.13979,-0.015567,-0.042094,-0.089355,0.083028,0.08627,0.058691,0.21083,0.042334,-0.014649,0.13298,-0.072567,0.051335,0.063167,-0.011192,0.14455
0.23286,-0.21078,-0.012537,0.054903,0.082822,0.1535,0.034032,0.054911,0.19247,-0.092971,0.071884,0.1251,-0.037283,0.033939,0.28694,-0.070063,-0.11257,0.20161,0.053931,0.080873,-0.053335,-0.041123,-0.047971,-0.056382,-0.035825,0.10727,-0.008602,-0.10676,-0.16352,-0.23816,0.04665,0.039865,-0.035234,-0.018003,0.082191,-0.049257,0.036956,0.043173,0.010005,0.054046,0.035726,-0.099841,0.22706,-0.03106,0.084877,-0.0050804,0.025917,-0.090022,0.0065723,0.051667,0.05819,0.19948,-0.0015909,0.016077,0.11188,0.15862,0.15641,0.014784,0.10007,-0.071169,-0.096017,0.06781,-0.016186,0.14668,0.043301,0.11594,-0.12862,-0.060221,-0.025618,-0.26896,0.060024,0.0030796,0.012716,0.067821,0.18296,-0.1165,0.005187,0.020133,0.11176,-0.00473,0.0095799,-0.10384,-0.0069879,0.058373,-0.040377,0.21498,-0.055617,-0.052984,0.076748,-0.079905,0.048724,0.081893,0.17023,-0.10515,0.062263,0.070318,-0.0028487,-0.11703,0.010759,0.12524
0.030328,0.094294,-0.038434,-0.048684,0.13643,0.10684,-0.030765,-0.063203,0.076788,0.0020687,0.02066,-0.070203,0.10133,-0.051059,-0.080507,0.0066476,-0.24146,-0.043692,0.010128,0.037182,0.081643,0.03538,-0.0075856,-0.083544,-0.086889,-0.054449,-0.027627,-0.09028,-0.012775,-0.027817,0.07116,0.01329,-0.0099952,-0.0097323,-0.033487,0.070897,0.097934,-0.11098,-0.0076529,0.057579,0.093519,-0.12861,0.11156,-0.054172,-0.096674,-0.13744,-0.068855,0.2033,0.142,0.057424,-0.083413,0.013243,-0.055519,0.037353,-0.031474,0.18721,0.12308,-0.039714,-0.055404,-0.10367,0.10523,0.031705,-0.017855,-0.20324,-0.0055981,0.0057396,-0.15419,0.036745,0.041157,-0.086308,-0.058059,0.11205,0.087188,-0.00070006,0.057222,0.008425,0.027127,0.11597,0.015621,-0.19976,0.027204,0.034203,0.03412,0.19406,0.14712,0.0067288,0.12129,-0.0028167,0.046763,-0.0072669,-0.01329,0.020915,0.018912,-0.08594,0.052465,-0.06568,-0.12069,-0.026664,0.1251,-0.14382
0.0030816,-0.01928,-0.029719,-0.16463,0.14755,-0.080619,-0.051394,-0.056302,-0.1249,0.18285,0.11604,0.07785,-0.11484,-0.21744,0.04962,-0.077757,-0.051373,0.11128,0.20041,-0.022712,0.092027,-0.065032,-0.0020236,0.16497,-0.021276,0.079086,-0.060484,-0.0644,0.25467,-0.077795,0.00054702,0.018411,-0.034316,0.045935,-0.12346,0.092792,0.021397,0.0005725,-0.11165,-0.07231,-0.05726,0.0083962,-0.03768,0.17388,-0.077552,0.024019,0.12083,-0.088992,0.010713,-0.18305,-0.073045,0.043897,-0.066016,0.098518,0.015156,0.15231,0.14007,-0.0021189,-0.19689,0.04179,0.16397,-0.1416,0.0089043,0.073751,-0.022568,-0.042306,-0.22021,0.052422,0.085169,0.067147,-0.21783,0.046692,-0.065218,-0.15888,-0.074494,0.0097173,-0.0095283,-0.026304,-0.16127,-0.053135,-0.040552,0.098956,0.063,0.024627,0.10103,-0.1585,0.24891,0.13427,0.11705,0.20679,0.064764,0.00097261,-0.019594,-0.075871,-0.0040188,0.014557,-0.036829,-0.03656,0.070938,0.075662
0.014113,-0.062628,0.14034,0.1154,-0.085174,-0.051986,-0.063022,-0.0616,0.13505,0.067735,0.089758,0.060219,-0.090291,-0.12108,-0.12554,0.047776,-0.083107,0.02803,0.057481,-0.0081123,0.0021326,0.0059211,0.10845,0.0443,0.08034,0.084019,0.015598,-0.085386,-0.076142,-0.085705,0.16994,0.053184,-0.03176,0.025094,-0.057294,0.14848,-0.0035151,0.098581,-0.092385,0.040999,-0.021378,0.10917,0.032768,-0.04633,-0.010926,-0.014897,0.052322,0.0068881,-0.20746,-0.0035026,-0.0049205,0.016583,-0.011891,0.096918,-0.13685,0.045084,-0.093493,0.019549,-0.1331,-0.019168,-0.053225,-0.094249,-0.11521,0.13698,-0.039228,-0.020918,0.026563,0.087732,0.013322,0.023444,0.29161,-0.025157,0.018201,0.059457,-0.079391,-0.16719,0.14351,0.0053264,0.10781,-0.12709,-0.091657,0.18837,-0.0093237,0.041165,0.18743,-0.053445,-0.043586,-0.055051,0.0093195,0.22446,-0.074614,0.084123,0.028115,-0.066186,0.033409,-0.11692,0.098279,-0.16559,-0.13628,0.062519
-0.073273,0.014689,0.056559,0.06043,0.11297,-0.040484,0.095829,-0.045905,0.007769,0.067372,0.13613,0.15664,-0.13134,-0.083815,-0.11185,0.026452,0.064349,-0.024334,0.052437,0.08291,0.095542,0.035089,-0.082333,-0.12861,0.0074363,-0.0097096,-0.061524,-0.089325,0.017753,-0.097847,-0.11194,0.040916,0.045615,-0.068559,0.11923,0.038781,-0.034236,0.11137,-0.052252,0.13271,0.11095,-0.19239,-0.18765,0.039913,-0.16747,-0.067123,-0.028835,0.056266,0.087223,0.075901,-0.11261,0.039869,0.029605,-0.109,-0.24203,-0.067049,-0.059862,-0.064896,0.027491,0.10142,-0.12382,0.065742,0.19835,-0.072471,-0.010491,0.21148,0.061023,0.042892,0.073087,-0.17191,0.12827,0.034309,-0.049573,-0.007118,0.12369,-0.10027,-0.095161,-0.13959,-0.074101,0.1394,0.037472,0.06461,-0.075043,-0.015572,0.042698,0.091015,-0.20967,0.012978,0.13369,-0.08745,0.068878,-0.1246,-0.026378,0.018945,0.01476,0.027684,-0.025076,-0.19894,0.079759,0.063393
-0.13569,0.035111,-0.12387,0.0019961,-0.030597,-0.0025415,0.028211,-0.15714,-0.036334,0.08778,-0.26723,-0.0083765,0.094755,0.058721,0.030827,0.12921,0.0042036,-0.075582,0.18817,-0.096196,-0.0094555,0.11129,0.09675,-0.011131,0.068899,-0.052174,-0.019647,0.0099861,-0.065009,-0.029188,-0.13769,-0.1178,0.23181,-0.17455,0.19194,0.11152,-0.11464,0.16366,-0.0085266,0.01289,0.078383,-0.1419,0.093763,-0.20953,-0.034866,0.19174,0.035234,-0.057103,0.026683,-0.017504,-0.082834,0.00053328,-0.18797,0.098401,-0.083271,-0.15898,-0.27495,0.18069,0.073653,0.053858,-0.0035887,0.037624,-0.21108,0.049031,0.042787,0.10473,0.0060595,-0.074656,0.24904,-0.010771,0.047389,0.058142,0.036356,-0.094103,0.014946,0.15017,0.11953,-0.10945,0.034752,-0.081786,-0.074349,0.24678,0.069426,0.12262,0.25544,-0.034124,0.054569,0.069604,-0.061312,0.064167,-0.19281,0.083025,-0.038681,-0.069571,-0.18199,-0.024329,0.062189,0.1483,-0.03586,-0.012256
0.070397,-0.035696,0.040634,-0.090702,-0.19152,-0.061989,0.024623,-0.0013782,0.16064,0.04923,-0.040156,0.026171,-0.02339,0.0081475,0.11039,0.088103,-0.07012,-0.031886,-0.28092,-0.075296,-0.0095086,-0.033887,0.022586,0.015245,0.046728,0.04679,0.0052983,0.088321,0.043832,-0.0042309,0.068932,-0.14944,-0.039773,0.059898,0.072048,-0.0090196,-0.16403,-0.10668,-0.13407,-0.06378,-0.076999,-0.054156,-0.076832,0.10156,0.092339,0.056542,0.026846,-0.072894,0.082988,0.087337,-0.075632,-0.017914,-0.088698,-0.093221,0.080815,-0.23023,0.15309,0.12422,-0.1661,0.016014,-0.072666,-0.087977,-0.08882,-0.10367,-0.028071,-0.1201,0.041,0.071968,-0.19344,0.02875,-0.13186,0.14849,-0.070283,0.053711,-0.028591,-0.062153,-0.17126,-0.12276,0.0049126,0.04297,-0.015083,0.14489,-0.18226,-0.11869,0.012382,-0.036072,-0.011627,0.039264,0.050499,-0.05395,0.0026769,-0.13671,-0.094139,-0.13955,0.079644,-0.10588,0.073953,0.084556,-0.1478,-0.0080136
-0.061894,-0.12696,0.17272,0.0066054,0.16036,-0.14517,-0.088707,-0.013525,0.10871,-0.064828,-0.075024,0.06958,-0.069601,-0.25486,0.15769,-0.11682,-0.020622,0.0020439,0.024068,0.060066,0.045624,0.076734,0.016556,0.018069,-0.11109,0.10254,0.0085848,0.10921,-0.0054201,0.055379,-0.066488,0.049279,-0.040917,-0.047186,0.042541,-0.032782,-0.040788,0.0021571,-0.095719,0.067764,-0.033813,0.093201,-0.13426,0.16808,-0.0080371,0.14576,0.075197,-0.094918,0.16517,-0.0058071,-0.027907,-0.1507,0.13972,-0.1207,0.062597,0.016839,0.14423,-0.07418,-0.02805,0.0084597,0.071885,0.025425,-0.0038046,0.02594,-0.055943,-0.12732,-0.14127,0.036847,-0.1292,-0.0021742,-0.024508,-0.080854,0.024858,0.04508,0.2418,0.051306,-0.054023,-0.11916,0.054071,-0.10295,-0.17672,-0.065066,0.14429,-0.20729,-0.1162,0.12483,0.1071,2.3405e-05,-0.0524,0.0070198,-0.075189,0.059407,-0.065885,-0.026674,0.080133,-0.10318,-0.13406,0.057107,0.1292,0.042321
-0.033519,0.13295,0.15521,-0.0022852,-0.076392,0.11527,0.12333,0.0081728,-0.15919,-0.023723,-0.015106,-0.019653,0.089463,-0.0022091,0.016138,-0.0072504,0.18027,0.17852,-0.038538,0.074484,0.067803,-0.031149,-0.043516,0.074358,0.077709,-0.29495,0.070116,0.16964,-0.037609,0.047539,-0.061781,0.06619,-0.020589,0.19133,-0.031649,-0.18747,-0.065087,-0.018624,0.09234,-0.070703,-0.092784,-0.13603,0.0063691,0.083489,0.0040569,0.15142,-0.06276,0.07538,-0.077867,-0.1638,-0.11907,0.12694,0.062534,-0.081157,-0.097925,0.0099857,-0.047715,-0.092373,-0.018792,0.10096,0.036379,-0.10415,-0.11436,-0.047678,0.1327,-0.18247,-0.17711,0.0039831,0.012838,-0.16288,0.018689,-0.037138,0.12075,-0.14061,-0.10379,0.032757,0.081614,0.098757,-0.030212,0.13118,-0.071566,0.077505,-0.049457,-0.14714,0.063903,-0.12673,-0.00066532,-0.087563,-0.053339,-0.010222,0.14872,0.092943,-0.046184,-0.12228,0.1448,-0.10783,-0.095768,-0.062952,0.076723,-0.017485
-0.0095477,-0.18815,-0.063864,-0.19062,0.075092,0.018768,0.052605,0.0854,-0.058941,-0.021156,0.0135,-0.00084471,0.049057,-0.062395,0.023342,-0.14431,0.017378,0.0048275,0.0042004,-0.00012092,0.052706,0.19069,0.091227,0.048757,0.026409,0.096134,-0.05446,-0.010102,-0.038001,-0.0039756,-0.15286,-0.11775,0.016849,-0.014109,0.21459,0.17557,0.037575,0.047532,0.058554,0.11636,0.008453,0.01199,-0.049748,0.10359,0.022562,0.01719,-0.11235,-0.095112,0.029139,0.04959,-0.16159,0.048923,0.12043,-0.064104,0.0074224,-0.12427,-0.062722,0.035136,-0.025358,0.025985,0.11221,0.10931,0.009987,-0.090561,-0.018516,-0.17437,-0.061315,-0.098464,0.12266,0.070999,0.031178,-0.020036,0.1188,0.023684,-0.20157,0.080204,-0.018472,-0.071547,-0.067627,-0.040367,-0.061738,0.087046,-0.04638,0.027794,0.038579,-0.086524,0.11589,-0.11112,-0.04177,-0.037071,-0.025302,-0.18629,0.0749,-0.0348,0.14403,0.049738,0.05567,0.10494,0.24967,0.099954
0.15956,0.14659,-0.17472,0.057034,0.018228,0.014923,-0.16568,0.057279,0.12584,0.042415,0.087801,0.015972,0.16513,0.06715,-0.056978,-0.062287,-0.04566,0.050282,-0.043379,0.010389,-0.074291,-0.099758,-0.1984,0.00083984,0.0021649,-0.010371,0.041211,0.030582,-0.014032,-0.033165,-0.16478,0.05787,0.0053351,-0.058467,-0.037937,0.11704,-0.066072,-0.12103,-0.15064,0.04229,-0.0285,0.076374,0.083753,-0.016429,0.08476,-0.21338,0.091113,-0.05108,0.051359,0.16133,0.11329,-0.074948,0.040772,0.035469,-0.10733,-0.10247,0.040114,-0.22764,0.13884,-0.095478,0.028029,-0.15417,0.068804,0.012893,0.10098,-0.018565,0.040354,0.032268,-0.033498,-0.052832,-0.041385,-0.16735,-0.0067877,0.051512,-0.098616,-0.075453,0.072029,-0.16078,-0.14417,-0.11273,-0.074505,0.041643,0.16861,0.023526,-0.11427,-0.0543,0.13798,-0.07194,0.191,0.027964,0.1132,0.0051995,-0.075843,-0.040166,0.027474,-0.0066498,0.066617,0.032879,0.046491,-0.18266
-0.081878,0.11836,-0.16765,0.0086305,0.1681,0.12053,0.0057421,-0.040956,0.19584,-0.20219,0.065653,0.080371,0.051337,0.01489,0.16428,0.016377,-0.075217,-0.15784,-0.12789,-0.066597,-0.045192,0.063064,-0.09218,-0.10346,-0.094956,0.048386,-0.16827,-0.055894,-0.015129,-0.12635,-0.025962,0.0771,-0.058627,-0.065958,0.020541,0.017625,-0.068562,-0.13954,0.053116,0.038847,0.090918,-0.077506,-0.014567,0.12662,-0.10968,0.070693,-0.10288,0.11044,0.025349,0.03253,0.030189,0.013779,-0.12218,-0.18298,0.26299,-0.12138,-0.12594,-0.15134,0.053908,-0.014841,-0.030424,0.15613,-0.032453,-0.094,-0.11179,0.040805,-0.0074803,0.066229,0.062397,0.10334,0.18438,-0.0047793,0.072931,-0.1534,-0.17233,-0.081102,-0.12511,-0.034736,0.01628,-0.072209,0.17629,0.051282,-0.010206,0.063179,0.114,-0.081487,-0.10791,-0.032072,0.19565,0.142,0.041469,-0.041056,0.03043,0.011038,0.085109,-0.15072,-0.034874,-0.013829,-0.0061603,-0.084953
-0.159,-0.16705,0.083119,0.17541,0.12734,-0.10421,0.055441,-0.091525,-0.01938,0.070812,0.084361,-0.10336,0.052741,0.010509,-0.13315,-0.1352,-0.16523,-0.065312,0.0033527,0.042693,-0.049995,-0.0080164,0.016178,-0.011887,0.133,0.14432,0.012278,-0.0023195,0.00013279,0.0049527,-0.091083,-0.15557,-0.0043444,-0.063962,-0.025775,-0.072516,-0.041873,-0.16954,0.012839,0.050898,0.06705,-0.17215,0.11039,-0.060801,-0.041174,-0.22357,-0.016377,-0.029593,0.0012506,-0.023934,-0.043853,0.19238,-0.028196,0.037818,0.13976,-0.1265,0.038573,0.29888,-0.22946,-0.11009,0.17431,0.089731,-0.0089047,0.07481,-0.041464,-0.15316,-0.050883,0.11611,0.095035,-0.15747,-0.13334,-0.086331,0.059591,0.082172,-0.19022,0.11104,0.0038187,0.052221,0.13148,0.17179,-0.056646,-0.12564,-0.026728,-0.10131,-0.24273,0.026287,0.12281,-0.13357,-0.049493,0.086109,0.098829,0.049378,-0.071449,-0.10055,0.016665,0.14119,-0.069765,-0.091079,-0.088521,0.011125
-0.024587,-0.098133,0.04089,-0.02955,-0.0093431,-0.0025544,0.11962,-0.17024,-0.087714,-0.12285,-0.21126,0.21616,0.010273,0.033497,-0.0091436,-0.066728,-0.10808,0.0028371,0.22404,-0.0064533,-0.045569,-0.092565,-0.18332,-0.013453,0.1767,-0.12245,0.13474,0.13392,0.068068,0.0025734,0.1014,-0.18704,-0.068305,-0.016346,0.10192,-0.12796,-0.07789,0.11751,0.0022266,-0.048793,-0.1286,-0.14893,-0.033978,0.10045,0.077073,0.034241,0.021025,-0.14116,0.02798,-0.09684,-0.11447,0.046876,0.084243,-0.0061257,0.086134,-0.06199,-0.15013,-0.098918,-0.048476,0.015914,0.01103,-0.0010473,0.090625,0.18806,-0.11747,0.19289,-0.10263,0.023335,0.0038763,-0.074603,-0.014201,0.014395,-0.090171,0.11484,0.023197,0.043286,0.13087,-0.084967,-0.033527,-0.0056212,0.028162,-0.12417,0.10056,0.11038,-0.11689,-0.034491,-0.087381,0.16839,0.053027,0.011359,0.0098609,0.13765,0.055363,-0.029415,0.0073762,-0.088899,-0.036014,0.05106,-0.13085,0.051998
-0.009972,-0.058474,0.071554,0.16235,0.13868,0.062413,-0.03002,0.073184,-0.23207,-0.022548,-0.031491,0.22104,0.0057784,0.063951,-0.056842,-0.084301,-0.15597,-0.16472,-0.17475,0.057653,0.095865,-0.039521,-0.16586,-0.21691,-0.096121,0.22573,0.14305,0.029761,-0.024821,-0.033207,0.22608,-0.019461,0.014191,-0.02884,-0.058273,-0.034112,0.039825,0.051709,-0.067954,0.047687,-0.10101,-0.039864,-0.15862,0.035778,-0.012813,0.16115,0.074771,-0.028354,0.12992,-0.0061472,-0.027052,0.010982,-0.15979,0.034202,0.17916,-0.086993,0.05579,-0.23758,-0.00062249,-0.035818,-0.051357,-0.039339,-0.0055628,-0.2267,-0.041725,0.054056,-0.047942,-0.063304,0.087165,0.078947,-0.043683,-0.043638,-0.11974,0.11058,-0.0036812,0.0088855,-0.077905,0.10632,0.062564,0.16217,0.083905,0.1319,-0.017904,0.043147,-0.055025,0.19366,0.12031,-0.076385,0.1463,0.10123,0.07641,0.142,-0.064438,0.10971,-0.00017959,0.03272,-0.099045,-0.061824,0.21439,0.12104
-0.085814,0.1985,0.05159,-0.0158,0.17774,0.12564,0.038642,0.19086,0.07981,-0.18569,0.035984,0.11024,-0.057935,-0.0511,0.04227,0.19247,0.017834,-0.013068,0.066647,-0.10163,-0.076924,0.1061,-0.040699,-0.18869,0.15532,-0.18336,-0.17855,0.0066603,-0.15957,0.0078463,0.093299,-0.013113,0.16285,0.036836,-0.10572,-0.062012,-0.12297,-0.027312,-0.060416,0.043502,-0.20688,0.019106,-0.072145,-0.010815,-0.01702,0.095251,-0.080203,0.082325,-0.1697,-0.15441,-0.023448,-0.017824,-0.072073,-0.058253,0.18695,0.017541,-0.22716,0.13578,-0.087073,-0.16214,0.026945,0.056127,0.0015645,0.088133,-0.036534,0.0029494,0.23077,-0.10994,0.034701,0.075697,0.036214,0.088395,0.034534,0.12105,-0.038201,-0.022791,-0.11321,-0.076246,0.031666,-0.16187,0.012176,0.1568,0.0052676,-0.090031,0.038791,-0.14437,-0.027668,0.026258,-0.10462,-0.10796,-0.0084927,0.12473,-0.055634,0.030599,-0.033114,0.013293,-0.082233,0.085684,-0.046404,0.045338
-0.15804,-0.077502,-0.016881,-0.028328,0.041701,-0.093569,-0.030557,-0.080246,-0.0065371,0.094573,-0.039188,-0.10322,0.020865,-0.047688,0.038124,0.019583,-0.055352,0.032493,0.26497,0.012989,-0.046858,-0.1048,0.12028,-0.023441,-0.060316,-0.024595,0.034428,0.032893,-0.036955,0.024541,-0.02319,-0.13049,-0.17447,-0.082009,-0.042474,0.0081759,-0.10306,0.047083,0.087253,-0.00014181,0.09578,0.18182,-0.0070947,0.12429,0.18309,-0.012963,-0.11501,0.043738,-0.034281,0.030174,-0.10787,-0.1727,-0.074404,0.013469,-0.025904,-0.0054796,0.12359,0.27144,0.11,-0.15945,0.092933,0.09364,0.050726,-0.0492,-0.064245,-0.11731,0.087046,0.057589,0.16125,-0.041444,0.1044,0.016747,0.008698,-0.016454,-0.11974,0.020671,0.033063,-0.01184,-0.030655,-0.040952,0.048592,0.10944,-0.096034,-0.094679,0.085984,-0.027963,0.11166,-0.13849,-0.019122,-0.17571,0.018531,0.013075,0.03878,0.054886,0.057653,-0.19437,0.060053,-0.080071,-0.046873,0.073109
0.041003,0.095303,0.059093,0.028559,-0.1313,-0.070949,-0.021447,-0.1369,0.039257,-0.11277,0.20369,0.15413,0.073789,0.060242,-0.12082,-0.23033,0.15896,-0.078324,0.10082,0.0066832,-0.18688,0.026879,-0.04569,0.021958,-0.081555,-0.078586,0.22061,0.036576,0.088939,-0.19276,-0.020785,-0.15244,0.017665,-0.1226,-0.11051,-0.080548,-0.068932,0.025296,-0.00090669,-0.059384,0.098066,-0.039208,0.095033,0.12143,-0.11317,-0.05641,0.059724,0.0043158,-0.070792,-0.018331,0.039168,0.079539,0.14301,0.17533,-0.058534,-0.043017,-0.16241,0.11346,0.099865,-0.0062505,-0.097278,0.051941,-0.20775,-0.022174,0.042567,0.090178,-0.1262,-0.11327,0.11371,0.044467,-0.19571,0.016861,0.097353,0.04485,-0.068149,-0.020926,0.038835,0.11471,0.21753,-0.010467,-0.14148,0.052082,-0.12383,0.042633,-0.0095454,-0.11632,0.046286,0.048514,-0.025221,0.080284,0.10192,0.020148,0.032079,-0.079654,0.10451,-0.1095,-0.12729,0.073191,0.039804,-0.057556
-0.064803,-0.020825,-0.10421,0.024715,0.049232,0.11922,-0.015464,-0.062158,-0.077053,-0.027143,0.23176,0.055145,-0.070605,-0.014025,0.033263,0.13425,-0.13728,0.1037,0.10175,0.1069,-0.013382,0.17755,0.11788,-0.026715,-0.071208,-0.040154,-0.017248,0.049555,0.159,-0.1022,-0.013743,-0.086079,0.091575,0.021685,0.00054766,0.018708,0.1693,0.050673,0.071876,0.020836,-0.051918,-0.17598,0.034169,0.11868,-0.025721,0.079175,-0.044365,0.047225,0.10073,-0.065542,0.033257,0.0602,0.048076,0.089371,0.022113,-0.19711,-0.0078129,0.045108,-0.13908,-0.2411,0.24212,0.013536,0.070443,-0.13307,0.056739,-0.10947,0.11882,0.088241,0.083968,-0.098981,-0.0070359,-0.16913,-0.031589,0.096592,0.072932,0.0069489,0.11163,-0.042237,-0.024387,-0.13927,-0.08071,-0.098789,-0.045086,-0.014475,-0.16677,-0.27715,-0.033121,-0.090642,0.053587,-0.098003,-0.063444,0.031608,0.12314,-0.02717,-0.043112,-0.0011627,-0.042793,0.064161,-0.059991,0.096464
0.058661,-0.047166,-0.061819,0.096721,0.0061513,0.078099,-0.076672,-0.1318,-0.06452,-0.11656,0.0052054,-0.17094,0.059372,0.059153,0.022675,0.15347,0.11384,0.065493,-0.08844,0.11693,0.039915,-0.0026849,0.04271,-0.015083,0.093889,-0.06263,0.018538,-0.11167,0.16692,0.0154,-0.13298,0.10059,0.0062789,-0.011605,0.035522,0.091391,0.002349,-0.25211,-0.071653,0.0051453,-0.13006,0.079979,0.058526,0.078139,-0.046327,0.026454,0.091338,-0.014145,0.00027059,-0.018794,-0.0036796,-0.0107,-0.090141,0.050546,0.036628,0.064146,-0.05547,0.063161,-0.089049,-0.025801,0.0071194,0.12682,0.19622,-0.054289,0.014475,0.0063376,0.0099503,0.0046847,0.042917,-0.085199,-0.0057727,-0.073649,0.082602,-0.052126,0.010763,0.033069,0.17003,-0.0074931,-0.144,0.039171,-0.10043,-0.15295,-0.075766,-0.054211,-0.098179,-0.0082078,0.023507,-0.050265,0.042986,-0.021507,0.21302,0.069114,0.049442,0.0059703,0.080936,0.23184,0.086879,0.103,-0.17987,0.074632
0.04765,0.059418,0.12992,-0.020454,0.027062,0.0027775,0.059752,-0.037314,-0.15221,0.094935,0.025996,0.027274,-0.0044771,0.049875,-0.076026,-0.026968,0.019548,0.26768,-0.03415,0.10774,0.11762,-0.028147,-0.00031,0.023714,0.13043,-0.12008,-0.044777,-0.14501,-0.03964,-0.064855,0.046316,0.035558,0.054096,-0.049187,0.022459,-0.014678,0.009977,0.033973,0.085022,-0.10437,-0.097793,0.10051,-0.14002,0.0395,-0.05456,-0.14814,0.12261,-0.026545,-0.047741,-0.00064138,-0.059489,-0.099844,-0.0039429,-0.28024,0.14152,-0.14781,0.04659,0.18901,-0.020793,0.13666,0.1754,-0.1466,-0.07944,0.088447,0.045489,-0.035747,-0.19039,0.00030413,-0.0087834,-0.067914,-0.11523,-0.010707,-0.072875,-0.15184,0.10203,-0.060355,-0.0072453,-0.12572,-0.21591,-0.0041531,-0.10939,-0.089229,-0.038154,0.092518,0.17977,0.092657,-0.086794,0.11579,0.057828,-0.1835,0.098011,0.0017201,0.032774,-0.21244,0.15467,0.041504,-0.077689,0.031032,0.044883,0.097755
-0.17783,0.0095264,-0.049258,0.04688,0.065681,-0.1515,-0.055423,0.04225,0.035181,-0.0001296,-0.032074,-0.10189,-0.062565,-0.030931,0.030883,0.11634,0.11125,-0.14274,-0.02512,-0.0083193,0.10521,0.070635,0.069608,0.01448,0.12208,-0.015308,-0.036245,0.087993,0.11045,-0.076665,0.09529,-0.073015,0.05217,0.12867,-0.066021,0.048199,-0.028896,0.029528,0.11608,-0.14724,0.041946,0.1312,-0.052786,0.12687,-0.17149,0.033121,-0.084234,-0.027468,-0.063719,-0.10017,-0.07523,-0.063295,-0.045779,-0.17173,-0.14726,-0.038862,0.022448,0.020106,-0.058501,0.10685,0.032688,-0.17489,0.13996,0.052263,0.15424,-0.028211,0.0047329,-0.038725,0.17011,0.003754,-0.01259,0.079786,-0.024982,-0.11808,0.068176,0.10472,0.13926,0.047421,0.13224,0.0016007,0.046969,-0.07863,0.18568,0.020958,0.13908,0.11162,0.19605,0.16887,-0.10425,-0.1097,-0.026741,-0.10063,0.054722,5.8245e-05,0.073698,-0.035869,0.052124,-0.016776,0.069631,0.16317
-0.060295,0.093526,0.053889,-0.046455,-0.0044667,-0.15391,-0.090586,0.029222,0.025749,-0.057444,-0.20537,-0.027187,0.1773,-0.063998,-0.043028,0.062053,-0.11848,0.0046725,-0.18419,0.068148,0.096318,-0.091402,0.081024,0.1366,-0.040069,0.13631,-0.12132,0.061318,0.20151,0.092447,0.024557,-0.10207,-0.15125,0.1308,-0.12613,0.21427,0.093655,0.070087,-0.095972,0.079915,0.062629,-0.047567,-0.087107,-0.046786,-0.069317,-0.0028924,0.024501,-0.062944,0.24421,0.022856,-0.13911,-0.11093,-0.090046,0.023393,0.084937,-0.13696,-0.0013983,-0.034365,-0.13139,-0.11479,1.5765e-05,-0.040047,-0.049355,0.07981,-0.10488,-0.084646,0.049918,0.11131,0.15449,0.13905,-0.026714,0.026798,0.045631,-0.091762,0.11823,0.004714,-0.04391,0.12042,0.010568,0.08837,-0.12064,-0.042402,0.1082,-0.086064,0.096799,-0.040279,0.106,-0.055331,0.13286,-0.21967,0.024751,0.0024583,0.070776,0.068227,-0.068066,0.086286,-0.061636,-0.061424,-0.058205,-0.0026502
-0.022697,-0.064658,0.079815,0.0049737,0.15281,-0.14271,0.098132,-0.0044936,-0.1938,0.11914,0.1023,-0.02782,-0.014214,-0.051989,0.14557,-0.073862,-0.1707,-0.10157,-0.16745,-0.12333,-0.22469,-0.1138,0.0049077,-0.079802,-0.0017115,0.029869,0.13441,-0.0092372,-0.0030342,0.10468,0.033143,-0.043473,0.26698,-0.10208,0.028445,0.052947,-0.11446,0.15002,-0.032999,-0.13054,0.072135,0.091046,0.057184,-0.036391,-0.14198,-0.052282,-0.11113,-0.0079372,-0.043845,0.11822,0.15463,0.17781,0.0090813,-0.051022,-0.040632,-0.19682,-0.0089077,-0.02071,-0.024035,-0.0057054,0.083833,-0.011905,-0.087919,0.075693,-0.035875,-0.035085,0.0048927,0.002719,-0.11265,0.022363,-0.053729,-0.090173,0.075242,-0.017252,-0.092771,-0.084251,0.077963,0.1347,-0.17685,0.00020116,0.17705,0.0075967,0.11376,-0.053447,-0.045512,0.084416,-0.026245,-0.088673,-0.18281,-0.16051,0.022161,0.14308,0.086555,-0.10678,-0.12405,0.047607,0.15906,-0.098475,-0.011938,-0.037747
-0.01012,-0.013877,-0.099773,-0.05806,-0.010772,-0.025473,0.055113,0.047567,-0.023277,0.019357,-0.17881,0.078183,-0.067454,-0.043437,0.062882,0.057721,0.15629,0.081985,0.066518,-0.023391,-0.01621,0.0037007,0.11596,0.067498,0.08743,0.15875,0.098203,0.020521,0.10728,-0.11486,0.091027,-0.19615,0.063833,0.062801,-0.16023,-0.097043,0.060044,-0.009327,-0.023136,0.020627,0.14052,0.019896,-0.027308,-0.094161,-0.033651,0.12708,0.055953,-0.12847,0.02253,-0.084781,0.19658,-0.098503,-0.0083542,0.011052,0.059419,-0.0791,0.064475,0.01469,-0.057968,-0.086904,-0.080905,0.061628,-0.03375,0.2253,0.014163,0.1116,-0.007651,0.052444,0.06621,0.16159,-0.0057224,-0.048704,-0.087611,0.052329,0.20457,0.057436,-0.019049,-0.134,0.015021,-0.13467,-0.033131,-0.13995,-0.19699,-0.09742,-0.21447,0.016509,0.10208,0.064926,0.18113,0.16347,-0.061519,0.076776,-0.01172,-0.038083,0.02332,0.089762,-0.065149,0.055795,-0.013515,0.020657
0.0111,-0.12994,0.049341,-0.011923,-0.025196,-0.087237,-0.056553,-0.26393,-0.038519,-0.097255,0.045988,0.082343,-0.29919,-0.030407,-0.013838,0.086134,-0.062185,-0.063316,-0.091103,-0.030837,0.08309,0.068688,-0.1007,-0.059929,0.071485,0.03015,-0.025378,0.031639,-0.16148,0.16343,-0.029036,-0.10266,-0.015451,0.25748,-0.00063494,0.075141,-0.10384,-0.077452,0.029906,0.05647,-0.075035,0.0081667,0.063223,-0.21252,-0.107,-0.15917,0.050544,-0.20256,0.034634,-0.11668,-0.086851,-0.11957,0.16202,0.076019,0.1188,0.12301,-0.0094026,0.06003,-0.0093502,0.095305,-0.076442,0.04746,0.030627,0.030608,0.064513,0.10788,-0.12333,0.17996,0.024883,-0.033194,-0.044641,0.0052051,0.059889,-0.013862,0.11149,0.0012169,-0.063929,-0.092029,0.11149,0.11281,-0.088038,-0.17377,0.032111,-0.15799,-0.0059166,0.035422,0.0034499,0.11328,0.025118,-0.050289,-0.0075654,-0.04286,0.10255,0.014952,-0.0091874,0.040143,0.11341,-0.00061908,-0.061513,0.19545
0.088459,0.023444,-0.072677,-0.11845,-0.081728,-0.095118,0.26623,0.02961,-0.12106,0.011619,-0.00018783,-0.18891,0.026783,-0.026999,0.18833,-0.047676,-0.035031,-0.071898,0.0042465,-0.038809,-0.066502,0.034862,-0.0193,-0.045462,-0.074966,-0.11197,-0.018008,0.032714,-0.085915,-0.042118,0.11318,0.10659,-0.16466,0.033912,0.04278,-0.14872,0.11514,0.10955,0.017913,0.070386,-0.16534,-0.070137,0.088333,0.1156,-0.10256,0.10231,0.010718,0.057925,0.05092,0.1304,-0.053416,-0.12303,0.024494,-0.11211,-0.08046,0.12559,0.069506,0.087962,-0.10272,0.00028742,-0.13795,0.076176,-0.010313,0.097709,0.085335,-0.18683,-0.066133,0.014223,-0.088162,0.089117,0.042222,-0.018107,-0.089324,0.016787,0.021297,0.066318,0.050424,0.1768,-0.19054,0.14782,0.039002,0.058572,0.035689,0.023173,-0.063777,0.035968,-0.14063,-0.040238,0.10518,-0.0015777,0.083756,0.10372,0.037572,-0.072069,0.042528,0.038351,0.052445,-0.070587,-0.00054053,0.013655
0.068901,-0.046959,0.066481,0.11587,0.20103,0.25429,0.046041,-0.0066064,-0.010508,-0.081097,-0.12671,-0.055527,-0.075048,0.18385,-0.049534,0.075598,-0.10556,-0.094469,0.15414,0.10139,0.0050323,-0.02227,-0.0047742,-0.073342,-0.21601,-0.011903,0.030497,0.0060927,-0.065363,0.024922,0.11485,0.12265,-0.0072716,0.075666,0.05372,0.033238,-0.017765,-0.030966,0.035635,0.091747,-0.047574,-0.069945,0.067982,-0.084498,0.051321,-0.10522,-0.03357,-0.0042198,0.095565,0.08479,0.11108,-0.031688,-0.062387,-0.13319,-0.032369,0.055543,0.10581,-0.0093915,-0.04146,0.15986,-0.0076368,0.050575,0.077759,0.05028,-0.077558,0.16291,0.030505,0.085684,-0.016727,-0.084309,0.13672,-0.017031,0.074954,-0.041666,0.21301,-0.0026104,0.12062,0.021362,-0.12451,0.030413,0.14157,0.079293,0.15376,0.11751,0.0055794,0.14747,-0.018148,-0.032445,0.16715,0.11984,-0.059469,0.00083606,-0.049036,-0.062735,-0.042165,-0.08479,0.082337,-0.18039,-0.089657,-0.18003
0.050965,0.11582,-0.087319,-0.0079635,-0.062431,0.14852,0.1233,-0.28122,-0.087622,-0.052359,-0.025727,-0.0032717,-0.020784,-0.066353,-0.015226,-0.068732,-0.10758,0.065428,0.033451,-0.034733,0.19084,-0.039602,-0.036932,0.11403,-0.13924,-0.069612,0.033253,-0.032051,0.034596,0.064661,-0.1087,-0.12458,0.0051897,0.048548,-0.21232,-0.049789,0.062027,-0.018978,0.097221,-0.029166,-0.01906,-0.011825,-0.012899,-0.043192,0.041372,0.059954,-0.073101,-0.035829,-0.065777,-0.12118,0.05659,0.0036635,-0.095687,0.12691,0.21215,0.065149,0.16196,-0.038227,-0.1143,0.0094921,0.058493,-0.0038144,0.14518,0.10779,-0.06017,0.070364,-0.017063,-0.010236,-0.12033,0.025166,0.00030446,-0.065124,-0.16238,-0.034273,0.25462,-0.0098129,-0.017202,0.069899,-0.041651,0.06633,-0.0020072,0.097285,-0.067255,-0.091746,0.025216,0.20832,-0.10332,0.018401,0.050789,-0.062836,-0.061177,-0.17359,-0.0098048,-0.078862,0.013451,0.021317,0.089748,-0.034848,-0.10662,0.029191
-0.059749,0.031641,-0.17705,0.15291,0.10173,0.051489,-0.09686,0.0038131,-0.044948,0.063053,0.1939,0.13516,-0.12221,0.15495,0.21095,-0.090265,-0.0041385,-0.079559,0.042384,-0.12785,0.11444,0.12131,0.030976,0.18843,-0.085181,0.04396,-0.023094,0.070017,0.12184,0.19372,-0.015747,-0.26278,0.077187,-0.36217,0.13868,0.19283,0.089213,0.0386,-0.067716,0.13588,0.016533,0.08702,-0.092206,0.11526,0.06568,0.026867,-0.07081,-0.072313,0.0076519,0.14408,0.14236,0.089517,-0.00084633,-0.018172,-0.030774,-0.10721,0.048782,0.087672,-0.063681,-0.13313,-0.089433,0.064144,0.084432,0.069656,-0.1897,0.069659,-0.021164,-0.24849,0.066155,0.070946,-0.061842,-0.040569,-0.052975,0.089611,-0.0096675,0.14537,-0.10249,0.029484,0.065676,-0.15006,0.1347,0.15489,-0.088164,-0.0049855,0.045986,-0.11668,0.049633,-0.057338,-0.11742,-0.096203,0.16253,-0.012563,-0.12464,0.020806,0.10526,-0.11188,0.091108,-0.079439,0.015168,-0.062899
-0.080709,0.11621,-0.1214,0.12654,0.10311,0.15714,0.11816,-0.10483,-0.05444,0.14219,0.0082206,-0.066113,0.1372,0.054717,0.028439,-0.070003,-0.053188,0.01842,-0.090462,-0.038459,0.044417,0.0020273,0.056394,0.04801,0.0020828,0.068674,0.041912,-0.11397,-0.017798,-0.024593,-0.31907,0.13086,0.018033,0.029928,0.15786,0.088901,-0.11369,-0.12364,0.16597,-0.11747,-0.16726,0.071607,0.10208,-0.12192,0.15075,-0.094023,-0.29284,0.14807,0.11872,-0.022043,0.0028681,-0.043852,-0.12167,0.11775,-0.057317,-0.05875,-0.10356,-0.14443,-0.070459,0.086952,-0.049001,0.28203,0.18571,0.097112,-0.2074,-0.023522,-0.16649,0.008878,0.1889,0.046352,-0.046558,-0.16073,-0.021795,0.028632,-0.19272,0.20653,0.10462,0.15587,-0.13182,0.0086506,-0.047229,0.11561,-0.046933,-0.25535,-0.095507,-0.085261,-0.17595,-0.15291,-0.0032994,-0.028651,0.23219,0.055034,-0.2926,-0.058188,0.1402,-0.14986,0.060744,-0.13462,0.065005,-0.090268
0.016935,-0.038194,0.045058,-0.060061,0.036351,-0.076221,-0.062323,-0.28204,-0.087709,0.053749,-0.13592,-0.013963,0.10791,-0.030489,-0.040879,-0.1599,0.019333,0.062204,0.046869,-0.097796,-0.047068,-0.027722,0.043023,0.16981,0.26645,0.22635,-0.22651,-0.062966,0.10155,0.17639,-0.0055426,0.092216,0.0090783,0.10128,0.017885,-0.056369,-0.30402,-0.044483,0.13806,0.025429,0.042959,-0.068859,-0.018929,-0.042168,0.035607,0.14765,0.053402,0.024534,0.18066,-0.13213,-0.10794,-0.092004,0.18413,0.16628,0.029071,-0.08443,-0.20552,-0.044534,-0.094857,0.12715,0.14116,-0.045316,-0.13261,0.027116,-0.10105,-0.03572,-0.07044,-0.063029,0.084007,0.10616,-0.052254,-0.084609,-0.010241,-0.040407,-0.089776,-0.05605,-0.010331,0.11025,-0.21303,-0.074277,0.065384,0.0334,0.051725,0.012262,0.060056,-0.1003,0.010861,0.029652,0.17479,0.011617,-0.12143,0.15424,-0.017279,0.16508,-0.022921,-0.00026346,-0.025575,0.0014361,-0.071077,0.068339
-0.0026193,0.00092832,0.25089,0.028336,-0.045423,0.22633,0.035373,-0.00047668,-0.034704,0.022012,0.028814,-0.024569,0.11376,-0.052951,0.048281,-0.11166,-0.017163,0.13049,0.10003,0.092412,-0.13817,0.25892,0.14126,-0.093639,0.052124,-0.0054619,0.043806,0.11592,-0.079042,-0.0025115,-0.03331,0.11033,0.039523,0.0070762,-0.052324,-0.03801,0.050315,-0.047128,-0.069903,-0.003175,-0.019344,-0.003137,0.058367,0.21364,-0.021167,0.10409,-0.013959,-0.081489,0.026084,-0.021583,0.025623,0.077825,0.056742,0.067997,-0.074697,0.13159,-0.35091,0.13464,0.059958,-0.073701,-0.15649,-0.042576,0.070022,0.074496,-0.12576,0.18585,0.044741,0.12677,-0.20075,-0.016959,-0.11473,0.05641,0.091537,0.16591,-0.0016924,-0.22065,0.056846,0.16098,0.037084,-0.12779,0.062075,0.039556,0.0036119,-0.021227,-0.17918,0.094063,-0.11229,-0.097186,-0.15703,0.10218,0.030454,-0.06318,-0.082839,0.1701,0.074107,-0.014071,0.10814,0.004698,-0.05106,-0.029156
-0.12958,-0.0019153,0.18678,0.18336,0.15313,0.14628,-0.11127,0.22648,0.040643,-0.045565,-0.088907,0.0069329,0.12099,0.068251,-0.17054,-0.0005716,-0.19104,0.094375,-0.042632,-0.027572,0.13408,0.093482,-0.02511,-0.073526,-0.15414,-0.03132,-0.034575,0.091882,0.18449,-0.023853,0.053165,-0.058939,-0.035454,0.16315,-0.13192,0.13785,0.071248,-0.024582,0.14553,-0.12753,0.032148,-0.084989,0.10894,-0.039185,0.19939,-0.055406,0.090372,-0.11223,-0.14118,0.058632,0.20335,0.011445,0.098888,-0.068545,-0.12005,0.048899,-0.16594,0.21337,0.052503,-0.17151,-0.076011,-0.031504,-0.09607,0.017942,-0.09146,-0.010112,0.077472,0.086383,-0.14569,-0.058699,0.10125,0.083271,0.024717,-0.1462,0.048381,0.11359,-0.035305,-0.040851,-0.047022,-0.1301,-0.080225,0.0089952,-0.068157,0.080141,0.09465,-0.035802,-0.12827,0.068297,-0.015661,-0.012458,-0.016727,0.078141,-0.0089267,-0.11169,0.01694,-0.13126,-0.22509,0.0099147,0.04422,-0.15435
0.052951,-0.023783,0.14883,0.17768,0.027129,-0.022797,0.053337,-0.024279,0.02159,-0.046673,-0.0032525,0.0039323,0.071283,-0.14714,-0.055936,0.033996,-0.058917,0.089164,0.018112,0.046763,-0.0026482,0.020586,0.027716,0.03937,-0.032134,-0.1361,-0.091961,0.040288,-0.13416,-0.0044193,0.07001,0.085997,-0.084018,0.088726,-0.13388,-0.031442,-0.098109,0.18385,-0.086305,0.016549,-0.082998,-0.06813,0.18546,-0.14701,-0.14618,-0.048565,-0.040603,-0.16738,0.035815,0.21162,0.01359,-0.052992,0.10601,-0.045445,0.095344,-0.10671,0.036668,0.10505,0.1593,0.037246,0.12394,-0.063859,-0.0046875,-0.076859,-0.0070251,0.083729,-0.039885,0.1559,-0.024573,-0.044885,0.018018,-0.025152,-4.6585e-05,-0.0020514,0.063584,-0.0079819,-0.084482,-0.097468,0.089965,-0.074061,0.012627,0.04829,0.026131,-0.15289,0.094694,-0.038045,0.076917,0.0025657,0.067601,0.075253,0.13426,-0.030704,0.027957,-0.031314,0.15089,-0.1443,0.16684,0.041548,0.14522,-0.04635
0.021278,0.057204,0.10728,0.083882,0.11009,-0.11001,-0.081791,-0.07776,0.11138,0.024372,-0.040554,-0.2468,0.020494,0.073097,0.0096561,-0.0028707,0.011395,-0.088674,-0.099495,0.0083025,0.085917,0.026086,0.08012,-0.13882,0.073913,-0.087764,0.034105,-0.22824,0.11577,-0.058376,-0.16337,-0.30243,0.062851,0.026923,-0.032296,0.011907,-0.09318,0.12666,-0.079174,-0.17344,-0.045865,0.12284,-0.03264,-0.021978,0.0018446,0.062528,-0.22951,0.0041821,0.05954,0.094907,-0.045928,0.043959,0.13136,0.05796,0.14715,0.19058,0.094874,0.0092646,0.29174,0.034456,-0.13428,0.039682,-0.054716,-0.11115,-0.097612,-0.14758,0.035147,0.16449,0.058543,0.16753,-0.11786,-0.037323,0.00031894,0.06383,-0.17857,-0.040691,0.12092,0.12216,-0.03386,-0.2444,-0.18077,0.22303,0.10938,-0.048526,0.12752,0.039096,-0.17351,-0.13319,0.027142,0.07188,-0.012193,0.094218,-0.011276,0.10552,0.020252,0.020206,0.0064821,-0.079139,-0.20495,-0.042204
-0.12898,-0.041492,-0.12155,-0.11051,-0.024298,0.009752,0.1066,0.026878,0.1534,0.13457,0.092441,0.042512,0.063014,-0.027747,-0.12273,0.057056,0.2449,0.078398,-0.050716,-0.02865,0.11685,-0.053954,0.10581,-0.00018541,-0.0043825,0.13245,0.0054466,0.031857,-0.12208,0.20463,-0.034992,0.029759,0.084388,-0.007205,-0.12886,0.073296,-0.017059,0.03829,-0.0090776,-0.092173,-0.049491,-0.11801,-0.024603,0.1083,0.077391,0.14416,0.20379,-0.27936,0.22553,-0.09103,-0.087659,-0.069848,0.051322,0.084588,-0.12127,0.10323,0.016239,0.039153,-0.092105,0.03235,-0.037387,0.054701,-0.12187,0.039946,0.001055,-0.10074,-0.049714,0.02742,0.13292,0.03251,-0.044897,-0.11288,0.035829,-0.13125,0.10895,0.041712,-0.082376,-0.062798,-0.034968,-0.07361,0.034854,0.0047573,-0.093875,-0.19406,-0.088247,-0.061672,0.061119,0.070398,-0.066804,0.13216,-0.0004665,0.0944,-0.11218,0.16801,0.052384,-0.00016423,0.18711,-0.044465,0.14405,-0.084629
0.01174,0.082264,-0.14102,-0.20021,0.052337,-0.06442,0.045316,-0.034361,0.000544,-0.014325,0.10465,0.038199,-0.28577,0.050272,-0.043358,0.20174,-0.093624,0.087655,-0.015554,-0.050208,0.0056758,-0.12116,0.061191,-0.060897,-0.088621,0.049582,0.044219,0.13812,-0.050949,0.069861,0.065273,-0.10727,0.075988,0.034291,0.11632,0.017778,0.033222,0.028177,-0.04826,-0.089851,0.13897,-0.051176,0.023294,0.18831,0.12352,0.0020436,-0.031837,-0.02501,0.0698,0.095677,0.21484,-0.069693,0.024545,0.15872,-0.1042,-0.11744,0.1143,-0.25163,-0.083678,0.0041222,0.092074,0.053848,0.066085,0.21631,0.025597,0.19034,-0.048591,0.091242,0.09939,0.16009,-0.019959,-0.068809,-0.013077,0.18986,0.097946,-0.20055,-0.049387,0.055707,-0.085039,0.2293,0.060093,-0.01239,0.027805,-0.072033,-0.10254,0.031933,-0.14095,-0.083869,-0.12449,-0.094883,-0.075534,-0.060147,-0.0035102,-0.087776,0.10692,-0.049855,0.025163,-0.033717,0.047374,-0.14664
0.025355,0.067009,0.0098451,0.088497,-0.11576,0.016349,0.10989,0.0045001,-0.099353,0.17761,-0.031511,0.02516,-0.13923,-0.075175,-0.22454,0.10543,0.10114,0.07878,-0.20657,-0.092732,0.1905,0.0018524,-0.13714,-0.13587,-0.08546,-0.068526,0.044289,0.10118,0.096092,0.095732,0.12088,-0.024604,0.039649,-0.045964,0.039423,-0.11369,-0.088824,0.052175,-0.0048911,-0.079545,0.056983,0.037752,0.004577,-0.077153,0.0023186,-0.050115,0.024283,-0.052711,-0.2585,0.020553,-0.15006,0.0046981,-0.16428,-0.18795,-0.026366,-0.021518,0.079808,0.086291,-0.16903,0.051265,-0.13489,0.20669,-0.20591,0.11389,0.063755,-0.076019,-0.13045,0.011784,-0.076019,0.057051,-0.14652,-0.15037,0.14063,-0.097085,-0.044474,0.1131,-0.03164,-0.2389,-0.18146,-0.048183,0.0033349,0.028276,-0.077854,-0.054767,0.14601,-0.0345,0.19482,0.13357,0.094939,-0.06507,0.07241,-0.15872,0.086184,-0.014211,0.12907,-0.050418,0.0053765,0.0067401,-0.15402,0.12011
0.038823,-0.018379,-0.11714,-0.1854,-0.12772,0.20048,0.048751,0.01835,0.089315,0.026775,-0.13359,0.056579,0.090775,-0.041661,-0.1375,0.11719,-0.059339,-0.099242,-0.043127,-0.017538,0.18886,-0.10246,-0.20182,0.055902,-0.17058,0.079526,0.0025362,-0.16953,-0.0016633,-0.085196,-0.059545,-0.058507,-0.079679,0.054273,-0.0025703,0.028945,0.25322,-0.097193,0.0035618,0.046403,-0.0099129,0.083704,0.041638,0.011557,0.15744,-0.053528,0.10993,-0.08554,0.061388,0.066827,0.14024,0.014836,0.017302,0.031242,0.20908,0.0039032,0.021762,-0.11562,0.081218,-0.11418,0.071649,-0.13686,-0.046821,0.12599,0.016166,0.1229,0.090583,-0.11969,-0.043892,0.034595,0.13302,0.075322,-0.11724,-0.085828,-0.079924,0.089882,-0.017372,-0.1309,-0.10385,-0.0084383,-0.048888,0.0034399,-0.095167,-0.15026,0.088253,-0.17536,-0.05843,-0.052877,-0.15452,0.026265,-0.074758,0.035062,0.11372,0.051538,-0.067527,-0.031707,-0.064862,0.035336,-0.080542,0.042673
-0.058014,-0.041257,0.032166,0.10893,0.17974,-0.007181,0.0083746,-0.066723,-0.085551,0.0556,-0.034227,-0.13059,-0.029402,0.13445,-0.10763,-0.038357,-0.022759,-0.082318,0.044022,-0.30408,0.054611,-0.071717,-0.072839,-0.059617,-0.084475,0.0055392,-0.17193,-0.034484,0.029013,-0.062102,0.19863,0.0019078,-0.12597,-0.066623,-0.033457,-0.035952,0.029062,0.20537,-0.13203,-0.010845,0.19435,0.11675,-0.0081134,-0.078702,0.14524,0.016746,-0.066451,-0.03198,0.11183,0.15431,-0.050829,-0.051392,-0.22719,0.09507,-0.040053,0.055066,-0.02463,-0.045449,0.052789,0.025255,-0.040933,-0.12074,-0.0092756,0.0023552,-0.0011244,0.11307,-0.23573,0.012532,0.01584,-0.03632,0.19335,0.00048636,-0.048925,-0.042411,0.04898,-0.018215,0.11985,-0.095433,-0.00051184,0.033684,-0.084092,-0.06536,-0.019612,-0.1272,0.14025,0.14285,0.068466,0.16622,-0.080007,-0.10876,-0.02722,-0.043032,-0.10568,0.095785,0.10236,0.11575,0.050073,-0.077104,0.18467,-0.17654
-0.022502,-0.12971,0.13077,-0.16006,0.027422,0.18076,0.05196,0.12562,-0.046232,-0.097081,-0.075386,-0.17472,-0.0028559,-0.073259,-0.1599,0.24739,0.080896,0.14535,0.091526,-0.00087532,-0.056966,0.13507,-0.15601,0.10849,-0.077747,-0.15073,-0.022246,-0.10119,-0.073213,0.10594,0.029061,-0.0097404,-0.069995,0.11624,-0.20207,-0.14423,0.064794,-0.0055836,-0.086376,-0.13942,0.29345,0.034198,-0.010356,0.074372,-0.022643,0.16405,0.10027,0.11499,-0.013434,0.34509,-0.20064,0.0067468,0.066104,-0.025204,-0.097873,0.059106,0.042005,-0.12999,0.082156,0.00095954,0.10655,0.024431,-0.021487,-0.081594,-0.061668,0.083702,-0.15753,0.018971,-0.00011191,-0.0060139,-0.0050358,0.065159,-0.16391,0.075548,0.12834,0.12404,-0.070837,0.0519,0.055532,0.039768,-0.097703,-0.0094382,0.098675,0.0036192,0.041552,0.047014,0.17566,-0.036224,0.02239,-0.11409,0.077401,0.038292,-0.056241,-0.013729,0.046736,-0.10444,0.080376,-0.018047,0.092235,0.034494
-0.050148,0.18399,0.0040654,-0.064865,-0.094323,-0.1415,0.021561,-0.09131,-0.11145,0.093705,0.02245,-0.072208,0.18901,-0.20131,0.06401,0.046938,-0.074722,-0.10579,0.11734,0.067364,-0.11484,0.059775,-0.010304,-0.030899,-0.07105,0.0022293,0.040096,0.11682,-0.058396,-0.086341,-0.12876,-0.081593,-0.071247,0.053897,0.037827,0.019156,-0.06448,-0.084145,-0.00039424,-0.064459,-0.0057586,-0.11166,-0.10911,0.016388,0.1259,-0.099656,-0.091135,0.040973,-0.10583,-0.0069074,-0.1768,-0.10256,-0.041101,-0.035893,0.17146,-0.13637,-0.00050927,0.044577,0.0092852,-0.28838,-0.033493,0.22022,-0.15838,0.052962,0.012358,0.15028,0.081445,-0.072853,0.1409,0.11187,0.11986,0.044801,0.16032,0.21202,-0.13274,-0.071261,-0.10937,-0.18424,-0.062878,-0.070139,-0.13304,0.20604,0.019683,0.15687,0.039746,0.023945,0.099344,0.22673,0.052385,0.064083,-0.046269,-0.079305,0.061729,-0.1046,-0.0059628,-0.10551,-0.13162,0.058962,-0.00077883,0.1428
-0.0062745,-0.15074,0.031385,-0.061213,0.058098,0.091031,-0.055669,-0.0097081,0.056272,-0.10426,0.19939,-0.11142,-0.050028,-0.16594,0.062767,0.030042,-0.014011,0.16219,0.0015179,0.019259,-0.15043,-0.18127,-0.11251,-0.059239,-0.062782,-0.067652,0.055456,-0.013911,0.025102,-0.1206,0.06276,0.018034,0.0023271,-0.088072,-0.051818,-0.0090189,0.041036,-0.0051591,0.078252,0.038788,-0.14425,0.019337,-0.018532,0.1357,-0.063283,0.21801,-0.05558,0.0025022,-0.015972,0.027116,0.027274,0.011384,0.031421,0.10291,-0.063262,-0.045017,0.0015102,0.15516,-0.10359,-0.061156,0.11907,-0.040706,-0.085142,-0.0080309,0.02568,-0.15982,0.072665,-0.01675,-0.022102,0.046173,-0.019132,0.041544,0.15451,-0.025943,-0.076802,0.02119,0.017187,-0.001419,-0.1116,-0.075032,0.021989,-0.14762,-0.14417,-0.010084,-0.14909,-0.052321,0.12325,-0.11298,0.1036,-0.16371,-0.030977,0.10706,0.116,0.011921,-0.052004,0.068559,0.055723,0.12738,0.10827,-0.024677
-0.11934,0.10228,0.12399,-0.0071479,-0.034804,-0.057948,0.060719,-0.034706,0.071744,-0.13986,-0.0049751,-0.012625,0.018377,0.030721,0.0014335,0.0085339,0.17935,-0.06507,-0.12872,0.11696,0.049437,0.17793,0.061361,-0.07716,0.090246,-0.0062306,0.013367,-0.0021688,0.019156,0.12772,0.013399,0.019448,-0.025645,0.16198,0.094128,0.13667,0.1051,-0.041941,-0.058932,-0.25967,-0.17268,-0.075223,-0.055336,0.0051689,-0.0033266,0.085742,-0.1251,0.028611,0.087316,-0.046762,-0.09426,-0.14917,-0.14822,-0.097047,-0.13669,0.0055325,-0.097709,-0.28958,-0.037677,-0.060875,-0.046567,0.16663,-0.036967,-0.14557,-0.12973,-0.050142,0.032833,-0.13262,-0.17452,0.020098,-0.042423,0.11313,-0.10606,0.055429,-0.099302,-0.024292,-0.12627,0.0041518,0.022037,0.073735,-0.11806,0.055509,0.012506,0.041598,0.046096,0.079623,-0.020768,-0.079108,0.055817,-0.08884,0.19143,0.0727,0.14689,0.057664,0.016599,-0.042063,0.20315,-0.010622,0.06427,0.029648
-0.028403,-0.061895,-0.031086,0.043319,-0.080531,-0.1425,-0.051719,-0.0073888,-0.16696,0.037459,-0.066129,0.056963,0.1041,0.0076067,0.03667,0.20079,0.24485,0.002084,-0.033324,0.12399,0.044294,0.021453,0.046158,0.028032,-0.025985,-0.077939,0.0038232,0.086332,-0.091625,-0.10546,-0.087033,0.1316,-0.055703,-0.17447,0.0098206,0.018789,0.080475,0.17513,-0.060554,-0.085353,0.1089,0.15675,0.01153,0.011504,0.1223,0.27374,-0.055339,-0.097154,-0.135,0.21168,0.04364,-0.046812,-0.095054,0.018934,0.029159,-0.073977,0.016868,0.11968,-0.24892,-0.13257,-0.059824,0.15844,-0.063465,0.018535,-0.0020175,0.061087,-0.089123,-0.0041836,-0.037526,-0.03437,-0.20628,-0.0092454,0.13089,0.043405,-0.010653,0.10819,-0.12943,-0.058096,0.11762,0.053909,0.02734,-0.039235,-0.28216,-0.11593,0.010313,-0.031941,-0.013552,0.091254,-0.0076852,0.055516,0.10443,0.024963,-0.055567,0.20461,-0.014813,-0.037738,0.028103,-0.15191,0.13812,-0.089995
0.018119,-0.18116,-0.095617,0.048467,-0.096023,0.18123,0.10238,-0.060266,0.090948,0.008829,0.052036,0.063438,-0.14068,0.044381,-0.11218,-0.092226,0.051267,-0.10037,0.22911,0.065403,-0.073074,0.026836,-0.079353,-0.15349,0.018498,0.019006,0.30546,-0.11847,0.16641,0.0047532,-0.11824,0.061864,0.1096,-0.033081,-0.091072,0.15463,-0.091436,-0.12242,0.090484,0.04025,0.12159,-0.21302,0.083524,-0.068978,0.093666,0.077793,-0.051162,-0.13699,0.0008287,0.13962,-0.026223,-0.012839,-0.18419,-0.039709,0.016934,-0.023581,-0.0065625,0.12306,-0.16608,-0.0032765,0.073051,0.12835,0.085306,-0.026298,-0.035309,0.10492,-0.15628,0.14062,-0.087162,0.11636,0.10775,-0.014993,-0.18615,0.13676,0.06337,0.068077,-0.12143,0.086405,0.065042,-0.18476,-0.12232,-0.041872,-0.16173,0.1097,0.099909,0.045163,0.11815,-0.025232,-0.055355,0.29646,-0.076911,0.13207,-0.017923,-0.09632,0.0038282,0.10311,-0.091165,0.082983,0.036304,-0.038717
-0.065272,0.0577,0.076223,0.077188,-0.012721,0.011707,-0.21399,-0.069866,0.038196,-0.00061441,0.19207,-0.047641,-0.11697,0.1077,0.096998,0.10845,-0.062857,0.044569,0.036213,-0.076119,0.099504,0.008506,0.051117,-0.0058352,0.1644,-0.0033628,0.062777,0.13135,0.12757,0.047707,-0.049361,0.13001,-0.24456,-0.063713,0.20351,0.12269,0.024912,0.047404,0.20217,0.02262,0.048043,-0.12403,-0.031043,0.068978,0.059123,-0.074982,-0.029473,0.072683,0.048171,-0.26601,-0.040321,0.0035494,-0.1249,0.099807,-0.0028642,-0.062666,0.0083108,-0.1237,-0.061808,0.017976,-0.023084,-0.05224,-0.14959,0.02992,0.056179,-0.017034,0.074493,-0.036621,-0.085919,-0.042664,-0.2085,0.017384,-0.065648,-0.12696,-0.095599,-0.1703,-0.04754,0.14787,-0.020959,-0.10337,-0.092218,-0.16302,-0.096301,0.040023,-0.15968,0.0023293,0.03935,0.12663,0.0048689,-0.10727,-0.10206,0.033941,0.054163,0.025242,-0.033024,0.12728,0.031534,0.075717,0.01713,0.14332
0.099876,0.0099276,-0.090383,-0.0922,-0.23042,0.09444,-0.13373,-0.03118,-0.076198,-0.022605,-0.044363,0.1642,-0.17133,-0.036596,0.023466,-0.011591,-0.12131,0.057796,-0.058154,0.076815,-0.017971,0.12106,-0.055958,0.064508,0.10107,0.012131,0.025074,-9.8621e-05,-0.062053,-0.14999,0.028809,0.1496,0.099842,-0.1447,-0.032426,0.080869,0.042225,-0.10787,0.0083192,0.00041607,0.026716,-0.044649,-0.15094,-0.056868,-0.05676,0.084348,0.078726,-0.12291,-0.10221,0.023568,0.14346,-0.11469,0.043202,0.16599,0.048516,0.04156,0.032818,-0.074752,-0.20594,0.080616,0.089875,0.020463,0.16106,0.042157,-0.062498,-0.014673,0.04225,0.02215,-0.003447,-0.072067,-0.048513,0.031273,-0.13296,-0.16088,-0.020042,0.047218,-0.086323,0.0044265,0.064679,-0.0047422,-0.044756,0.050897,-0.1568,0.12828,-0.0018425,-0.054277,0.22469,-0.18764,-0.048608,0.10917,0.082366,-0.14528,0.10677,0.010605,-0.094506,0.078033,0.015378,-0.091642,-0.058206,-0.14872
-0.0075139,0.017031,0.082701,-0.036892,-0.0068419,0.0022718,-0.028682,0.12756,-0.077648,0.11409,-0.20529,-7.3643e-05,0.029168,0.011753,0.077583,0.02155,-0.0026572,-0.010605,0.17664,0.06634,-0.065863,-0.2005,-0.041589,0.13612,0.079369,0.0034655,0.090369,-0.068071,0.066429,-0.051105,0.00065701,-0.093687,0.14723,-0.31892,0.096875,-0.10465,0.028055,-0.085944,-0.093645,0.012435,-0.14035,0.037408,0.010082,-0.12071,-0.081674,0.093049,-0.026517,-0.21213,0.011194,-0.080579,0.043542,0.052566,0.12291,-0.1032,-0.095374,0.042421,0.092607,0.060233,-0.0085675,0.089593,0.063602,-0.10639,-0.12009,0.069314,0.19057,0.14706,-0.22181,0.029983,-0.005985,-0.014953,-0.17544,0.011008,-0.030677,0.013949,0.059035,-0.068451,0.076309,0.10945,0.051509,-0.049775,0.066061,-0.089363,0.06475,0.056365,0.050575,-0.13542,-0.12792,0.011221,-0.067573,-0.06383,0.076727,-0.0163,0.047314,-0.02126,-0.088139,0.02628,0.043779,-0.012103,-0.0059037,0.10136
-0.023266,0.11515,-0.19001,0.098481,-0.014412,0.00018386,-0.13266,-0.10833,0.078872,0.12321,0.034718,0.045839,-0.051738,-0.027497,-0.087207,0.017187,0.065994,-0.04335,0.077459,0.20053,0.075632,0.12892,0.0050121,0.0034241,-0.062261,0.10508,-0.029447,0.14956,0.040556,-0.19007,-0.13329,-0.24674,0.035636,-0.028572,-0.10334,-0.015484,0.039277,-0.124,0.044825,0.058474,0.16503,0.048325,-0.072243,-0.076687,-0.0018638,-0.00027227,-0.089754,0.019972,-0.077902,-0.071692,-0.15287,0.16333,-0.041658,0.15798,0.050604,0.021221,-0.096479,-0.13519,0.13204,0.082158,0.027863,0.071891,-0.046481,-0.079145,-0.084566,-0.12648,-0.011851,0.022579,-0.077081,0.1601,-0.0057202,-0.14689,0.031026,-0.062813,-0.075226,-0.0017801,0.20342,0.07316,-0.0315,0.10638,-0.072297,-0.03738,-0.010827,-0.12874,0.046984,0.030233,0.14456,0.012254,-0.16949,-0.065186,-0.04444,0.14327,-0.097505,-0.025912,-0.0053378,0.15428,0.11153,0.1613,-0.1086,-0.19717
0.0062606,-0.091165,0.0078616,-0.010255,0.0036934,-0.077574,-0.028671,-0.11098,-0.23957,-0.075958,0.12715,-0.041518,0.086032,-0.011177,0.039462,-0.084492,0.084231,-0.060876,0.098478,0.084459,0.27668,-0.06062,-0.1625,-0.020046,0.0017229,-0.066127,0.058939,0.10126,0.13446,-0.017141,-0.062972,0.066032,-0.20329,-0.039361,-0.056752,0.090257,-0.069836,-0.085266,0.085898,0.17864,0.069693,0.010622,-0.1051,0.0016948,0.11429,0.049878,0.1112,0.11612,-0.043912,-0.016205,-0.16629,0.075074,-0.0073397,0.14248,0.085268,-0.012036,0.15383,-0.072799,-0.23594,-0.089721,0.048716,-0.062384,0.010843,-0.037334,0.008595,0.058314,0.021666,-0.14692,-0.04224,-0.13297,-0.18407,-0.069586,0.035773,-0.11353,-0.060409,0.05601,-0.14288,-0.1174,0.084437,-0.017003,0.055233,-0.021665,0.028373,0.0051943,0.11692,-0.04258,-0.19296,-0.058718,0.1163,-0.047896,-0.073972,0.011045,-0.013344,-0.013596,-0.13519,0.042526,0.060597,-0.13907,0.025272,0.06049
0.022514,-0.12469,0.13074,-0.016323,0.12012,-0.051646,0.15212,0.12187,0.010058,-0.22977,0.040487,-0.0028368,0.017905,0.11428,-0.0045554,0.09476,-0.16273,-0.17783,-0.14134,0.015304,-0.029302,0.15049,0.12008,-0.11187,-0.067064,0.066121,0.018828,0.015606,0.23846,0.11383,0.12689,-0.0023998,0.21102,0.067655,0.016109,-0.10755,-0.13037,-0.19657,0.0098417,-0.050948,-0.034519,-0.065577,0.13265,0.051499,-0.050916,0.0021631,-0.083976,0.0019136,-0.001323,0.044133,0.06174,0.073678,-0.15052,-0.037744,-0.01098,-0.16383,0.046325,0.0083487,0.097463,-0.12215,-0.081976,-0.13874,-0.066171,-0.051317,0.032369,-0.030379,0.087294,-0.30067,0.18797,0.11393,0.03125,-0.10663,-0.022786,-0.039595,0.0832,0.1176,-0.093776,-0.03507,0.079147,0.13129,0.0049647,0.064909,-0.039124,-0.072614,-0.035932,-0.047676,0.050688,-0.11131,0.057838,0.0097813,0.19244,0.12476,0.060903,-0.16938,0.0085277,-0.079813,-0.060836,-0.075532,0.09464,-0.066396
0.22384,0.0083838,-0.045565,-0.0079937,0.004565,-0.21502,-0.014956,0.020619,-0.021386,0.067103,0.12936,-0.012822,0.065784,-0.0002273,-0.039776,0.050047,-0.0030523,0.11619,0.14002,-0.18949,0.066477,-0.053237,0.023832,-0.060268,-0.028938,-0.11686,-0.079843,0.006072,0.068609,0.080391,-0.099772,-0.059153,0.052668,0.073752,0.12199,-0.039003,0.099453,0.08551,-0.044379,0.11494,-0.082057,-0.03072,0.019846,-0.14224,0.086287,-0.07385,-0.032869,-0.062351,0.067782,0.015243,0.03618,-0.083375,0.012222,0.025196,0.060165,0.0088317,0.18507,0.091501,0.0032801,0.12102,-0.13592,-0.0070239,-0.068534,-0.062162,0.070458,-0.039765,-0.036074,0.023109,0.021297,-0.08849,0.026554,-0.14291,-0.13,-0.11106,0.16707,-0.05223,-0.097512,-0.085051,-0.13654,0.079984,-0.03354,0.010188,0.087329,-0.047692,-0.029944,-0.0071088,0.032708,-0.013037,0.17972,-0.019409,0.076031,0.11392,-0.0024037,-0.019815,-0.11985,-0.12515,0.035234,0.14696,0.18316,0.0061538
0.031311,-0.17124,0.077469,0.12967,0.1119,0.091665,-0.079532,0.10845,0.079329,0.053977,0.16879,-0.13402,-0.12087,0.10403,0.069469,0.044427,-0.13027,-0.00049431,0.035157,0.06064,-0.14103,0.011924,0.08241,0.058047,-0.10846,-0.084578,0.058521,0.1801,0.12059,0.011885,-0.051548,-0.26549,0.14689,0.15434,0.035955,-0.0044895,0.071626,0.047966,-0.073006,-0.025807,0.174,-0.17248,0.022086,0.18265,-0.04958,0.0059197,0.40345,0.18467,-0.0528,-0.010422,-0.053649,0.0057244,0.061873,0.091278,0.10866,-0.0023514,0.094219,-0.035584,0.18145,-0.072396,-0.16263,-0.01435,-0.04437,-0.08086,-0.11113,-0.021129,-0.11313,-0.092735,-0.14831,0.017982,0.01173,0.0088233,0.034578,-0.068053,-0.011094,0.01933,0.056722,-0.17026,-0.064452,-0.18054,-0.056607,0.15695,0.013942,0.058006,0.10411,-0.13942,0.059239,0.080579,0.024857,0.040355,0.021152,-0.060644,-0.094545,0.091933,-0.090063,0.07369,0.072591,0.0047725,-0.019914,0.068807
0.014036,0.1385,-0.046819,-0.097719,0.06873,0.19957,-0.095055,0.091492,0.11111,-0.065544,0.19028,0.16489,-0.038316,0.088699,-0.1059,0.07115,0.10938,0.024713,0.034586,0.091685,0.014188,0.14033,-0.20329,0.064323,0.1057,0.043165,0.036914,0.0021234,0.037918,0.034534,0.015804,-0.0087875,-0.073811,0.053767,-0.0082537,-0.014811,-0.1394,-0.053015,-0.04798,-0.18067,0.099957,-0.023376,0.14673,0.24945,0.085224,-0.16582,0.07025,-0.036356,0.079188,0.084236,-0.13242,-0.08844,-0.034427,0.091001,-0.0085503,0.066974,-0.10942,0.079538,-0.10577,0.0060885,0.025415,-0.063126,0.14855,0.13107,-0.066557,-0.052943,0.049394,-0.17382,-0.031411,-0.2276,-0.090778,0.09635,0.14103,0.13678,-0.007697,0.11715,-0.037567,0.069394,-0.097975,0.005225,-0.048498,0.16179,-0.1171,-0.11646,0.050201,-0.12332,0.0194,0.18884,0.040465,0.068102,-0.085256,-0.15878,-0.11232,0.016778,0.12439,0.050848,0.076289,-0.11688,-0.093574,-0.09606
-0.03176,0.049981,-0.086197,0.028547,-0.0090426,-0.016904,-0.055898,0.10292,-0.086809,-0.064568,0.017162,-0.064007,-0.1489,-0.026785,-0.00058563,0.03461,-0.016684,0.018783,-0.1705,0.058731,0.054232,0.073323,-0.019171,-0.03223,-0.10527,0.050165,0.053048,0.088344,-0.0069801,-0.048592,0.015705,0.059255,-0.13379,0.017501,0.10472,0.27604,-0.037798,-0.02336,0.077904,-0.053131,0.010862,0.10501,-0.064949,0.010384,-0.050205,-0.19844,-0.11523,-0.061653,0.003275,-0.034574,-0.051983,-0.0098695,0.098499,0.012156,0.11867,-0.066415,0.13979,-0.10105,0.072938,-0.12964,-0.051026,-0.12663,0.029057,0.080911,0.062629,-0.1947,0.16609,0.18774,0.084565,-0.062276,-0.060036,-0.11624,-0.058807,0.049781,-0.1285,-0.022844,-0.15067,-0.19277,-0.32513,-0.088399,-0.033847,0.053703,-0.10718,0.18161,0.17378,-0.061532,-0.075301,0.017286,-0.097939,-0.038226,0.0079261,0.086572,0.043669,-0.063081,-0.061498,-0.11184,-0.011337,0.082632,-0.0094641,0.054277
0.049915,-0.11927,0.034376,0.11378,-0.092791,0.068482,0.016407,-0.035653,0.10113,-0.084986,0.04657,-0.058543,0.029502,0.15413,-0.080394,-0.017723,0.01335,0.14461,0.15282,-0.19927,-0.14073,0.067009,0.18601,-0.10138,-0.054481,-0.013065,-0.15016,-0.20362,0.10806,0.10021,-0.10283,-0.1398,0.16188,0.060852,0.067349,-0.047772,-0.13637,-0.062834,0.0059682,-0.13013,-0.023903,-0.0052187,0.14288,0.0037067,-0.0029062,-0.10483,-0.032002,0.014435,-0.24805,-0.026748,-0.017436,0.0084985,-0.031838,0.00086616,0.0608,0.11364,0.17244,-0.029234,-0.026831,-0.27207,0.071522,-0.033404,-0.13109,0.086841,0.046888,-0.10507,-0.015044,0.21317,0.13807,-0.19491,-0.010868,0.20243,-0.17727,-0.091671,0.0027207,0.098371,-0.019811,0.080283,0.1173,0.035491,-0.057901,0.066808,0.14533,-0.038636,0.043552,0.072488,0.028455,-0.042319,0.01735,0.26484,-0.028327,0.0096628,-0.035154,-0.081728,0.12275,0.04247,-0.31279,-0.076966,0.018182,-0.055042
0.18959,-0.08593,0.042826,0.075833,0.16357,0.2099,-0.082803,-0.014546,0.0065898,-0.071307,-0.098375,0.041717,0.04827,0.04893,-0.1933,0.099221,0.013837,0.10784,0.0013099,0.075401,-0.0029374,0.024889,0.028134,-0.07671,-0.06558,-0.049394,0.013968,-0.0079389,0.26839,-0.19552,-0.040911,-0.047941,-0.015561,-0.065017,-0.057202,-0.015927,-0.082895,-0.15526,0.017257,-0.071698,0.011202,0.17784,-0.095411,0.015074,0.11237,0.020206,-0.024293,0.061439,0.11097,-0.031074,-0.052334,-0.21991,-0.052569,0.028095,0.046501,-0.14746,0.089942,-0.14988,-0.17155,-0.061124,0.086317,0.13261,-0.085951,-0.10772,-0.012862,0.090768,-0.079097,-0.09032,0.059873,-0.067512,-0.16847,0.03356,-0.013864,0.07527,-0.028811,-0.0234,-0.14646,-0.043189,0.028042,0.04751,0.027423,0.07883,-0.010123,-0.10995,-0.061392,0.0024492,-0.065767,0.12672,-0.028487,-0.055986,0.035078,-0.018297,0.017588,0.026645,-0.022498,0.071211,-0.1248,0.098779,0.091599,0.029795
0.094192,-0.048778,-0.0012614,-0.0092466,0.058275,0.026933,0.013672,0.062777,0.046149,-0.048657,0.041232,-0.17665,-0.11239,0.059011,-0.090897,0.046391,0.046006,0.22917,-0.13176,-0.049556,-0.16423,-0.073862,0.28955,0.01537,-0.024093,0.043922,0.027214,0.0090543,0.084511,-0.090651,-0.063537,0.0090359,-0.024162,-0.033693,-0.010048,-0.039645,0.092213,-0.0062242,-0.10429,-0.17028,0.23034,-0.042837,0.13504,0.065504,-0.12247,-0.0028664,-0.12444,0.10396,-0.00048325,-0.099296,0.033045,0.1483,0.07948,-0.064853,0.042026,0.15337,-0.031208,0.028946,-0.010157,-0.083332,0.028513,0.022712,-0.028402,-0.055244,-0.018109,-0.0027465,-0.055883,0.10521,0.14261,-0.017413,0.13998,0.034673,0.10162,0.074406,0.050474,-0.0042729,0.081505,0.090303,0.00091104,-0.098667,-0.041238,0.030147,-0.14769,-0.15697,-0.019824,-0.10681,0.13423,-0.065056,0.0042226,0.10897,-0.085694,0.0073762,-0.032438,0.15039,-0.058008,-0.025028,-0.022699,-0.0066078,-0.10409,0.018498
-0.0023947,-0.010491,0.11815,0.042426,-0.129,-0.091516,-0.0050133,-0.00080996,0.0060822,0.062203,0.14424,-0.25436,0.044766,-0.006825,-0.13684,0.12967,-0.018389,-0.10199,0.0079175,-0.14816,0.0060518,0.095955,0.055288,-0.17778,-0.011175,0.015082,0.0052237,-0.09655,-0.13982,-0.07256,0.094745,-0.045732,-0.14294,0.1528,-0.15118,0.0069134,0.044381,0.11389,-0.0013019,-0.042838,-0.078225,0.043529,-0.14212,-0.10283,-0.11468,-0.036472,0.1113,-0.0010266,-0.13307,-0.10825,0.161,-0.17643,-0.089241,-0.067594,0.0098133,0.0918,-0.17016,0.015568,0.087011,-0.093482,0.050422,0.1218,-0.17558,-0.19464,-0.16355,-0.054906,-0.11306,0.065336,0.062606,0.13003,-0.1718,-0.15789,-0.0368,-0.01747,0.056295,0.14909,0.066269,-0.021652,0.055717,0.11604,-0.19713,0.038652,0.10212,0.017146,0.039541,-0.069314,0.070772,0.10399,0.10562,-0.014259,-0.072039,-0.25633,0.02042,0.095293,0.088234,0.06491,-0.036355,-0.087696,0.030787,-0.042997
-0.068787,0.22032,0.095104,0.074468,-0.15466,0.053307,0.032211,0.16003,-0.056758,-0.12493,-0.1791,-0.092114,0.16106,0.06877,-0.045525,-0.19665,-0.032757,-0.17811,0.017715,0.12307,0.10128,-0.12129,0.010327,0.14186,-0.062477,0.17594,-0.0093139,0.15923,0.094565,0.12185,0.30706,-0.11685,-0.011391,-0.079569,0.10908,-0.061709,-0.0027458,0.080547,0.083367,-0.11886,0.034255,0.018941,0.053278,0.026533,0.10656,-0.1896,-0.10811,0.027739,0.18437,-0.07136,0.082999,0.063912,-0.089803,-0.076735,-0.045471,-0.095925,0.00060212,-0.031351,0.0056771,-0.066872,0.12263,-0.0082396,0.024529,-0.045708,0.12976,0.19634,-0.0013053,0.074505,0.060564,-0.052341,0.10104,0.051781,0.11968,-0.01058,-0.11206,0.18768,-0.074686,-0.13035,0.011959,-0.035769,-0.13095,0.0047666,0.18621,0.19169,-0.048505,0.14352,0.12402,0.10289,-0.050093,0.030662,0.16883,0.014186,0.031531,0.056116,-0.039258,0.072071,-0.18203,-0.045831,0.10883,-0.027006
-0.087583,-0.091272,-0.050702,0.077167,0.0054321,0.075051,-0.096155,-0.095049,-0.12333,0.22709,-0.09659,0.080521,0.033994,-0.11266,-0.096815,-0.096811,-0.10808,-0.057992,0.02915,-0.020766,-0.024403,-0.10007,-0.038031,-0.029061,0.062558,-0.03531,0.057786,0.04891,-0.059559,-0.066529,-0.049272,0.061382,-0.012829,-0.07583,-0.045335,0.13641,0.072085,-0.14291,0.022904,0.038976,-0.15064,0.041347,-0.14529,-0.021959,0.034479,0.035616,-0.12541,-0.0096778,-0.20668,-0.067241,-0.1086,0.068728,-0.12185,0.040784,0.0003934,0.09802,-0.20778,0.0016562,0.038791,-0.064492,0.12047,-0.057992,0.016466,-0.06991,-0.036731,0.12994,-0.03194,0.053172,0.032472,-0.19392,0.0033262,-0.1413,-0.16848,0.01151,0.024953,0.032667,0.20387,-0.056425,0.2481,-0.11347,-0.16767,0.017801,-0.047577,0.021363,0.009746,0.095716,0.061161,0.045807,0.16962,-0.10631,0.0768,0.13028,0.063788,0.12604,0.095836,-0.12837,0.12865,-0.21421,-0.19622,0.099078
0.050392,-0.17928,0.11424,-0.06744,0.13805,-0.18119,0.0049128,-0.056231,0.02684,0.085766,-0.091195,0.10923,-0.044177,0.26019,0.053763,-0.064942,0.037387,0.047293,0.034674,0.014203,0.08835,-0.025905,-0.075225,0.013034,-0.055707,0.070442,0.078922,0.19764,-0.018106,-0.021574,0.066809,-0.10245,-0.025406,0.14015,-0.064262,-0.13008,-0.03824,0.028605,0.052269,-0.082901,-0.0083243,-0.074078,0.069272,-0.012276,-0.025601,-0.023353,-0.068808,0.17327,0.19559,0.073812,-0.047477,-0.15781,0.19192,-0.046447,-0.022942,0.017574,0.16174,0.01673,0.012937,-0.20556,-0.066966,0.0012501,0.02512,-0.18301,0.17955,0.048005,0.09996,0.055602,-0.090796,-0.23674,0.062362,0.12684,-0.030316,0.14059,0.0066738,-0.10368,0.0082094,-0.05183,-0.065096,0.10338,-0.03383,-0.049595,-0.043501,-0.058793,-0.014129,0.040644,0.10178,-0.068277,-0.010276,0.1531,0.059413,-0.080577,-0.054393,-0.067463,0.099341,0.15301,-0.15391,0.1979,-0.010741,-0.04774
0.071383,-0.11669,-0.067763,-0.042248,-0.021154,-0.1631,0.081787,0.31561,-0.042042,-0.029087,0.19494,0.13698,-0.0046305,-0.076092,0.013538,0.012894,-7.8491e-05,0.044457,0.014153,0.10803,-0.0069004,-0.12766,0.046233,0.025074,-0.015826,0.08033,0.088271,-0.070614,0.056142,-0.0088186,-0.079456,0.029601,-0.20257,-0.013428,0.056071,0.18652,0.062898,0.13552,0.052843,0.058905,-0.064103,0.05605,-0.0034458,0.019534,-0.21771,-0.20697,0.10158,0.065926,0.062597,-0.039468,-0.040162,0.11581,0.078656,-0.10252,-0.0052051,-0.092216,-0.055437,0.02288,-0.0065624,0.011971,-0.00034979,-0.018208,-0.059021,-0.052239,-0.21994,0.035385,-0.20974,0.17718,-0.06463,-0.11128,-0.01605,-0.011038,-0.037379,0.03087,0.070941,-0.0040696,-0.039203,0.10557,-0.013209,-0.072731,0.038731,-0.067639,0.14206,-0.059461,0.0024299,0.13104,0.093832,0.058296,-0.054676,-0.050838,-0.084183,0.042119,0.057244,0.060121,-0.075315,0.040497,-0.17429,-0.027591,0.060072,-0.028646
-0.0030554,-0.15968,0.070857,-0.10174,0.022251,-0.059582,-0.078144,-0.07383,0.079699,-0.032882,-0.195,-0.025765,-0.0051264,0.1511,0.016587,0.13317,-0.09096,-0.12129,-0.082457,0.048953,0.093049,-0.13755,-0.083128,0.081328,0.11567,-0.039393,-0.1178,-0.12447,-0.030468,-0.061429,0.082008,0.1475,0.14003,-0.08051,-0.047517,0.13833,-0.16661,0.13569,0.073513,0.089508,-0.10856,0.01477,-0.021586,-0.098319,0.10371,-0.11378,0.10276,-0.15407,0.049684,-0.062482,0.034124,0.033244,-0.093856,-0.11229,0.14707,-0.0057984,0.12059,0.11951,0.029262,0.12304,-0.075918,0.14191,-0.0077432,-0.17293,0.020572,0.0072076,0.0004075,-0.051959,-0.14416,-0.046597,0.044465,0.049699,0.018791,-0.085187,-0.052417,-0.066922,-0.028996,-0.060534,-0.088337,-0.18099,0.042152,0.00051933,0.022158,0.036639,0.031,0.0085817,-0.14202,0.0077119,0.099476,-0.079986,0.018346,-0.041065,-0.019694,0.040078,-0.013095,0.16375,0.16561,0.013059,0.030552,0.18127
0.051698,0.10572,0.027411,-0.0065533,-0.083588,-0.10665,-0.21714,-0.059823,0.0060827,-0.045809,-0.19219,-0.016337,-0.15676,-0.014089,0.1191,-0.076002,-0.11371,-0.13692,-0.10216,0.079867,-0.054056,-0.016439,0.17003,-0.069344,-0.09657,0.035983,0.1332,-0.010063,0.027531,-0.12581,-0.041069,0.26166,0.091242,-0.052387,-0.0070807,-0.021868,-0.063985,0.0696,0.1629,-0.10804,0.0827,0.13847,-0.054174,0.062262,0.054481,-0.085868,-0.11171,-0.13963,0.048296,-0.032234,0.0047563,0.092842,0.12647,0.07448,-0.13169,-0.060076,0.00029605,-0.10931,-0.15574,-0.15849,-0.06554,-0.13787,0.13463,-0.10699,-0.051807,0.0015428,0.11848,-0.01633,0.062869,0.075859,-0.097276,-0.0023216,-0.0057239,0.037395,-0.042685,-0.066041,0.049984,0.077217,-0.16374,-0.10979,0.044589,-0.04465,-0.11698,-0.037346,-0.054383,-0.16395,0.14794,0.044786,0.047923,0.13826,0.18504,-0.11214,-0.053097,0.027134,0.12453,-0.090729,-0.030893,-0.071506,-0.022396,-0.059916
0.15847,0.2066,0.099509,-0.055615,0.017915,0.10761,-0.082389,0.00096902,-0.0084488,0.17203,-0.17596,-0.04113,-0.14713,-0.049058,-0.11592,-0.12665,0.14553,-0.13662,0.19413,-0.11227,0.19105,0.0045634,-0.037767,0.12001,0.15844,-0.15774,-0.15528,-0.04768,-0.086737,-0.064041,-0.053045,0.2384,-0.060396,-0.21972,-0.023826,-0.18639,-0.0083761,-0.15166,-0.26724,-0.075054,-0.0013802,0.13669,0.00016377,-0.19754,-0.0013334,-0.0085145,-0.087762,-0.090175,0.059545,-0.12688,0.010899,0.16288,-0.010295,-0.091437,0.033831,0.059072,-0.023044,-0.17199,0.037385,0.10028,-0.015212,-0.089965,0.21549,0.08861,-0.073307,0.22122,-0.10999,-0.027898,-0.07952,-0.037469,0.0062088,-0.12981,-0.091472,-0.0051057,-0.012406,-0.030203,-0.013133,0.022825,0.021235,0.02798,0.079275,0.035205,-0.020241,-0.16178,-0.021786,-0.023656,-0.0022786,0.18968,0.10172,-0.013375,-0.059387,-0.13992,-0.02327,-0.18891,0.018497,-0.074383,0.050408,-0.1407,-0.047521,0.043435
0.067796,0.048974,0.072776,0.022231,0.18191,0.031708,-0.065494,-0.0051962,0.10402,0.075079,-0.029546,-0.094624,-0.057752,0.04821,-0.081797,0.032726,-0.083261,0.02532,-0.060383,0.025601,0.13423,0.0048434,0.11798,0.10678,0.043217,0.11832,-0.088032,0.051519,0.067493,0.19942,-0.016373,0.07305,-0.022868,0.02599,0.12503,-0.18333,-0.11312,-0.022204,-0.095234,-0.030188,-0.054465,-0.098977,-0.0094964,-0.018727,0.055089,0.1125,0.17299,0.19942,0.012145,0.0846,-0.21405,-0.069291,-0.05971,-0.032094,-0.072882,0.036713,0.23141,0.091964,-0.026188,-0.029517,0.10707,0.024391,0.12265,0.083079,-0.051647,-0.37105,-0.026077,0.14551,-0.081157,-0.061749,0.061603,-0.22806,-0.061445,0.066842,-0.10131,-0.092512,-0.07452,0.07065,0.099507,0.32816,-0.045543,-0.039244,0.14342,0.029113,-0.032493,-0.030307,0.3587,0.053966,0.052338,0.079588,-0.048624,-0.064408,0.049834,-0.039912,0.0096477,-0.12371,-0.24967,-0.20009,0.07267,-0.036418
-0.12157,0.061317,0.059554,0.22695,0.068984,-0.063055,-0.028306,0.0077412,-0.14313,-0.0022383,-0.12275,0.022329,-0.165,-0.090142,0.14143,0.0040261,-0.027693,0.13749,0.1302,0.0076074,0.13604,-0.1501,-0.14637,0.041318,0.038274,-0.08261,0.14755,0.018121,0.032311,0.070708,-0.16176,-0.02645,-0.066059,0.034138,-0.092177,-0.12693,-0.0082505,0.012484,-0.04188,-0.16959,0.013542,-0.0061508,0.023445,0.098678,0.017076,-0.026535,0.033826,-0.017883,-0.045994,0.1611,-0.010833,-0.05866,-0.022196,0.0146,0.24325,-0.00080708,-0.18209,0.01459,0.0057539,0.15924,-0.15723,-0.087891,-0.0092244,-0.00043949,-0.11084,0.041527,0.063876,0.099262,-0.0061916,0.080505,0.05286,-0.051411,-0.081676,-0.019527,0.061988,0.049434,-0.14784,0.20291,-0.0003773,-0.028499,-0.082149,0.023859,-0.11774,-0.05624,0.061804,0.19378,-0.02745,-0.13315,-0.15916,-0.12923,-0.016834,0.045699,0.078013,-0.095609,-0.0016768,0.029592,-0.050201,0.014755,0.039113,0.012982
0.076339,0.12294,-0.069069,0.023408,-0.026647,0.094715,0.12981,-0.038949,-0.126,0.087091,-0.061525,-0.11301,0.001575,0.063825,0.083299,-0.059062,0.0732,0.052576,-0.020911,0.05086,-0.083889,0.12355,0.028892,0.079305,-0.012608,0.15711,0.16827,-0.11373,-0.17695,0.077772,0.14482,0.027467,-0.18828,-0.011146,-0.028092,0.059925,-0.13212,-0.013759,-0.22595,-0.1245,0.017364,0.091094,0.09693,0.028204,0.19156,-0.12922,0.068598,0.0099668,0.00057428,0.019048,0.16429,-0.0096425,0.042369,-0.11131,0.061709,-0.14473,0.10068,-0.26679,0.13321,0.14597,-0.13591,-0.012772,0.014257,0.19859,-0.074692,0.014876,0.0060739,0.012614,0.061611,-0.030297,-0.047851,0.17793,0.086527,-0.084075,0.025003,-0.018827,0.035795,-0.0063837,0.094643,-0.021075,0.020401,0.084659,-0.00016248,-0.097365,-0.077441,-0.053904,0.051657,0.036197,0.020648,-0.20337,-0.10998,-0.073388,0.1966,-0.10334,0.036961,0.0063103,-0.035464,0.057489,0.093066,-0.079078
0.12039,-0.063653,0.0017112,-0.095809,0.065289,0.13881,-0.055298,0.13593,-0.094775,-0.11634,-0.050863,-0.0698,-0.075879,-0.051927,0.15173,0.048238,-0.0027845,-0.10486,0.011119,0.0045901,-0.039462,-0.1166,-0.11225,0.025887,0.089905,0.20133,-0.20124,-0.13313,-0.056536,-0.10724,-0.013915,-0.05479,0.099819,0.13526,0.10772,0.09192,0.16127,-0.0009087,0.054343,-0.057437,-0.076055,0.098018,0.022361,0.0092763,-0.10566,-0.13158,-0.058167,0.079329,-0.027419,0.063565,-0.18209,0.00082441,0.044784,0.14872,0.018443,0.052267,-0.13848,-0.27941,0.038392,0.024962,-0.0026805,-0.055275,0.064715,0.13218,-0.0092845,0.065083,0.10298,-0.10604,0.042058,-0.014781,-0.072058,0.2097,-0.030745,-0.078258,0.09542,-0.023479,-0.20285,0.075494,0.20781,-0.13328,0.20421,0.012619,0.15781,0.018506,-0.01713,-0.066282,-0.075688,-0.039119,-0.043987,0.14676,0.12023,-0.090491,0.1435,0.028953,-0.097783,-0.042621,-0.036221,0.048352,0.084219,0.0070996
-0.0012858,-0.062265,-0.025259,-0.11329,0.058654,-0.024667,-0.14559,-0.031785,0.013968,-0.051316,0.088941,-0.17314,0.0047281,-0.046492,-0.25036,-0.040543,0.031237,0.034505,0.22082,-0.029318,0.012465,-0.06169,0.12421,-0.067009,-0.079588,-0.07945,0.11089,-0.21148,-0.018971,-0.045053,0.15108,0.021684,-0.10203,-0.023576,-0.058234,0.060955,-0.14276,-0.017173,0.1328,-0.086947,0.041612,-0.037349,-0.022026,-0.14726,-0.040651,0.053127,0.18472,0.084853,0.1996,-0.13115,-0.037906,-0.019102,-0.052817,-0.018271,0.035838,0.10121,-0.026641,0.069715,-0.022149,-0.12691,0.15177,-0.035397,-0.047583,-0.030631,0.20482,-0.073886,0.04955,0.093725,0.14452,0.008824,-0.029445,-0.15572,-0.097458,-0.034614,0.045808,-0.043957,0.018882,-0.043663,-0.046095,-0.028522,0.00091012,0.0050617,0.036015,-0.06675,-0.010965,-0.078903,0.098798,0.016933,0.1191,0.074125,0.035859,0.056887,-0.021994,0.20781,0.11419,-0.07516,-0.062286,0.088981,0.027441,0.13028
0.15579,-0.097352,-0.12877,0.0083572,-0.012294,-0.14092,-0.03718,0.0077254,0.16033,-0.017994,-0.17528,-0.18063,0.10468,0.063976,0.16657,-0.087331,0.012506,-0.068746,0.09126,0.12417,-0.1691,0.10633,-0.0095779,-0.063242,0.13792,0.044221,-0.081502,-0.062109,-0.032772,0.04185,0.16078,0.062881,0.22044,-0.0547,0.020231,-0.0076511,0.032484,0.078616,0.10381,-0.15185,-0.068724,-0.05846,-0.0011309,-0.032028,0.021565,-0.037442,-0.017616,-0.024324,-0.079578,0.029332,0.085064,0.054266,0.15697,0.022862,0.056259,0.090768,-0.14098,0.051627,-0.042894,0.094248,-0.081315,-0.07092,-0.11629,-0.12592,0.19019,-0.064808,-0.087154,0.055471,-0.10534,0.17241,0.013461,0.03897,0.041451,-0.079451,-0.0082682,-0.017225,0.1055,0.27804,-0.1653,0.068546,-0.11967,0.035892,-0.13751,-0.049832,-0.059082,0.15558,-0.13983,0.18995,0.028481,-0.022122,-0.034033,-0.06068,0.022455,-0.097993,0.13097,-0.20029,0.056829,0.055964,0.02832,0.15413
-0.024845,-0.10389,-0.11827,-0.12881,-0.049631,0.057402,-0.035552,0.081978,-0.28588,0.0089279,-0.048089,-0.037358,0.063044,-0.013162,-0.14598,-0.072969,-0.072284,0.075887,-0.13716,0.051059,-0.23824,0.013478,-0.14757,0.0070032,-0.23033,-0.11273,0.044788,0.060865,0.094908,0.061602,0.051158,-0.031962,-0.022616,-0.19567,-0.048174,0.054828,0.040518,0.021196,0.089843,-0.010305,-0.26716,-0.098025,0.0069446,0.022261,-0.16029,-0.11672,0.11158,-0.036202,0.0070175,-0.1235,0.034264,-0.023501,0.019721,0.029973,-0.016658,-0.14666,-0.038156,0.10514,0.075378,-0.30249,0.12501,0.16035,0.1738,-0.071911,0.033899,0.10517,-0.082063,-0.069894,0.0036079,-0.035493,-0.0484,0.088465,0.08978,0.071361,-0.030414,-0.013676,-0.073869,0.073025,-0.19565,0.036724,0.04437,0.085127,-0.012024,0.058456,-0.079287,0.27012,0.12061,0.022182,-0.055954,0.13012,-0.10035,-0.153,0.20026,0.1215,0.09354,0.12269,-0.12726,0.044788,-0.03805,-0.033668
-0.055031,-0.074439,0.11498,0.18715,-0.074681,-0.11515,0.10254,0.19147,0.025096,0.060149,-0.1139,-0.097426,0.17537,0.020046,0.030146,-0.21199,-0.11032,-0.025428,-0.17539,-0.19285,-0.0033535,-0.027261,0.13741,-0.015546,-0.0001326,0.050432,0.068168,-0.016745,0.061169,0.061749,0.011266,0.010618,-0.084119,-0.056412,0.045429,-0.065807,0.0060046,-0.10128,3.5909e-05,0.0024227,0.097425,0.25834,-0.031324,-0.083023,-0.096939,0.14053,0.094286,-0.049419,0.10153,-0.11259,-0.017649,-0.0073191,-0.097149,-0.014593,0.040274,0.10874,-0.079262,-0.067136,-0.16379,-0.039135,-0.056051,-0.21732,-0.097235,0.0080841,-0.03655,0.011662,0.16854,0.091312,-0.0992,0.052249,-0.074561,-0.12185,-0.036176,0.037569,0.15186,-0.10031,0.026098,-0.084999,0.023836,-0.037701,0.23527,-0.14693,0.037918,0.047083,-0.0064476,-0.020955,-0.063883,0.016274,-0.030761,-0.030308,0.10808,-0.038215,-0.023534,-0.079025,0.063189,-0.19235,0.00066262,-0.20365,0.063414,0.018227
0.055981,0.16274,-0.096957,-0.068896,-0.11481,-0.07955,-0.2088,0.062686,0.020119,-0.19219,-0.021348,0.027911,0.13238,-0.17473,0.073538,0.032081,-0.035464,0.06761,0.090772,-0.070857,0.038044,-0.13219,0.021096,-0.048314,-0.095158,0.046545,-0.016931,-0.049226,-0.067208,-0.077851,-0.057416,0.13546,0.021524,0.06012,0.10353,-0.094427,-0.16612,-0.17092,0.024386,0.0051367,0.012396,-0.03155,-0.15024,-0.047524,0.0048603,0.07191,-0.19125,0.073377,0.14311,-0.15758,0.069787,-0.13657,-0.16164,-0.079214,-0.026848,-0.19485,0.026621,-0.10239,0.015867,0.019861,0.12667,0.2448,0.047033,0.068915,-0.08002,0.070006,0.08642,-0.11538,-0.083484,0.034239,-0.14398,0.020992,0.0066145,-0.049092,0.056119,0.15512,-0.073217,0.12362,-0.059258,0.12513,-0.10234,-0.07477,-0.24837,0.017898,-0.052729,0.032098,-0.043214,-0.031441,0.028471,0.022993,-0.28277,-0.036594,0.017742,0.20663,0.14848,0.076654,0.14205,-0.038167,-0.12387,-0.0084499
-0.03558,0.046805,-0.056016,-0.11135,0.066714,-0.021206,0.071709,0.068328,-0.0041987,-0.15948,-0.14429,0.15388,0.12898,-0.045346,-0.020494,-0.0088034,-0.017474,-0.051396,-0.092292,0.017486,-0.049849,0.047641,-0.18041,-0.043604,0.07037,0.06847,-0.056331,-0.11908,-0.03968,0.032267,-0.12496,0.095421,0.010568,0.097478,-0.097598,-0.19074,-0.097255,-0.049057,-0.17107,0.0077115,-0.022781,-0.089342,-0.081281,0.06729,-0.086191,0.19298,-0.015913,-0.12307,-0.031307,0.026831,-0.011092,-0.061404,0.054397,0.20147,0.03311,-0.014909,0.15957,-0.035164,0.038239,-0.14069,-0.0060576,0.014865,-0.047371,-0.0057569,-0.19799,0.11475,0.065684,-0.037946,-0.051027,0.0093857,-0.039188,-0.082645,0.11349,-0.062488,-0.050408,0.1259,-0.12808,-0.16427,0.076557,0.047588,-0.022781,-0.07194,0.051856,0.044782,-0.072709,0.027927,-0.14838,-0.019754,0.091285,-0.045335,0.04815,-0.008912,0.026014,-0.17462,0.16117,0.17924,-0.068457,0.0017851,0.036127,0.016686
0.019547,-0.013552,-0.027339,0.090514,0.10472,-0.049299,-0.091461,-0.19745,0.18805,0.10546,0.050625,0.05242,0.049089,-0.10966,0.10347,-0.23633,0.14279,-0.054382,-0.18205,0.0061735,0.16576,0.023706,0.11721,-0.21149,-0.071478,0.11887,-0.023823,-0.11123,-0.094832,-0.031082,-0.085412,0.0047498,0.040988,-0.050405,-0.055353,-0.01836,0.069785,-0.03822,-0.051484,-0.011967,0.034425,-0.030095,0.006402,0.063361,0.057694,-0.091247,0.025734,-0.097336,-0.008464,-0.18185,0.22359,-0.018892,-0.021165,-0.064355,0.034003,-0.13716,-0.14863,-0.060317,-0.085974,-0.061398,0.15263,-0.020956,-0.070211,0.1748,0.079323,0.1277,0.068369,0.016506,-0.17414,0.093506,0.0073063,0.14756,0.020596,0.1151,-0.024516,-0.10141,-0.002408,0.010786,-0.057975,-0.094553,0.060912,-0.091025,-0.083496,-0.068888,0.00078284,0.040213,-0.039823,0.098681,-0.15069,0.024364,-0.056802,-0.022786,-0.18228,-0.023115,-0.078116,0.056051,-0.19019,0.070175,0.1286,0.075583
0.15899,-0.010325,0.11075,-0.17624,0.21421,0.046516,-0.002226,0.11531,0.061235,-0.011148,-0.045189,-0.092244,0.038724,-0.16826,0.12636,0.044214,0.1132,-0.044848,0.020715,0.0252,-0.085508,0.0543,-0.047022,0.087909,0.149,-0.10307,-0.13261,0.052567,-0.10657,-0.017127,-0.072311,0.0039188,0.13626,0.17962,0.17734,-0.054406,-0.035903,0.0082699,-0.015886,0.0032032,0.014244,0.0053046,-0.062568,-0.081511,-0.11635,0.17092,-0.12304,0.01156,-0.20136,0.13671,0.067711,-0.24845,0.095517,-0.10328,0.0049221,-0.11243,0.15507,0.0066415,-0.068388,0.1722,-0.14813,-0.014053,0.034805,0.032016,-0.045084,0.043518,-0.00013713,-0.011249,0.30984,-0.04082,0.11098,0.0090547,-0.099622,0.031531,-0.045277,0.016278,0.13277,-0.10892,-0.18693,-0.082083,-0.13961,0.040195,0.075405,0.093166,-0.040086,0.12021,0.03658,-0.0018964,0.013371,0.067807,0.09828,-0.08192,-0.031224,-0.040179,0.29944,-0.020712,-0.014172,0.034361,-0.12594,0.055948
-0.044999,0.19547,-0.071758,-0.091983,0.0034545,0.13655,0.02638,0.078616,0.065467,-0.045556,0.03381,0.039492,-0.14572,0.10957,-0.14546,-0.022647,0.0078961,-0.025535,5.3059e-05,0.31801,-0.011064,-0.17249,-0.10461,0.0011085,0.091116,-0.2504,0.049544,0.070773,-0.021147,0.016419,0.064574,0.083033,-0.01595,0.029657,0.08198,-0.040672,-0.26794,-0.018159,0.029813,0.064417,-0.1561,0.0047585,0.11968,0.039562,-0.18162,-0.11562,-0.10811,0.034611,0.071994,0.14449,0.25887,0.0159,-0.01173,-0.098634,0.0061767,0.097118,-0.19147,0.13053,0.073141,-0.21336,0.13529,0.14607,0.040271,-0.0081903,-0.016097,0.3091,0.065443,0.026694,-0.028522,-0.030545,-0.17755,0.19681,0.015484,-0.21025,-0.12697,0.069571,-0.045679,-0.12273,-0.0080761,-0.1097,0.058006,0.15441,-0.2235,-0.10164,-0.04833,0.14969,0.015009,0.075028,0.031138,0.16955,0.068735,-0.04391,-0.0058916,-0.067917,-0.092132,0.15807,0.1563,0.23303,0.11576,-0.042397
0.12073,0.073172,0.058628,-0.10448,-0.12118,0.09289,0.063968,0.15707,-0.045025,-0.034545,0.13686,-0.065635,-0.016495,0.010422,0.12545,0.046577,0.055238,-0.048236,0.0026899,-0.03026,0.061256,-0.12814,-0.0071248,0.061563,0.16137,-0.013376,0.054491,0.044223,-0.0023221,0.099809,-0.037685,0.19635,0.25377,-0.07138,-0.024436,0.14353,-0.01895,-0.093742,0.007974,0.13109,-0.13524,-0.18444,0.15983,0.018442,0.047027,-0.095646,0.069456,-0.12447,0.032019,-0.0099491,0.07635,-0.011739,0.16657,-0.021325,0.06269,-0.0696,0.034103,-0.254,-0.0097751,0.10793,-0.10518,0.017173,-0.042473,-0.18576,-0.26619,0.067237,0.0096606,0.041319,0.04102,-0.15764,-0.0088399,0.15236,-0.018038,0.027157,0.080456,0.028992,-0.06919,0.014241,-0.16123,-0.099181,-0.019816,0.0016623,-0.056544,0.094973,0.012116,0.020341,-0.058588,-0.016364,0.21356,0.15834,0.046475,-0.16361,0.065948,-0.067941,-0.09107,-0.1247,-0.11729,-0.16343,0.044157,0.011225
-0.17788,0.23784,0.11216,0.010995,0.066057,-0.074877,0.28367,0.023657,0.11461,-0.061352,-0.1661,0.055902,0.1672,-0.033627,0.058059,0.019235,-0.061035,0.013514,0.011673,0.0025414,0.18128,0.022862,0.11909,0.22868,-0.10184,0.00531,0.024685,0.017137,-0.062504,0.03748,-0.094774,0.054713,-0.0023721,-0.041706,0.095787,0.10298,0.053776,-0.036369,0.054889,0.024741,-0.040846,0.12326,-0.27895,0.15472,0.085412,0.042344,-0.1286,0.070151,0.037771,0.067276,0.013898,-0.12924,0.010551,0.058273,0.062109,0.18722,0.081024,-0.10109,0.054605,-0.1797,0.058768,0.029567,-0.092349,0.038624,0.026672,0.041254,-0.098007,0.11183,0.15861,0.097297,-0.080275,-0.26032,-0.11487,-0.0066135,0.080687,-0.040875,0.049752,-0.13097,0.17117,-0.035595,-0.015373,-0.081863,-0.09474,0.12548,0.088154,0.051046,-0.012224,0.08071,0.1303,-0.16632,-0.059726,0.07752,0.1138,-0.1382,0.01558,-0.091635,0.10321,0.018754,-0.17809,0.041436
-0.0021556,-0.028365,-0.09287,-0.028375,0.053517,0.020288,-0.036414,-0.035229,0.075269,0.013923,-0.073512,-0.077444,0.04703,0.14322,0.054707,-0.047819,-0.049029,0.065112,0.13233,-0.081377,0.050337,-0.038993,0.13771,0.074579,-0.10896,-0.065986,0.028071,0.082514,0.10094,0.06412,0.023217,-0.14363,-0.053657,0.10903,-0.084696,-0.13304,-0.035148,0.050204,0.042871,0.17342,0.052212,-0.041389,-0.055873,0.091556,0.1036,-0.017196,-0.072447,-0.17088,-0.042648,0.16512,-0.1143,-0.047225,0.17314,-0.018416,-0.099576,-0.084267,0.015365,-0.05905,0.001119,0.010186,-0.098432,0.34346,0.055246,0.013701,-0.10785,-0.15021,-0.059117,-0.0066482,-0.13051,0.04917,0.061303,-0.058386,0.057345,0.057214,-0.061961,-0.10584,-0.0063268,-0.0025127,-0.11478,0.079541,0.027913,0.037774,-0.036713,-0.022446,0.069048,0.022111,0.19354,-0.080371,0.043198,0.050374,-0.05266,0.0011645,-0.055376,0.088652,0.077994,0.075682,-0.09391,-0.073722,-0.033733,-0.2282
-0.11447,-0.084945,0.017549,-0.063619,0.1295,0.0090349,-0.077181,0.11366,0.0024994,0.03087,-0.084142,0.022133,0.0012059,-0.15606,-0.027802,0.16026,0.020437,-0.25168,-0.046188,-0.074908,0.059858,-0.0016515,-0.046739,-0.066838,0.038111,0.071097,-0.10455,0.016333,0.046401,0.095333,-0.078513,0.068424,-0.10297,-0.051388,0.087736,0.20731,-0.046998,0.044317,0.010846,-0.084943,0.16384,0.1292,0.019214,-0.05587,-0.12334,0.19245,-0.022257,-0.067957,-0.060684,-0.1375,-0.15565,0.0029054,-0.02911,0.077051,0.0022162,-0.010377,0.023725,-0.069805,0.023935,0.21224,-0.06951,-0.024835,-0.0062392,-0.1525,0.040006,0.098231,0.041945,0.17669,-0.011282,0.10017,-0.13566,0.052211,0.038097,0.094325,-0.078372,-0.096832,-0.04569,-0.17547,-0.14297,0.02079,-0.070081,0.11008,0.16541,0.18006,-0.039818,-0.053632,0.23409,-0.2744,0.076265,0.01585,-0.18114,-0.059161,0.028319,-0.055225,-0.012883,0.11585,0.13239,-0.12877,0.063366,0.091875
0.20096,-0.0059214,0.11318,-0.051008,-0.11121,0.080223,0.04885,0.014938,-0.0052537,0.06328,0.07032,-0.077662,0.052667,-0.067065,0.028406,0.016025,0.045636,0.058364,0.20562,-0.14405,0.10687,0.016882,-0.075613,0.033828,-0.075085,-0.008426,0.081498,0.053815,0.0087477,-0.24958,-0.047121,-0.093208,-0.027245,-0.0573,-0.12195,-0.011629,0.08612,0.1286,0.0054523,-0.14941,-0.14575,0.14754,0.078043,-0.079946,0.046551,-0.12382,0.086633,0.025448,-0.036787,0.18851,-0.021895,0.14995,-0.032899,0.12584,-0.08715,-0.20225,-0.075964,-0.045068,0.027178,-0.12999,0.17141,-0.1653,-0.082524,0.04573,-0.045973,-0.042751,-0.021853,0.044213,-0.029663,0.097796,0.11913,0.059829,0.11719,0.082877,0.20186,-0.13569,0.0072154,-0.18295,0.0062586,0.081131,-0.064911,-0.13931,-0.1274,-0.0045291,-0.065718,0.043372,0.11401,-0.053902,-0.025595,-0.029041,0.038424,-0.13682,0.069684,-0.051105,-0.048626,0.13908,0.10318,0.032516,-0.085299,0.057141
-0.07433,-0.20188,0.0021897,-0.061752,-0.042999,-0.018226,-0.059416,0.05231,0.061288,0.11868,-0.13139,0.05838,-0.031227,-0.17544,0.066451,-0.050218,-0.13318,-0.12535,0.17828,0.070074,0.13047,0.055666,-0.16502,0.023009,-0.06882,-0.0012147,0.051703,-0.14224,-0.045879,0.12128,-0.0061274,-0.03731,0.052016,0.023425,0.13132,0.15623,0.028112,-0.11577,0.020641,-0.060945,0.14156,0.022874,0.018766,-0.063432,0.066766,0.083315,-0.018331,0.10921,0.10749,-0.019071,-0.14781,-0.015727,-0.07636,-0.107,0.11727,-0.11022,-0.046762,-0.0040818,0.14774,-0.00028205,0.12727,-0.091011,0.082874,0.024745,0.012467,-0.070226,-0.10141,0.10322,0.068904,0.020254,0.025712,-0.20428,0.032627,0.059688,-0.0066525,-0.013361,-0.21822,-0.013852,0.063285,-0.21863,-0.072584,-0.095399,-0.21044,-0.11314,-0.18484,0.084448,-0.084834,0.17643,0.08543,0.14549,-0.004887,-0.23414,0.012861,-0.15065,0.0067204,-0.089227,0.23045,0.039681,-0.23619,-0.082135
0.043636,-0.05403,-0.069524,0.050649,0.10841,0.061879,0.043952,0.058911,0.02563,-0.044589,0.076361,0.12966,0.11547,-0.12582,0.052617,-0.020803,-0.26707,-0.18027,0.028351,-0.031469,-0.007953,0.062014,-0.0055526,-0.023867,-0.03593,-0.057194,0.069389,-0.060993,-0.099811,-0.027077,-0.041614,0.021133,0.14671,-0.06636,0.040215,0.0043846,0.12195,0.084878,0.067066,0.037195,-0.065286,0.036472,-0.071204,0.14415,-0.23627,0.023015,-0.11214,0.038623,0.052505,0.049608,0.029385,-0.021074,-0.083157,-0.15584,0.025321,0.12502,-0.25492,0.044296,-0.04268,-0.082201,-0.13291,0.0055859,-0.045959,-0.21069,0.1741,0.10635,-0.011802,-0.054921,-0.1207,-0.052249,-0.10056,0.17857,-0.039496,-0.014825,0.080274,-0.10243,0.1823,-0.068917,-0.027803,-0.090471,0.013105,-0.012833,-0.051918,-0.026574,0.006015,-0.16478,-0.10096,0.073426,-0.087891,-0.029328,-0.095946,0.054989,-0.0079142,-0.019206,0.03331,0.075198,-0.027403,-0.13513,0.13586,-0.11349
0.10551,-0.026705,-0.18401,-0.030271,0.19825,0.0015006,0.017558,0.08114,-0.015447,-0.04495,-0.0347,-0.15229,0.10659,0.14052,0.031597,-0.00053152,-0.13207,0.1172,-0.21763,-0.13545,0.093043,-0.030185,0.044315,-0.15211,-0.14337,0.071559,0.014479,0.12882,0.030227,-0.12124,-0.028751,0.13676,0.063767,0.032862,0.17322,-0.25592,0.1478,0.033194,0.18106,-0.09416,-0.098569,0.2139,-0.068303,0.028236,0.044156,-0.10242,-0.14045,-0.10638,0.084044,-0.096702,-0.086601,0.060033,-0.068218,0.01881,-0.0031408,0.18058,0.07295,0.017042,-0.081337,-0.089587,0.013855,0.21833,-0.12695,0.038059,-0.029087,0.057726,0.0058827,-0.028673,-0.044888,-0.089931,-0.051433,0.079043,-0.080821,-0.036481,-0.035351,-0.044685,0.04707,0.033809,-0.002773,0.027504,-0.042108,-0.021869,-0.12601,-0.0043156,-0.16264,0.00093853,-0.016704,0.078646,0.10799,0.12566,0.030063,-0.10828,0.0008321,-0.10603,0.03448,-0.089361,-0.0045805,-0.020176,0.20115,0.19876
0.027574,0.15356,0.23895,0.059259,0.024251,0.14744,0.10533,0.012425,0.065847,-0.074387,0.20007,-0.020863,-0.11893,0.22493,-0.12892,-0.10486,-0.16109,0.10444,-0.0083137,-0.097194,0.080014,-0.080424,0.10131,-0.015048,-0.11683,-0.0019246,0.068606,0.036669,-0.061887,-0.056843,0.16611,0.017636,0.15556,0.024799,-0.085882,-0.19555,0.20578,-0.097663,-0.21869,0.042653,0.15717,-0.037591,0.09108,0.045269,-0.14548,0.25548,-0.042036,-0.032485,0.058858,0.22233,-0.036499,0.049602,0.0090104,0.11879,-0.19929,-0.12891,-0.0029358,-0.083917,0.050613,-0.26887,0.20195,0.018157,0.17965,0.015966,0.11599,0.069945,-0.251,0.068259,0.07499,0.2066,0.03866,0.12828,-0.064101,-0.081265,-0.16252,0.069692,-0.022812,-0.053363,0.029331,-0.1368,0.16679,0.19008,-0.0048707,0.008236,-0.12605,0.11633,0.060288,-0.069231,0.049654,0.022805,-0.018372,-0.0085904,-0.01685,-0.018757,-0.029555,0.14291,0.13266,0.010656,0.076824,-0.059163
0.01209,-0.084755,-0.10531,0.072322,-0.034704,0.023235,-0.17143,0.0040239,0.080999,-0.035628,0.11904,0.081874,-0.0081643,0.15121,-0.17476,0.1599,-0.083675,0.02026,-0.0083029,-0.12665,0.098223,-0.14483,0.079828,0.056153,0.075546,0.044677,0.061271,0.10604,0.11183,-0.16721,-0.17232,4.9011e-05,-0.039836,-0.085192,-0.056409,0.12333,0.059293,0.052006,-0.032176,-0.021068,0.032363,0.0079778,0.12265,0.069018,0.005256,-0.096961,0.043768,0.12967,0.047061,0.091201,0.086245,-0.15929,-0.084599,0.0078967,0.011,-0.1296,0.0066619,0.047395,0.015991,0.056096,-0.21753,-0.084304,-0.041906,-0.10279,0.012878,0.19111,0.048275,-0.0041375,0.066547,-0.035958,-0.029256,0.061758,0.0039007,0.10288,0.084372,0.14249,-0.13818,-0.015234,-0.050194,0.18414,0.024481,-0.059782,0.10189,-0.096196,-0.091561,0.017737,-0.092147,-0.11776,0.05691,-0.069214,-0.26156,0.058359,-0.21241,0.017023,-0.13131,0.13252,0.031654,-0.08279,0.077851,-0.0071734
-0.078904,0.090461,-0.029484,-0.091203,0.23265,-0.044233,-0.045309,0.02051,0.11862,0.19252,0.079716,0.039156,0.12003,0.074937,-0.076027,0.011059,0.097131,-0.016234,-0.12902,0.19028,-0.064162,0.09998,-0.04641,0.1159,-0.042335,-0.022594,0.082091,-0.14502,0.059736,-0.049192,0.040431,0.13062,0.052806,-0.045379,-0.038787,0.070246,-0.12389,0.090447,-0.25045,-0.063034,0.082844,-0.04216,0.010349,-0.016397,-0.1132,-0.01359,0.13976,-0.072272,0.19116,-0.079775,-0.12528,0.038246,0.096346,-0.024552,-0.064076,0.16752,0.014438,0.092698,-0.0016153,0.15589,0.087202,-0.0099644,0.00040489,-0.0092485,0.0539,-0.037427,0.06236,0.11581,0.058488,0.098493,-0.15534,-0.02213,0.084689,-0.0080741,0.018316,-0.068731,-0.26778,-0.21477,0.14903,-0.0093317,-0.01568,0.085015,-0.087376,-0.12092,0.077623,-0.032338,0.038093,-0.0031519,0.083199,-0.023778,-0.006978,-0.15031,-0.069937,0.20429,0.048672,-0.29401,0.14782,0.062069,-0.035693,-0.010525
0.047334,0.030375,0.058976,-0.034958,-0.21526,0.096991,-0.11528,0.14202,-0.049382,0.068139,0.071818,0.018723,0.0045132,-0.14498,0.19557,0.23232,0.036218,-0.23749,0.089375,-0.1348,-0.00095321,0.078183,0.059854,-0.068724,-0.31695,0.029956,0.098132,-0.0083639,0.050714,-0.06909,0.037886,-0.12096,0.10038,0.05256,-0.026258,0.040798,0.065061,-0.052482,0.13405,-0.069333,-0.022487,-0.13417,-0.10487,-0.023602,-0.018583,-0.018882,0.30068,-0.18545,0.091871,-0.01156,0.081057,-0.081114,0.054798,0.017222,-0.0062153,-0.033473,0.071848,-0.10776,0.0073091,-0.064262,0.057627,-0.12514,-0.058901,0.043193,0.0052259,0.044184,-0.19773,0.080829,0.04988,0.057785,0.22635,-0.044908,-0.0090351,-0.18682,0.099615,-0.25952,-0.21862,0.040924,-0.026683,-0.016436,0.15071,-0.23778,0.070956,0.051309,-0.1523,-0.077648,-0.24293,0.014889,-0.017775,0.053767,0.078908,-0.087404,0.00083848,-0.027741,-0.12757,-0.14819,0.16159,0.13503,0.20672,-0.13037
-0.065288,0.015521,0.11568,0.046504,-0.089028,-0.037488,0.20192,0.014492,-0.087208,-0.14572,-0.037957,0.17232,0.27552,0.065038,-0.090112,0.097399,0.0062371,-0.056791,-0.022263,0.052985,-0.04387,-0.096937,-0.090172,-0.026534,-0.098401,-0.009681,0.0051053,-0.11016,-0.22868,-0.059988,-0.076507,-0.033426,0.10613,0.10176,-0.063761,0.04906,-0.028758,-0.016029,-0.014155,-0.039798,0.1166,0.058167,0.10665,-0.079091,0.098877,0.0042611,-0.09681,0.13145,-0.055088,0.041149,-0.017603,-0.15352,-0.17989,0.16803,0.11172,0.18052,-0.16277,-0.19678,-0.18998,0.028953,-0.14614,0.046716,-0.10486,-0.045515,0.0028763,-0.076621,-0.028796,-0.0043264,0.13405,0.061409,0.0062543,-0.29662,-0.20363,0.0028634,-0.020215,0.076959,-0.21359,0.24104,0.14456,0.036325,0.0061612,-0.016454,0.18566,-0.0023351,0.061729,0.063586,-0.23971,0.0098356,0.031766,-0.070417,-0.10013,0.052294,0.040463,-0.24341,-0.00084232,0.003714,0.073586,0.17106,0.088064,-0.10212
0.0010442,-0.026148,0.0029396,-0.19485,-0.098697,-0.016712,0.18301,-0.053153,-0.12651,0.038253,0.011226,0.15584,-0.099055,0.10047,0.054484,0.045913,0.13332,0.08552,0.027505,-0.01951,-0.070754,-0.064288,0.072399,-0.19351,0.018779,0.088072,0.060527,0.034752,-0.041982,0.029348,0.048846,-0.030764,0.083397,0.21961,0.11617,-0.023115,-0.13788,0.10139,0.1272,0.11055,-0.20253,-0.052465,0.0057195,0.061321,-0.038282,0.040053,0.16833,0.15373,0.046672,0.13511,0.043267,-0.0025231,0.016066,0.036288,0.047215,-0.021959,-0.18466,-0.19014,0.0097317,0.05172,0.17626,0.02871,0.15393,-0.067131,0.0051306,-0.028943,0.12569,-0.087518,-0.15154,-0.10827,0.036299,-0.02636,0.01823,-0.018807,-0.11079,-0.015317,0.1304,0.10063,0.066784,0.060946,-0.099683,-0.10299,0.010896,-0.12338,-0.046849,-0.03389,0.0060308,-0.12928,-0.050156,-0.12813,0.11729,-0.018249,0.0058544,0.0044292,-0.23932,0.0090872,-0.048805,0.075192,-0.0093686,0.0032672
-0.22687,-0.0712,0.022857,-0.05399,0.14373,0.07233,-0.059256,-0.12607,-0.17845,0.054462,-0.0016273,0.16644,0.096917,0.20312,0.096644,0.1256,-0.15008,-0.14767,0.067558,-0.064249,-0.16442,-0.0991,0.030216,0.08685,-0.0035342,0.034685,0.093711,-0.085845,-0.056717,0.030539,-0.034066,-0.12671,0.013867,0.015038,-0.12874,-0.044312,0.038103,-0.015146,-0.0011436,0.074881,0.065067,-0.01465,0.12443,0.006232,-0.13254,0.10433,0.13143,0.11804,-0.031565,-0.13913,0.08716,-0.057752,-0.050775,-0.12795,-0.019726,0.13338,0.048622,-0.1208,-0.054818,-0.065673,-0.0049429,-0.11646,-0.047289,0.12691,0.16925,0.15419,-0.19785,0.0081124,0.0095974,-0.074252,-0.077098,-0.13323,-0.088947,0.10686,-0.027117,-0.084212,0.2148,0.096558,-0.1041,0.061785,-0.14188,-0.038802,-0.0015137,-0.10639,0.10844,0.010512,0.023879,0.002757,0.038173,-0.045596,0.014251,-0.050586,0.12368,-0.024074,0.015005,0.29701,-0.079338,0.24386,0.019649,0.045497
0.098365,-0.1272,-0.062093,0.062572,0.043341,0.073539,-0.13932,0.040137,-0.12271,-0.083955,0.025809,0.038121,0.015738,-0.18573,0.11712,-0.11211,0.041461,0.062887,-0.10611,0.10571,0.014691,0.011765,-0.043632,0.038018,-0.022066,0.071212,-0.10079,-0.13927,-0.11329,-0.019121,-0.14762,-0.00089971,-0.086042,0.0023219,-0.039691,0.11307,-0.070047,0.095967,0.035008,-0.13942,-0.028564,0.081848,-0.023381,-0.14342,0.11636,-0.031898,-0.065234,-0.1861,-0.095014,0.092268,0.018251,0.024209,-0.1184,0.13982,0.11198,-0.084327,0.01755,-0.18414,-0.1239,0.045673,-0.026748,-0.083707,-0.012518,-0.16047,-0.083875,-0.22563,-0.037025,0.022527,-0.056218,-0.029605,-0.033751,-0.02243,-0.017364,0.10537,-0.02358,0.022294,-0.070893,0.11654,-0.037588,-0.088047,-0.086783,0.065584,0.10445,-0.13345,0.021215,-0.048949,-0.051738,-0.060761,-0.0058802,-0.05046,-0.013173,-0.02823,-0.074643,-0.15963,-0.063697,0.12824,-0.10655,-0.055755,0.083082,0.062192
-0.09018,-0.055067,-0.036942,-0.040663,0.098293,-0.082467,0.048402,0.02395,0.0039173,-0.10492,0.0047248,-0.1045,0.10699,0.11822,-0.023522,0.075129,-0.018822,-0.18212,-0.22918,-0.029757,0.095966,-0.060884,-0.047756,0.064236,0.0052984,-0.058008,-0.041908,-0.10359,-0.042532,0.074521,0.0048514,0.15116,-0.11615,0.074824,0.04016,0.0044747,-0.05499,-0.052484,0.3125,-0.13923,0.11547,0.074043,-0.061669,-0.10066,-0.15006,0.044524,0.13608,0.063695,0.052863,0.083789,-0.15768,0.080089,-0.033536,0.046572,0.065023,-0.0097846,0.053366,-0.038432,0.11473,-0.11245,-0.068119,-0.0029696,0.10358,-0.065825,-0.041622,-0.020557,-0.07635,-0.031808,0.059171,-0.034835,0.024897,-0.082413,-0.096672,-0.0036899,-0.024264,0.119,-0.005476,-0.078951,0.063984,0.0033192,0.13165,0.058981,-0.0044832,-0.25441,-0.11127,-0.0012995,0.11114,-0.0033113,-0.00034993,-0.0085973,0.0099675,-0.0085583,0.099969,0.020781,0.15843,0.054352,0.10312,0.11851,-0.073634,-0.1309
0.18778,0.095894,-0.027596,0.11014,0.10235,0.19582,0.00046504,0.050796,-0.19483,0.17253,0.026732,-0.018733,0.097625,-0.078749,0.022315,-0.14768,-0.065061,-0.18804,-0.075978,-0.14203,0.006488,0.029687,0.21932,-0.1286,-0.020541,0.018868,-0.070561,-0.050199,-0.075305,-0.032834,0.060613,0.20951,-0.063302,0.42769,-0.041132,0.025771,-0.045077,0.1107,-0.018771,0.10423,-0.17467,0.036301,0.037386,0.055933,-0.1005,0.059672,-0.055047,0.084828,0.042366,-0.010357,0.061666,-0.049432,-0.19424,0.00859,-0.021096,0.044359,0.089737,0.054398,-0.16652,0.092337,-0.056507,-0.068223,-0.075401,-0.012504,-0.087081,-0.097419,0.17403,-0.010933,-0.047439,-0.10855,0.18764,-0.20551,0.17868,-0.078645,-0.1092,0.076118,0.1148,-0.09295,-0.0069751,-0.13616,-0.06649,0.10847,0.012783,0.012403,0.055956,0.013407,-0.028888,0.14349,0.14994,-0.014954,0.045764,0.0362,0.05906,0.0036862,0.14241,0.075454,-0.032246,0.047383,0.0086255,0.13027
0.020791,0.12783,0.059378,0.025361,-0.11331,0.1116,0.022647,0.28112,-0.079539,-0.14073,0.09105,0.017494,0.12054,-0.02685,0.022665,0.13587,0.04285,0.0058142,-0.04672,0.12991,0.067631,-0.009225,0.10955,-0.15045,0.080212,-0.0033208,-0.023292,-0.10821,-0.13168,0.0775,0.17055,-0.040212,0.0010405,-0.059645,0.12758,0.048559,-0.056447,-0.10089,0.070816,-0.041994,0.091269,0.052815,-0.035278,-0.078239,-0.0092902,-0.14633,-0.025316,-0.091725,-0.016895,0.039134,-0.054581,0.016694,0.095778,0.23508,-0.12747,-0.25846,0.011045,-0.0023379,-0.016448,-0.068097,0.038312,0.064744,-0.036833,-0.053544,0.08987,-0.043337,0.080128,0.096842,0.14987,0.0647,-0.13337,-0.051361,0.08213,-0.082658,-0.068744,-0.10025,-0.030019,-0.13433,0.11511,0.057708,0.18867,0.04595,-0.035381,0.11341,0.068938,-0.17693,0.040091,0.33345,-0.047868,0.0863,0.078285,-0.00065957,0.16764,0.12409,-0.17677,-0.20408,-0.06274,0.20706,0.085777,0.097388
0.15677,-0.0040214,-0.0096059,0.14854,-0.1152,0.10912,-0.043014,0.046856,-0.18367,-0.075106,-0.084664,0.094294,-0.23161,0.059884,-0.12448,-0.00046869,-0.0095046,-0.23305,0.028561,0.029207,0.10062,0.0094799,-0.058534,-0.26752,-0.095974,0.043289,-0.03928,-0.10198,-0.042443,0.079381,0.20666,0.13778,0.12302,-0.20957,0.0082616,0.090594,-0.07037,0.13085,0.0038942,-0.031626,-0.059944,0.13597,-0.070673,-0.098712,0.049836,-0.10784,-0.08472,-0.059391,-0.047726,0.021127,-0.037601,-0.226,-0.080903,0.035776,-0.015244,0.036411,0.090638,-0.16747,0.14203,-0.0039243,-0.026238,-0.073305,-0.10148,0.09169,0.1188,-0.025624,0.01445,0.20918,-0.015493,0.14053,-0.042185,-0.071032,-0.023205,0.19184,0.16957,0.064613,0.10547,-0.1376,0.05885,0.038563,0.02896,0.02905,-0.041968,0.22434,0.11913,-0.032591,-0.055497,-0.0080646,0.074343,-0.021918,0.0038643,-0.028452,0.025848,0.1179,-0.025551,0.14817,-0.22595,-0.014361,-0.15757,-0.094623
0.0080389,0.0019636,-0.085492,-0.13049,-0.13792,-0.18436,-0.077083,0.16755,0.084704,0.0054077,-0.036453,-0.071651,0.12131,-0.033379,0.1173,-0.042315,-0.11739,0.070934,0.025216,0.079797,-0.15483,-0.052559,-0.10556,-0.066468,5.0746e-05,-0.018173,0.069049,0.03432,-0.1109,-0.21897,0.03128,-0.004312,-0.0012353,-0.0047828,-0.011539,0.060415,-0.062879,-0.0011179,-0.064382,0.033036,-0.0089708,0.01044,-0.073545,0.014719,-0.039257,-0.070889,-0.11749,-0.1243,-0.01188,0.0063324,0.10009,0.020345,-0.14935,0.034746,-0.14432,-0.077515,-0.093056,-0.02641,-0.094678,-0.04187,0.094568,-0.009698,0.18491,0.053498,0.052096,0.14756,0.039113,0.075046,-0.032365,0.076771,-0.048466,0.01679,0.016701,0.017654,0.15894,-0.056293,-0.0025688,-0.033826,-0.0024392,-0.025706,0.088328,0.021386,0.11999,-0.18041,0.017259,-0.10933,0.076578,0.20798,0.11518,-0.12614,-0.069768,-0.1134,-0.055046,0.0011577,0.077282,0.013819,0.2162,-0.064338,0.11425,0.016782
0.029523,0.052637,-0.00688,-0.072605,0.1351,-0.030082,0.024394,-0.0039258,-0.058466,-0.076602,0.016354,-0.058234,0.062911,0.056791,-0.035632,0.14393,-0.064263,-0.099615,0.10048,0.063785,-0.066217,-0.010871,-0.090575,-0.22656,-0.1979,0.031175,-0.093809,0.14716,0.0023505,0.01227,0.016063,0.15397,-0.030801,0.28889,-0.053815,0.059558,-0.058166,-0.08638,-0.31206,0.015662,0.00060412,0.1869,-0.023332,-0.072838,0.068086,0.012712,0.052782,-0.094271,0.0092473,0.14779,0.0081053,0.1728,0.0023611,-0.19575,-0.068628,-0.0098487,0.10753,0.045267,-0.060676,0.015264,-0.051034,0.10431,-0.046893,0.0054926,0.14423,-0.18013,0.049677,-0.024025,0.087567,-0.079714,0.10406,0.12225,-0.073047,-0.18532,0.0048849,-0.1366,0.05539,-0.094039,-0.14434,-0.1883,-0.072758,-0.00033461,-0.05971,0.054551,-0.10744,0.23342,0.045842,-0.23075,-0.042981,0.10191,-0.1426,-0.087014,0.15312,0.050192,0.096825,-0.034835,-0.052798,-0.05248,0.084697,-0.072003
-0.25264,0.0098935,-0.10783,0.057131,0.07693,0.0057876,-0.025142,0.010702,0.040321,0.15821,-0.10226,0.088726,0.023467,-0.034615,-0.059576,0.1633,-0.14871,-0.02578,0.12034,0.042039,-0.17303,-0.11318,0.050351,0.25309,0.040604,-0.067184,-0.10315,-0.10825,0.12162,-0.067225,0.30009,-0.0088636,-0.03379,0.18937,0.11019,-0.040389,0.052589,-0.056076,0.080592,0.009556,-0.0032849,0.021417,-0.063468,0.08994,-0.072633,0.092865,-0.060488,0.024447,-0.040153,-0.0038299,-0.080034,-0.24883,0.1113,-0.11346,0.078384,0.034704,0.049684,-0.068338,-0.017283,0.063327,-0.059903,-0.041103,-0.020046,-4.6399e-05,-0.085342,-0.079421,0.06535,0.027577,-0.093205,0.11048,0.0057815,-0.19695,-0.072425,0.010442,-0.15145,-0.031903,-0.02629,0.10603,-0.029942,0.094816,0.00038158,0.063882,0.12382,-0.06327,0.094476,-0.016148,0.2039,-0.12812,0.099146,-0.16795,-0.0123,0.21598,0.013214,-0.002514,0.0066873,0.0042718,-0.1538,-0.01238,0.13558,-0.018668
-0.11217,0.11289,0.16081,-0.029508,0.012211,0.097832,-0.12434,-0.036015,-0.021199,0.02991,-0.10148,0.084177,-0.0073797,-0.083809,0.033704,-0.067141,-0.094311,0.030317,-0.045064,0.058241,-0.054759,0.11362,0.038022,-0.1202,0.06678,0.04167,0.18814,0.14512,0.10773,-0.061053,0.014178,0.045087,-0.044551,0.08922,-0.010051,0.093855,-0.031555,0.02466,0.11121,-0.12339,-0.099653,-0.15324,-0.041216,0.057754,0.036592,0.080355,-0.012859,-0.19106,-0.025959,-0.060713,0.061566,0.13086,-0.15164,-0.071845,-0.12338,-0.14823,0.22367,0.0061849,0.16799,-0.080065,-0.0028021,-0.080699,-0.064014,-0.15204,-0.070592,0.080805,0.09042,0.074934,0.021223,-0.052063,-0.051228,0.045404,-0.095146,-0.0071155,-0.06542,-0.03168,-0.059706,-0.11137,0.074475,-0.12794,0.25068,0.041437,-0.075296,-0.0065409,-0.031262,-0.1538,0.088225,-0.021073,0.10065,0.039108,0.094844,0.064607,0.014933,0.18293,-0.054363,-0.048774,-0.0044203,0.037281,-0.048521,-0.048535
0.049127,-0.0067965,0.047879,0.29465,0.083422,0.077993,0.10367,-0.028107,0.14661,-0.015315,-0.12135,-0.034335,-0.058147,-0.25033,0.11475,0.065537,0.030786,0.069273,0.08563,0.077464,0.018761,0.15153,-0.11049,-0.21196,-0.044314,0.18299,0.078659,-0.037452,-0.096105,-0.075465,-0.066621,0.12125,-0.045702,0.097522,0.03935,0.11386,0.096934,0.011833,-0.0051199,0.14533,-0.21432,0.036437,-0.052085,-0.011799,-0.053178,0.034145,-0.033736,-0.1477,0.12243,-0.022459,0.048088,0.063383,-0.029246,0.021599,-0.1448,-0.067296,0.013484,0.10376,0.062647,1.8792e-06,0.027541,0.035978,-0.041746,-0.060048,0.059434,0.1226,-0.17501,0.1268,-0.0063293,-0.10182,-0.094573,-0.050367,0.052855,-0.02952,-0.00038746,0.052136,-0.1644,-0.11497,-0.059366,0.0077721,-0.13669,-0.029209,-0.10164,0.077576,-0.071465,-0.19658,0.045562,-0.048474,0.2624,0.031922,0.025111,0.11652,0.073228,-0.04127,0.073461,0.079444,-0.046109,0.10313,-0.12762,0.038831
0.093496,-0.0059735,-0.13773,0.11834,0.16802,0.11515,0.1899,0.019675,-0.087035,-0.058411,-0.027848,0.029342,0.069676,0.050479,-0.10007,0.14264,0.14462,0.030594,0.19425,0.035254,0.016509,0.10396,0.024619,0.075073,-0.097123,-0.0057659,-0.060474,0.16417,-0.21042,0.07361,-0.060676,0.019616,-0.029586,0.14417,-0.2235,-0.036684,0.20171,0.10124,-0.019426,0.091236,0.0009622,0.018308,0.15543,0.082287,0.037683,-0.072409,0.052613,-0.0007321,0.010874,0.10333,-0.022678,-0.0033182,0.14903,0.057785,-0.14287,0.010581,-0.014734,-0.071947,0.016283,0.025437,0.12258,-0.2211,0.16602,-0.059228,-0.07272,-0.02893,-0.11577,0.066827,-0.0059586,-0.033962,0.032735,0.018113,0.046018,0.070018,-0.080178,0.019347,-0.029456,0.033055,-0.1566,0.067396,0.1119,0.047393,0.039174,-0.030862,0.028326,0.091699,-0.030157,0.06488,0.12833,-0.052689,0.10523,0.011739,0.1445,0.0035788,-0.089724,-0.0036627,0.15092,-0.016588,0.01078,0.0097337
-0.013073,0.0033695,-0.22918,0.0051666,0.12834,0.010535,0.20114,-0.027853,-0.013593,-0.059745,-0.0072918,-0.015697,-0.0064148,-0.060303,-0.053789,0.078857,0.099202,0.12445,-0.14236,0.02834,0.14217,0.063689,0.092217,-0.08157,0.13003,-0.038313,0.026741,0.0032748,0.085797,0.10131,0.20581,0.068321,-0.090557,0.27256,-0.1724,-0.074227,-0.019172,-0.071241,-0.0089603,0.18846,-0.015816,0.0063318,0.14556,0.091794,0.033914,0.041384,-0.085543,0.021565,-0.036982,0.056311,0.011451,-0.022681,0.069121,0.037916,-0.065782,0.0056733,-0.12374,-0.051315,-0.12629,-0.087757,-0.19213,-0.0093741,-0.021202,-0.010208,-0.14144,0.17281,-0.19662,0.17358,0.01463,0.057123,0.014981,-0.06655,-0.099516,0.1642,-0.20736,0.031057,0.062373,0.15953,0.059253,-0.19915,-0.08575,-0.068909,-0.10857,-0.04319,-0.060264,-0.036637,-0.1363,-0.0041503,0.0088563,0.18705,-0.072774,-0.097123,0.028805,0.036779,-0.047818,0.24048,-0.14667,0.075624,-0.208,0.081517
0.076395,0.10051,0.044838,0.081369,0.099956,-0.023789,0.068224,-0.019204,0.0036697,0.18443,0.0077172,-0.11723,-0.019794,0.13217,-0.1772,0.071305,0.042859,-0.079888,-0.053547,0.068661,-0.03786,0.037339,-0.17259,-0.22968,-0.092899,-0.043643,0.073793,-0.26769,0.030428,-0.069814,0.015398,0.10243,-0.027381,0.014189,-0.1392,-0.085081,-0.070777,0.043721,0.11879,0.046178,-0.060723,0.086266,-0.066309,0.16128,-0.055443,-0.13794,0.061589,0.1387,-0.032144,0.10999,-0.091723,-0.11666,-0.11097,-0.061454,-0.019239,0.0032322,-0.084593,0.014685,0.094428,-0.023186,0.049311,0.052418,0.10246,-0.084902,0.13321,0.00048553,0.023795,-0.046456,-0.014896,-0.0045013,-0.02123,0.013286,-0.04461,-0.066064,0.16089,-0.10236,-0.16603,-0.022258,0.034671,-0.0006289,-0.31961,-0.039885,0.067105,0.064974,0.017857,0.054403,-0.024182,0.043555,-0.056912,0.078084,0.010482,0.033594,0.054261,0.0021392,-0.032058,0.10367,0.065124,-0.033196,0.1456,-0.074815
-0.088221,0.15364,0.11917,-0.067939,0.14966,-0.11274,0.037523,-0.14676,0.084645,0.1162,-0.10251,-0.17334,-0.069944,-0.19524,-0.032052,-0.20191,0.091568,0.093977,0.13262,0.12083,0.20726,0.13994,-0.018611,0.030157,-0.011677,0.036626,0.036562,0.090204,-0.15467,0.076625,-0.011209,0.037031,0.076226,0.090614,0.10446,0.0043002,-0.005613,-0.24267,-0.2208,-0.062256,0.1453,-0.010324,-0.11638,-0.090403,0.12132,0.37707,-0.07509,-0.023303,0.074013,0.1188,0.032817,-0.020453,-0.032115,-0.12663,-0.068023,-0.14656,-0.09335,0.10845,-0.048667,0.011495,0.077836,0.10272,0.053708,0.048459,0.10183,0.12657,0.053885,0.18367,0.13656,0.047034,0.055493,0.035611,-0.059624,0.025937,0.02166,-0.13472,-0.087547,-0.087712,-0.060326,-0.098745,-0.025254,-0.12538,0.15077,-0.0062189,0.11075,0.075715,-0.023782,-0.062288,0.13865,-0.018745,0.014314,0.13357,0.036154,-0.012706,0.0030106,0.055565,-0.19549,-0.099261,-0.079524,0.040289
0.025877,-0.1422,-0.10237,0.011936,0.0010949,0.081558,-0.15348,0.049204,0.06522,0.0013156,0.03848,0.10579,-0.028164,0.11003,0.12071,-0.036381,0.1061,-0.035239,0.11395,-0.012651,-0.025403,0.13515,-0.050123,0.10986,-0.020711,0.062305,-0.1797,-0.14562,-0.088879,-0.035712,-0.069022,-0.071442,0.17803,0.0030597,0.0048904,0.06485,-0.02732,-0.029448,0.0049261,-0.067047,0.14335,-0.068963,0.070752,0.049178,0.076143,0.076268,0.003193,-0.03161,-0.12937,0.063842,-0.10555,-0.021999,0.006501,-0.019137,-0.0082621,0.10125,-0.020712,0.1806,0.097948,-0.12174,-0.11689,-0.17775,-0.04302,-0.10316,-0.19718,0.068379,-0.05098,-0.063572,0.14298,-0.011719,0.012805,0.15595,-0.020124,0.011997,0.010139,0.039931,-0.094308,0.061592,0.049649,0.19074,0.083058,0.0076098,0.14546,-0.13867,0.034385,-0.003947,-0.11248,0.075314,-0.16258,0.0794,-0.057512,0.0056596,-0.010941,-0.11553,0.070791,-0.12319,-0.17062,-0.024484,-0.011749,-0.030284
-0.14578,-0.014956,-0.18171,0.10948,-0.16678,-0.05785,0.11281,0.0043457,0.0063747,0.2946,0.030676,0.013103,-0.044244,-0.10494,-0.0031834,-0.16929,0.12428,-0.047313,0.029069,-0.10498,0.090148,-0.10507,0.014897,0.13428,-0.098778,0.008886,0.16306,0.040395,0.0052323,0.13742,0.15035,-0.0064572,0.079227,-0.083195,0.020313,0.016475,-0.13937,0.053348,-0.075835,0.12098,0.053503,0.11832,-0.10476,0.10649,0.016769,-0.047827,-0.013342,-0.042445,-0.061409,-0.020948,0.056949,0.14472,0.099861,-0.061749,-0.090431,-0.19815,-0.00042814,-0.082143,0.041776,0.17636,0.15077,-0.036704,-0.047486,-0.023858,-0.088403,0.02588,-0.016856,0.018574,0.044043,-0.092072,-0.0020663,-0.031688,-0.065291,0.036882,0.2091,0.031321,-0.14735,-0.10062,-0.16257,-0.053064,0.13697,-0.26042,-0.14188,0.080455,0.027659,-0.14205,-0.10593,0.020695,-0.011554,0.031861,0.071365,-0.084835,-0.1697,0.079448,-0.032445,-0.052789,-0.061645,0.17317,-0.072676,-0.011292
-0.091004,-0.059442,-0.059051,-0.16886,-0.15707,0.019824,-0.15723,-0.027693,-0.13418,0.034994,0.12385,0.11797,0.028765,-0.044444,-0.061101,0.18012,0.026398,0.094629,-0.034594,0.074629,0.045709,-0.089499,-0.10894,-0.061811,-0.04592,-0.13342,0.046347,-0.084882,-0.076101,-0.10523,-0.049395,-0.099295,0.056136,-0.062507,-0.04661,-0.079151,-0.024703,0.050659,-0.11601,0.16373,0.080356,-0.12544,-0.036423,0.0061471,-0.10053,-0.018051,-0.024742,-0.0054803,-0.033484,0.092363,0.096354,0.0021088,-0.097425,-0.075148,-0.10648,-0.073888,-0.047066,-0.070414,-0.12545,0.021626,0.03181,-0.011096,0.0056991,0.062284,-0.11141,-0.050922,0.10088,-0.12209,-0.051306,0.0033539,-0.0069941,-0.16884,0.17539,-0.0013884,-0.054503,0.076813,-0.024779,-0.01341,-0.17707,0.20529,-0.017413,0.064355,-0.037284,0.077565,-0.1761,0.065372,-0.099885,-0.10081,0.19083,-0.13139,-0.1269,0.17988,-0.20775,0.070396,0.02964,0.022611,-0.0046896,0.016099,0.12018,-0.11523
0.021692,-0.10662,-0.10305,0.0058015,0.023536,-0.015448,0.044563,0.071227,-0.10835,-0.070807,0.068821,0.11457,-0.08446,0.051102,-0.0085978,0.08013,-0.068784,-0.069023,0.14813,-0.16793,-0.071842,-0.10821,0.073178,-0.075782,0.027682,-0.19304,0.029539,-0.005826,-0.013447,-0.0098748,0.058106,-0.016225,-0.066975,0.22499,-0.03229,0.044457,-0.054526,-0.049629,-0.0012261,0.11287,-0.035887,0.059036,-0.10264,-0.17855,-0.14934,0.035554,0.066477,0.10936,0.049131,-0.1211,-0.002992,-0.089858,-0.033493,0.12474,-0.049322,0.10632,0.013241,0.035987,0.087161,-0.18185,-0.15718,0.18232,-0.079225,-0.097116,0.099083,0.13201,0.053625,0.17343,0.055534,-0.034962,0.15174,-0.069732,-0.29536,0.18922,-0.10467,-0.051449,-0.14011,-0.054185,-0.056921,-0.055886,0.00083878,0.13786,-0.17263,-0.0084821,0.087176,0.025699,-0.10533,-0.096061,0.046921,-0.14243,-0.10789,-0.057391,-0.053797,0.0050381,-0.3173,-0.0070206,0.02036,-0.036258,0.065942,-0.058457
0.050026,0.092552,0.090741,-0.0031204,0.19155,-0.16695,-0.049266,0.13616,0.04929,0.095575,-0.015409,-0.049866,-0.20818,-0.059308,0.078855,0.088082,0.05081,-0.090004,-0.17136,0.12214,-0.1404,0.12955,0.06109,-0.05475,-0.036173,0.01459,-0.13423,0.048921,-0.20539,0.015878,0.041597,-0.051237,0.08474,-0.12949,0.10441,-0.16078,0.09287,-0.2372,-0.16548,0.0025118,-0.040486,-0.14804,-0.20108,-0.083181,-0.038578,-0.011104,-0.11038,0.15869,0.10084,-0.076868,-0.012397,0.1296,-0.063083,0.025233,-0.088129,0.050439,0.09453,0.13016,0.005858,0.005875,0.10926,-0.08376,-0.02858,-0.037428,-0.0052402,0.024666,0.1935,0.091429,0.046285,0.080436,-0.038165,0.03687,0.058326,0.054028,0.031875,-0.0036862,0.060628,-0.089238,-0.09901,-0.16259,0.00054891,0.016911,0.043092,-0.20145,-0.12786,0.056892,0.075409,0.040537,0.060881,0.046691,0.041319,0.061853,0.13568,-0.038978,0.10748,0.0045632,-0.076409,-0.21544,0.062382,0.18023
-0.058115,-0.00057111,-0.073684,0.094028,0.027459,0.10188,-0.15631,-0.033876,0.21683,0.059815,0.016464,0.098262,-0.043182,0.044079,0.028656,0.15401,-0.0043856,0.116,-0.0080166,-0.050861,-0.081138,-0.025833,-0.13709,0.046702,0.10403,0.039259,0.082224,-0.10874,-7.6398e-05,-0.049768,0.01942,0.022998,-0.12127,0.011867,-0.045497,0.096205,0.023918,-0.13785,0.077607,0.042725,0.035158,-0.11622,0.023323,-0.0067491,-0.08826,0.25737,0.084535,-0.027772,-0.028848,0.017133,0.055621,0.040769,-0.12081,0.0037653,0.069041,-0.11398,-0.068385,0.24062,-0.073166,0.27149,0.037362,-0.089875,-0.17172,0.095063,-0.052032,-0.090804,0.047764,-0.01169,-0.017689,0.054671,-0.099453,-0.0092997,-0.037591,-0.092214,-0.045341,-0.017385,0.13889,-0.076523,0.034682,-0.15017,0.078048,-0.037739,0.03217,0.18241,-0.25091,-0.17605,0.1094,0.19485,-0.013877,-0.072529,-0.0016171,0.022715,0.065201,0.11471,0.04196,0.15066,0.040268,-0.031643,0.065591,0.017442
0.045961,0.15049,-0.077057,-0.025409,-0.15944,0.060951,-0.11334,-0.21315,0.035033,-0.017043,-0.12697,-0.12152,-0.010518,-0.048266,-0.11467,-0.12161,-0.04862,-0.026809,-0.019915,-0.091418,-0.0066786,-0.23997,0.14356,-0.10243,-0.016336,0.10224,-0.074324,0.078291,-0.13414,-0.00059663,0.041263,0.18259,0.003469,-0.0067496,-0.1087,0.020077,-0.10521,-0.13295,0.051443,0.029795,0.10227,0.13486,-0.10469,0.012646,-0.045303,0.0068117,0.012525,-0.20772,0.10534,0.099609,-0.040065,-0.085081,0.014054,-0.01253,-0.02355,-0.058958,0.011918,0.099102,-0.02835,-0.13935,0.049179,-0.088744,0.062298,-0.072844,0.049894,-0.017458,0.12817,-0.13011,0.050242,0.025425,0.27086,-0.066965,0.019462,0.17308,0.11638,-0.089254,0.077368,-0.0025051,-0.11801,-0.19691,0.062658,-0.02689,-0.05717,0.0052958,-0.037001,0.0053966,0.0056791,-0.025008,-0.084173,0.051875,-0.024222,0.030248,0.080352,-0.13732,-0.18498,-0.00062925,0.20856,-0.10342,0.069626,-0.13494
-0.07407,-0.12515,0.040928,-0.066984,0.053085,-0.084692,-0.11121,0.053108,0.015384,0.056912,0.16894,0.16318,0.094309,6.73e-05,-0.1072,0.027154,0.1296,0.056454,-0.11945,0.0097315,0.019256,-0.056896,-0.11968,-0.0022946,-0.011106,0.098025,-0.09217,-0.062636,0.051412,0.15938,-0.066449,0.033515,-0.010721,-0.097171,0.11958,0.097579,0.014403,0.0044413,-0.035666,-0.14721,0.074865,0.045566,0.048273,-0.097337,-0.050469,-0.060714,-0.0079729,-0.056055,0.023201,-0.09877,-0.27855,0.0035757,-0.049223,-0.10381,-0.012289,0.035224,0.10912,0.13347,0.09068,-0.042499,0.092005,-0.0092416,-0.055756,0.20173,-0.11177,-0.058566,0.2793,-0.052021,-0.12573,-0.07531,-0.044591,-0.016062,-0.1257,0.057043,-0.091626,0.02077,-0.10379,-0.0046389,-0.071358,0.015823,-0.039568,0.12394,-0.12325,0.093191,-0.046282,-0.097388,-0.088922,0.071511,0.086525,0.14961,0.035352,0.12464,0.029513,-0.1951,0.076278,-0.069444,-0.060992,-0.43117,-0.081028,-0.099652
0.17592,-0.099859,0.021062,-0.038319,0.11376,-0.13949,0.06929,-0.089752,-0.070638,-0.14356,-0.089325,0.020701,0.12287,0.15873,-0.12608,0.0067469,-0.13036,0.072023,-0.05185,0.11698,0.16874,0.15314,-0.065957,0.15444,-0.13945,-0.0072531,0.12702,0.03921,-0.0085554,0.089629,0.12471,-0.23416,-0.026722,-0.16154,0.099197,0.083718,0.056737,0.033297,0.0063107,-0.013023,-0.042792,0.039229,-0.098471,-0.0048296,0.073877,-0.16545,0.01199,0.06466,-0.022582,-0.075389,0.080317,0.063616,-0.013504,-0.034658,-0.0076844,0.15913,-0.010664,-0.095973,0.22739,0.048363,0.19436,-0.022981,0.037029,-0.17263,0.02133,-0.095623,0.11889,-0.009516,0.0015164,-0.14077,-0.04768,-0.090263,0.12133,-0.065069,0.063233,0.013439,-0.015733,0.16336,0.092162,-0.029372,0.071017,0.17714,0.11881,0.039608,-0.031479,0.046619,-0.13783,-0.03207,0.10427,-0.10947,-0.081632,-0.13118,-0.020279,-0.050632,-0.049174,-0.11681,0.063451,-0.12162,-0.13362,0.086101
0.14957,-0.12811,0.013853,-0.068899,0.17709,0.050267,0.030257,-0.04089,0.062495,-0.058596,0.057269,-0.10625,-0.18295,-0.079283,0.036204,0.18417,0.16484,0.028033,0.011733,0.11261,0.021183,0.13079,0.090416,-0.011097,-0.15423,0.0068318,0.0083093,-0.0017795,-0.035589,0.010837,-0.01193,-0.042614,-0.024352,-0.21013,0.043704,0.10175,-0.18331,-0.13979,0.039443,0.012779,-0.29597,0.18243,0.042237,0.15669,0.12701,-0.16276,-0.019625,0.18435,0.039119,-0.042124,0.082927,-0.04055,0.0037747,0.20342,-0.0060821,-0.13948,0.077023,0.070776,-0.26419,-0.075091,0.064144,0.14173,-0.067876,-0.075394,-0.0035622,-0.08911,-0.087269,-0.12327,0.1088,-0.054263,-0.0085048,0.17505,0.067105,-0.041173,0.057706,0.040035,-0.012551,-0.009052,0.11296,0.074147,-0.10981,0.064917,-0.10271,0.16061,0.089055,-0.047627,-0.11033,-0.026521,0.12634,0.1164,-0.017883,-0.070715,0.14747,0.16384,-0.07232,-0.050578,-0.24402,-0.27231,-0.024607,0.1993
0.022639,-0.045904,-0.12452,0.030576,-0.039483,0.017823,-0.12122,-0.031186,-0.17714,-0.072611,-0.10211,0.026037,0.055476,0.0022283,-0.06666,-0.14086,0.001509,-0.048123,-0.060593,-0.002011,0.15925,-0.15658,-0.13369,-0.15532,0.016517,0.077168,0.10179,0.17127,0.035984,-0.098685,-0.0050637,-0.1362,-0.0071863,0.11469,-0.16711,-0.1881,-0.051091,-0.036829,-0.082161,0.015288,-0.089076,0.0047427,0.075356,-0.13531,0.099608,0.093098,-0.11729,-0.18468,0.17666,0.074595,-0.15476,-0.15969,-0.010799,-0.049457,-0.10857,0.11842,0.09133,0.17601,-0.19033,-0.034509,0.020552,-0.070455,0.25863,-0.050391,-0.0074897,-0.14507,0.11976,0.11829,-0.089352,-0.11399,0.046134,0.018906,-0.24654,-0.22529,0.052854,-0.031958,0.13629,-0.16395,0.0030549,-0.18277,-0.080653,0.081679,0.014686,-0.12656,-0.026162,0.0013392,-0.09664,0.059953,0.036128,0.018732,-0.037233,-0.060169,0.074486,0.013997,0.025578,-0.00048118,-0.071667,-0.0019168,0.041755,0.20864
-0.060467,0.0668,0.05254,-0.11084,0.078767,0.0018884,-0.06563,-0.1886,-0.11952,-0.11566,0.025141,-0.015192,-0.084745,0.051583,-0.037565,-0.18808,-0.028145,-0.18709,-0.041363,-0.036633,0.11197,-0.089528,0.045542,0.16715,-0.1816,-0.027536,-0.029889,-0.032313,-0.072184,0.020649,-0.18196,-0.054473,-0.032752,-0.19004,-0.053679,-0.054168,-0.14803,-0.016361,-0.060805,-0.084416,0.16044,-0.099951,0.1379,0.023752,0.11757,-0.0039094,-0.042664,0.06938,0.072948,0.041487,-0.12747,0.071391,-0.022453,-0.056409,-0.066195,0.066486,-0.014853,0.10426,-0.050364,0.070947,-0.10417,-0.066869,-0.033892,0.07401,-0.021493,-0.0007426,-0.033812,-0.053129,0.22578,-0.048055,-0.06619,-0.047297,-0.02364,-0.01405,0.1337,0.085523,0.020308,-0.096182,0.078721,-0.097864,0.010356,0.19799,-0.072207,0.10032,-0.011882,0.051521,0.034279,0.17256,0.055749,-0.020538,0.093999,-0.1217,0.019535,0.069447,0.013551,-0.06219,-0.089642,0.034597,0.057321,0.046576
-0.089889,-0.1142,0.07263,-0.041296,0.010743,0.074237,-0.0022296,-0.025354,-0.16278,0.032282,-0.28841,-0.27525,0.0358,-0.0088843,-0.041256,-0.070964,-0.0023053,0.0030134,0.056089,-0.11141,-0.13997,-0.055168,-0.011416,-0.15196,0.068314,0.088332,-0.045043,0.049334,-0.022855,0.10208,0.12522,-0.1653,0.028041,-0.12841,-0.071206,-0.12026,-0.044266,-0.060136,-0.037563,0.0032618,0.06955,-0.082683,0.060961,0.020295,-0.049932,-0.09936,-0.095207,-0.067801,0.0077793,-0.16577,-0.11411,-0.061037,-0.15681,-0.067916,0.036461,0.11356,-0.00070913,-0.083981,0.071583,0.0062838,-0.045299,-0.15915,0.16646,-0.0013269,-0.17203,-0.044426,-0.12523,0.11015,-0.04898,-0.036584,-0.14508,-0.099309,0.11911,0.027098,0.087652,0.0067458,-0.13421,-0.052603,-0.083477,0.048949,0.0039703,0.069885,0.050482,-0.0050266,-0.1106,-0.079177,0.24708,0.010339,-0.020483,-0.02164,0.22175,0.06663,0.045397,0.21175,-0.10056,0.11592,-0.0041683,0.0014974,0.012148,-0.074842
0.093361,-0.040198,0.052411,0.012796,0.097681,-0.023729,-0.02991,-0.022822,-0.081916,0.012827,0.087,0.13405,0.1503,0.10698,-0.31666,0.074707,-0.013299,-0.16953,-0.024646,-0.027744,-0.14676,-0.16291,-0.063237,-0.011222,0.0016579,-0.14931,0.0092859,0.057132,0.031337,0.14521,0.11297,0.024552,-0.040313,-0.061599,-0.062743,-0.076735,-0.011286,0.13626,-0.16893,-0.16364,-0.15493,-0.02024,-0.064624,-0.059996,-0.17364,0.050336,0.029575,0.11653,-0.022721,-0.0403,-0.029826,0.017482,0.17386,0.057982,-0.23576,-0.17013,-0.036107,0.10047,0.16666,0.15816,-0.0078977,-0.036447,-0.013998,0.10678,0.17305,0.041386,0.17286,0.22004,0.060493,0.047222,0.038652,-0.092304,-0.072157,-0.048668,-0.040917,0.055193,-0.11348,0.086093,-0.058638,0.064732,0.028768,-0.01893,0.081139,0.032802,-0.15917,-0.10767,0.17699,0.14459,0.030505,-0.074748,-0.081487,0.044435,0.0045532,-0.045569,0.099186,0.039412,-0.023116,0.038086,0.034737,-0.017542
-0.18524,-0.0045111,-0.052232,0.041607,0.0010853,-0.18229,-0.05671,-0.10304,0.12597,-0.048175,0.055872,-0.1209,-0.049548,-0.13213,0.030102,-0.042752,0.21847,-0.033586,-0.13681,0.055907,-0.054617,0.057924,-0.077802,-0.0072232,0.17842,0.068133,-0.0046061,-0.076759,0.071814,-0.087277,-0.06158,0.12655,-0.052952,0.0036917,-0.0046404,0.12075,-0.023707,0.12738,-0.10399,-0.08546,-0.30711,0.089911,-0.041358,-0.017243,0.028345,-0.041296,0.014493,0.064623,0.0017101,-0.15692,-0.06746,-0.012723,0.041521,-0.031619,-0.3925,0.082119,-0.073778,0.040165,0.28959,-0.015215,-0.088069,-0.18079,0.11324,-0.020335,-0.12411,0.0096262,0.10707,-0.048181,0.064198,0.0050263,-0.01311,0.18352,0.08161,-0.033027,-0.0059647,-0.026384,0.01984,-0.082984,0.1207,-0.09825,0.033257,-0.13243,0.073838,0.061388,-0.084873,0.12191,-0.021404,-0.012601,-0.06634,-0.039245,0.088702,0.074055,0.095397,-0.024737,0.11799,-0.20671,0.1388,-0.034169,-0.011595,0.082149
0.028359,0.10759,-0.028954,-0.00094927,-0.032709,-0.13193,0.091964,0.11131,-0.0025933,0.12873,-0.066968,0.14889,-0.04306,0.033309,0.13233,-0.087669,0.10669,0.047581,0.026398,0.074076,0.022103,-0.032512,-0.09989,0.019053,-0.066047,-0.028815,0.0020213,0.0051042,-0.02269,0.18905,0.11405,0.065928,-0.11989,-0.08839,0.16862,0.022827,-0.059388,-0.10078,0.083014,0.031107,0.014586,-0.00034038,-0.040005,-0.088194,0.13766,0.0049487,-0.0059249,0.010034,-0.043018,0.064488,0.11261,0.077628,0.11976,-0.079003,0.16075,-0.028996,0.12662,-0.12993,-0.044316,-0.044299,0.11802,-0.11706,-0.024364,0.023498,-0.11169,0.029345,-0.010129,-0.074938,0.0041104,-0.050664,0.22065,0.095087,0.018548,0.00018145,-0.061169,0.067044,-0.10302,-0.01107,-0.015985,0.027939,0.019807,-0.14242,-0.084245,-0.027185,0.059829,0.1897,-0.12474,0.1112,-0.014185,-0.0094252,0.086306,-0.047386,0.089542,-0.15154,-0.052253,0.22113,0.021229,0.083376,-0.078506,0.17791
-0.047638,-0.16545,0.11203,0.10672,0.10648,-0.11506,-0.084343,-0.095487,-0.19142,0.0099936,-0.042775,0.046039,-0.095194,-0.13189,-0.0034718,-0.12291,-0.061323,0.056374,0.11204,0.17257,0.0035742,0.028842,-0.060842,-0.19341,-0.10176,-0.14783,0.11193,-0.062752,0.18889,0.1172,0.10612,0.19405,0.060572,-0.018685,-0.12379,-0.094016,-0.11596,0.015096,-0.027524,0.031585,0.13582,-0.12685,0.15138,0.086291,0.092822,-0.046211,0.20305,0.027522,-0.085739,-0.015036,0.058546,-0.12773,0.048414,-0.068761,-0.00012454,0.017275,-0.071292,0.14829,0.019639,-0.17633,-0.026847,-0.03157,-0.040742,-0.068779,-0.035039,0.084264,0.012213,0.033228,0.068041,0.076769,-0.060952,0.0089392,-0.15124,0.048154,0.13976,-0.18243,-0.01981,0.020513,-0.14141,-0.050589,-0.1306,-0.17657,0.10497,0.03249,0.053731,0.15033,-0.074351,-0.012325,0.15008,0.011838,0.18827,0.12289,0.1773,-0.12319,0.012109,0.054305,0.0016738,0.045758,0.029702,-0.016476
-0.01153,-0.13361,0.048298,-0.11773,-0.17545,0.033609,0.021741,0.034493,-0.093822,-0.055049,-0.045072,0.2525,-0.12543,-0.037801,-0.082044,-0.069024,0.10158,-0.030896,-0.075996,-0.017143,-0.065838,0.10902,0.090433,-0.005525,0.10568,-0.009124,0.070597,-0.031863,0.013286,0.20411,0.024473,0.046145,-0.12659,0.067736,-0.17224,-0.19718,-0.047906,0.16618,0.045476,-0.074004,0.11431,0.055033,0.13332,-0.060545,0.04622,-0.021688,-0.10396,-0.094558,0.13274,-0.020991,0.072659,-0.08719,-0.022406,0.0054355,0.075051,0.072563,0.13302,-0.20431,-0.0083346,-0.080627,-0.021204,0.049582,0.030624,0.022964,-0.029222,-0.026886,0.0010042,-0.046181,0.0026265,0.16767,-0.025512,-0.1153,-0.085707,0.14912,0.060679,0.094692,0.11967,0.070539,0.028361,0.11925,0.10658,0.0025345,0.038966,0.046696,0.019184,0.039247,-0.0085523,0.12852,0.13625,-0.027266,0.033978,-0.10797,-0.076902,0.0088883,-0.031805,-0.014433,0.077228,-0.044853,-0.042153,-0.021452
0.10215,0.022973,0.12221,-0.086991,0.031573,0.057883,-0.063467,0.004373,-0.04382,-0.060849,0.081511,-0.023347,0.16687,0.0882,0.01607,-0.0085578,-0.10324,0.03601,-0.081739,-0.034829,-0.075621,0.042528,0.20496,-0.078885,0.027326,-0.012477,0.02633,0.22668,-0.10469,-0.028004,-0.07098,0.0095617,-0.031432,0.083846,-0.077357,-0.067473,0.179,0.041615,-0.094912,-0.10173,0.091606,-0.14609,0.002442,0.081796,0.032801,0.013055,-0.14849,0.17438,-0.10852,0.082341,-0.1061,-0.033783,-0.012402,-0.2669,-0.13105,0.025654,0.094387,0.072857,0.15312,-0.0091497,0.030141,-0.071884,-0.043401,0.122,-0.07463,-0.14865,-0.035518,0.023054,0.0043393,-0.20654,-0.050806,0.053948,-0.015623,-0.026475,-0.015808,0.18944,0.10609,-0.095658,-0.02027,-0.032806,-0.076745,-0.083644,-0.097271,-0.12517,0.11127,-0.085793,-0.03545,-0.18963,-0.051044,0.0041698,-0.039822,0.044551,-0.037152,0.20892,0.17644,0.18785,0.13039,0.0057124,0.19542,0.063288
0.12961,-0.25338,-0.18487,-0.0071712,0.0031989,-0.12823,-0.13633,-0.031287,-0.11631,0.049529,0.059246,-0.10696,0.1065,0.098854,-0.17401,-0.010048,7.4198e-06,-0.12087,-0.080172,0.031076,0.22704,-0.074451,-0.030702,-0.064177,-0.086505,0.052861,-0.13723,-0.14214,-0.041912,-0.14589,0.077282,0.06541,-0.043614,-0.036124,0.14862,0.12632,-0.15493,0.072025,-0.18112,0.098391,0.06142,-0.025352,0.25393,0.047731,-0.0016312,0.17334,-0.032351,0.074085,-0.022609,0.28343,0.1159,-0.18309,0.06633,-0.0017117,-0.063819,0.073717,0.10636,-0.27157,-0.16403,0.014593,-0.13687,0.066211,-0.059446,0.071041,-0.10758,0.0076951,-0.01734,-0.047932,0.12092,-0.021437,-0.014033,-0.10076,-0.097378,-0.15574,-0.11308,-0.13866,-0.21421,-0.0069254,-0.0044188,0.023852,-0.083044,0.0048062,0.011802,0.03873,-0.036995,-0.17968,0.013567,0.10315,-0.04597,-0.0091707,-0.046498,-0.056364,0.077742,-0.072457,0.19257,0.10614,0.074993,-0.052303,0.046262,-0.14276
0.07971,0.10089,-0.1204,0.095753,-0.19162,0.16627,0.14994,0.024158,-0.12012,0.049389,0.06694,0.036235,0.0022064,0.12442,0.0067709,-0.0013252,-0.13133,0.2157,0.0099689,-0.068622,-0.081413,0.19208,0.10336,0.13317,0.10713,0.076432,0.1657,-0.046447,0.033609,0.066066,0.0076395,0.041865,0.015829,0.097336,0.0145,-0.18643,0.081724,0.36118,-0.11387,-0.099883,-0.035393,0.053991,-0.041588,-0.070612,-0.079273,-0.070907,-0.092608,-0.07739,-0.085782,0.034672,0.1017,-0.037245,0.14417,0.0012254,-0.14892,0.016356,-0.18608,-0.037043,-0.12792,0.061219,0.013873,0.0006567,-0.22389,0.11886,0.17337,-0.16118,-0.059294,0.11621,-0.065732,-0.013365,0.16671,-0.11466,-0.023531,-0.043804,-0.15732,0.055979,-0.070397,-0.067165,0.09979,0.00014431,-0.039016,-0.056737,-0.2232,0.078704,0.021397,-0.006645,0.1301,0.13625,0.11177,-0.029813,0.11405,0.16336,0.02826,-0.11005,-0.083101,-0.12058,0.02416,-0.18933,-0.083199,-0.0019819
0.01492,0.0039565,-0.035041,0.044447,-0.071303,-0.057045,0.019793,-0.027451,0.0049258,0.01721,0.00037961,0.047929,0.11418,0.02428,0.19205,-0.054959,0.15146,-0.042521,-0.083754,0.05179,-0.10788,-0.0035662,0.16077,0.22519,0.11363,-0.001908,0.13134,0.0025434,0.12504,-0.094419,0.11607,0.1038,0.019712,0.015475,0.0091299,0.16119,-0.047873,0.07251,-0.16152,-0.16913,-0.060228,0.12783,-0.056298,0.1268,-0.059539,0.13102,-0.0098703,-0.08546,-0.25088,0.13988,-0.1952,0.027438,0.13693,0.042428,-0.14785,0.083372,0.082299,-0.043405,-0.0057357,0.024713,-0.064928,-0.09378,-0.01507,-0.11626,0.022461,0.20383,-0.058793,-0.11155,0.020926,-0.001927,0.063703,0.092709,0.07471,-0.16691,-0.10528,-0.041077,0.066934,0.064158,0.14194,0.08923,-0.093187,-0.17513,0.11092,-0.013238,0.12564,0.10963,0.055076,0.2471,0.039993,-0.02054,-0.048659,0.096424,-0.036203,0.095453,-0.082245,-0.034041,-0.34452,-0.13208,-0.050316,-0.056538
-0.043408,0.039425,-0.10376,-0.068562,-0.052566,-0.0095217,-0.069626,0.083453,0.20791,-0.24195,-0.030698,-0.014097,-0.051127,-0.12056,0.018631,-0.080299,-0.087673,-0.11244,-0.025163,0.002079,0.13552,0.095445,0.13507,0.2393,0.22581,0.042458,-0.024013,0.0018158,-0.1301,-0.077575,0.0056032,0.23964,-0.02069,-0.073526,0.12483,-0.076359,0.19166,-0.023594,-0.009865,-0.24342,-0.081688,-0.090299,-0.027175,0.013663,0.049514,0.050834,-0.23584,0.027481,0.015373,-0.11268,-0.068904,0.021468,-0.041896,0.081734,0.21108,0.11737,0.011232,0.14647,0.10651,-0.029345,-0.053935,0.053683,-0.13392,-0.14192,-0.049659,0.060469,0.052143,-0.00043347,-0.098118,-0.13388,0.11762,0.018837,0.079616,0.067263,-0.1115,0.054536,0.096344,0.14384,-0.10544,0.11428,0.18881,-0.020949,0.14594,-0.067088,-0.043514,0.034973,0.047904,0.02095,0.050388,-0.01714,-0.051749,0.14332,0.043032,0.049447,-0.039814,-0.03963,-0.079642,-0.069336,0.060488,-0.015135
-0.037619,0.090906,0.011379,-0.043242,0.10007,-0.015649,0.24216,-0.081916,-0.044218,0.17441,0.034693,0.15437,-0.13995,-0.04988,-0.019141,0.095437,-0.075108,-0.099515,0.012113,-0.0086971,0.062944,0.036899,-0.11357,0.079148,-0.11366,-0.078029,-0.039614,0.044779,-0.15852,-0.030042,-0.078948,-0.13918,0.019445,0.030378,-0.086968,-0.11348,-0.17338,-0.03311,-0.13893,0.088149,-0.034212,-0.04299,0.0082359,-0.030831,0.12251,-0.026142,0.016128,0.19549,0.11902,0.12258,0.052685,0.089584,-0.085283,-0.10486,0.10117,-0.028742,0.068917,0.079062,0.073845,-0.077326,0.031522,-0.046544,-0.06202,-0.046649,-0.10191,-0.037656,-0.16015,0.10369,-0.0061829,-0.10496,-0.15826,0.13547,-0.13466,0.13711,-0.007831,-0.094142,-0.082245,0.11276,0.062075,-0.11544,-0.1171,0.077001,-0.17152,-0.11245,0.030499,-0.2115,-0.058031,0.083962,0.016574,0.14597,-0.21558,0.037579,-0.073738,0.087902,-0.049718,0.083185,0.0055661,-0.059064,0.056592,0.10991
0.029668,0.035407,-0.10428,0.0028083,-0.12288,0.00012384,0.1548,0.022367,-0.056653,-0.033358,0.042077,-0.061925,0.027415,0.017295,0.14131,0.080153,0.080677,-0.18102,0.070964,-0.17911,0.069103,-0.16252,-0.088972,0.0037676,0.060064,-0.039829,0.17953,0.031192,-0.070712,0.09874,-0.015576,-0.065311,0.0046361,-0.0036798,-0.14538,-0.017476,0.092694,0.037445,0.10893,0.13678,0.084717,-0.064921,-0.13612,-0.1439,0.073402,0.052117,0.17556,-0.16638,-0.08067,-0.16756,0.00062192,-0.061248,0.094146,0.37376,-0.016714,-0.080806,-0.13799,-0.05167,0.099507,0.04098,-0.15068,-0.032517,0.084504,0.10853,0.002114,0.12615,-0.055577,0.11567,-0.063498,-0.065648,-0.10394,0.039215,-0.079571,0.051273,0.045743,-0.12964,-0.058439,0.23537,0.077166,0.12023,0.001982,0.033027,-0.11541,-0.10134,0.0047017,0.081562,-0.064301,-0.14256,-0.10035,-0.077065,0.029904,0.10144,-0.10988,0.10712,0.031483,0.2145,-0.19612,-0.15382,-0.066566,-0.073801
-0.15689,-0.18242,-0.0087375,-0.06764,0.098063,-0.0035213,-0.035792,0.025909,-0.090684,-0.060883,0.044926,-0.27736,0.046347,-0.119,0.013033,-0.15173,0.084203,-0.14779,0.093289,0.1019,-0.16786,0.046166,0.084689,-0.016606,-0.033671,0.043409,-0.11424,0.12204,0.023176,-0.099918,-0.037401,0.1096,-0.018876,-0.10627,0.1181,0.11714,-0.027018,-0.062597,0.048682,-0.041341,-0.07912,-0.12267,-0.021636,-0.096424,-0.05286,0.041823,-0.13066,-0.081892,0.076117,0.2083,-0.078015,-0.048283,-0.074168,0.024006,-0.0036556,0.10567,0.0071226,-0.23356,0.12756,-0.016406,0.083844,0.20728,-0.095863,-0.0018394,-0.17496,0.1072,-0.11781,-0.0069411,0.018413,0.068115,0.045108,0.21037,-0.00060712,-0.062858,0.078323,0.041026,-0.14288,0.099444,-0.16583,0.028672,0.026916,-0.0010744,-0.031251,0.016352,0.18852,-0.0099346,-0.18733,-0.073035,0.056211,-0.020028,-0.062822,-0.033126,0.10443,-0.03711,0.035377,0.011306,-0.16426,-0.20468,-0.0082648,0.043352
0.10917,0.06431,-0.22612,-0.077987,0.023046,-0.024409,0.080425,-0.1212,0.114,-0.08742,-0.0055908,0.15073,-0.12985,0.070802,-0.14801,0.024881,-0.1482,0.039901,-0.106,-0.045439,-0.0018976,0.063057,0.076284,0.12211,-0.15034,-0.091753,0.21977,0.018389,0.042593,-0.13742,0.10272,-0.039739,0.11393,-0.038777,0.042993,-0.10292,0.0074297,-0.0052384,-0.035055,0.048891,0.16441,0.069871,-0.17132,0.09401,-0.25666,0.0094061,-0.088804,-0.15462,0.01018,-0.030838,0.057308,-0.01367,-0.093097,-0.020642,-0.0029302,-0.089736,0.0087876,-0.067368,-0.013723,-0.042752,-0.064138,-0.18465,-0.021566,-0.0091509,-0.01275,-0.011165,-0.11345,0.059345,0.039205,-0.074193,0.017428,0.053974,-0.10805,0.058401,-0.24806,-0.029618,0.077018,-0.062996,0.05119,0.091005,-0.1473,-0.012808,-0.014309,0.090932,-0.059715,0.047989,0.071762,-0.051311,0.023429,0.098141,-0.10978,-0.031931,0.12165,-0.056624,0.14741,0.12163,-0.036608,-0.0058908,0.22977,-0.016199
0.046732,-0.043362,0.025885,0.056041,-0.10687,0.040857,-0.014473,-0.064423,-0.073511,-0.11691,0.036135,0.077282,-0.04335,0.16866,-0.05679,0.0042144,-0.05001,-0.057238,-0.012998,0.020178,0.0071823,0.030392,0.021537,0.13482,-0.31146,0.066346,0.021434,0.086339,0.018777,-0.0020299,-0.017569,-0.11263,-0.07556,-0.32552,-0.083999,-0.12572,0.092499,0.069684,0.080389,-0.11412,0.092591,0.006099,0.076624,-0.0099191,0.084759,-0.068961,-0.081501,-0.14335,0.086514,-0.18258,-0.11868,0.086648,-0.12908,-0.097144,-0.13585,0.21422,0.015597,0.00029498,0.14038,0.16801,0.14802,0.046229,-0.0062241,-0.19666,-0.13568,0.0050109,0.19967,-0.035551,-0.090436,0.024013,-0.040766,-0.18076,0.02518,0.013452,0.0026634,0.070423,-0.10255,0.15379,-0.04529,-0.03932,-0.052179,-0.051331,0.053914,-0.1703,0.035197,-0.020643,-0.075834,-0.068529,-0.016964,0.035507,0.035328,0.22806,-0.070338,-0.043518,-0.10379,-0.053324,0.076146,-0.10372,-0.073239,0.025556
0.029579,0.089388,-0.061221,-0.12742,-0.0020295,0.024774,0.021989,0.016163,0.034091,-0.038039,-0.02052,0.22456,0.010328,-0.0088349,-0.091908,0.049356,0.021916,0.029338,0.091231,-0.18429,0.05761,0.18975,0.1712,0.1341,0.085768,-0.070469,0.01879,0.008802,-0.091787,0.13739,-0.12289,-0.19717,0.12309,-0.023285,-0.0014674,0.025478,0.14935,-0.10644,0.012442,0.035666,0.031356,0.11419,0.021647,-0.031966,-0.044717,-0.048866,-0.037691,-0.034615,-0.058581,0.023399,0.10848,0.10777,-0.04935,-0.0015866,0.0017399,0.050049,-0.1282,-0.028851,-0.24132,-0.054456,0.092038,-0.11499,0.11556,0.023249,0.10989,-0.0032343,-0.077518,0.12906,0.22681,-0.17499,0.022221,0.017599,-0.0071358,0.063312,0.01078,-0.068516,0.0094751,0.15538,0.036126,0.0077571,0.087479,0.060791,0.076796,-0.0536,-0.15429,0.016125,-0.14809,0.064563,-0.031007,0.021611,-0.10978,0.020647,-0.16254,0.078481,0.124,-0.09923,-0.03136,0.11035,-0.045819,0.0081601
-0.17794,0.19664,-0.010782,0.01393,0.078928,-0.19116,0.12337,-0.098692,-0.040465,-0.086156,0.06652,0.11506,-0.10628,0.049752,-0.11622,-0.057509,-0.020416,0.13436,-0.13817,-0.17308,-0.021573,0.016343,-0.091003,0.0017782,-0.085916,-0.063161,0.13715,0.17544,0.12637,0.024661,0.027391,-0.077748,0.074348,0.035705,0.047342,0.034087,0.095774,-0.061972,-0.15597,-0.0070051,-0.017498,-0.0075278,-0.11684,0.080804,0.011439,-0.037747,-0.061611,-0.10895,0.0076857,-0.017671,0.10486,0.098324,-0.17133,0.17175,0.19249,-0.03917,0.026844,0.034827,-0.00086113,0.12434,-0.17174,0.080572,-0.030304,-0.13296,0.045318,0.03141,0.057352,-0.068252,0.0015215,-0.039307,0.083208,0.12629,0.1301,0.14708,0.12888,-0.030477,-0.03632,-0.023887,-0.034309,0.024646,0.0073921,-0.041458,0.15468,0.11541,-0.054272,0.045995,-0.16209,-0.030191,-0.07253,0.1477,0.13731,-0.018768,0.050332,0.090466,-0.062491,0.000756,0.12014,0.12545,0.15023,0.04871
-0.032821,-0.010026,-0.18085,0.068234,0.038766,-0.0013102,0.061067,0.018918,0.063286,-0.068803,-0.20617,-0.17463,0.12968,-0.15673,0.011728,0.037076,0.012503,-0.087054,-0.065632,0.020948,0.1186,0.10853,0.15103,0.13633,-0.011832,0.030849,-0.076252,-0.045054,-0.16285,-0.1359,-0.064827,-0.10134,0.046323,-0.026627,0.199,-0.081807,-0.095362,0.17445,0.052074,0.051073,-0.004292,0.0036062,-0.021966,-0.11058,-0.08529,0.017303,0.17815,-0.024077,-0.20918,0.075576,0.06296,-0.19516,-0.016839,0.063262,-0.14863,-0.0093235,-0.057657,-0.01961,-0.0094182,0.0576,-0.021267,-0.12401,0.10234,-0.021888,-0.010595,0.076294,0.0036266,-0.0061996,0.070718,-0.05913,-0.067006,-0.078055,-0.043744,0.0030557,-0.032901,0.16993,-0.026925,-0.011111,-0.027674,-0.0093426,0.073084,0.083348,-0.20441,-0.0035984,0.035071,0.0048187,0.049181,0.043789,-0.069481,0.080115,0.039327,0.031919,0.10805,-0.12342,0.042791,0.0067406,0.15504,0.0028968,0.072531,0.071676
-0.016474,0.033511,-0.1782,0.0072941,0.14248,-0.082216,0.016264,0.24264,0.023628,0.1038,-0.090209,-0.12093,0.11115,0.020265,-0.064076,-0.11106,0.039677,0.11942,-0.26458,-0.035194,-0.19547,0.065564,-0.19175,0.0096109,-0.11748,-0.12921,0.1008,-0.050333,0.073376,-0.046874,-0.092018,-0.090686,-0.011853,-0.019536,0.035461,0.12717,0.14311,0.036027,-0.11078,0.1335,0.047428,0.10917,0.043668,0.027593,0.1252,0.0086847,-0.14287,0.013313,0.051638,0.16811,-0.11565,0.027882,0.0043627,0.0020017,-0.06378,-0.095497,0.029321,-0.0062151,-0.0021704,0.056771,0.041163,0.0083638,0.073411,-0.0091824,-0.0058758,0.083615,-0.05828,-0.10122,-0.19117,-0.1908,-0.020792,0.060001,-0.075276,0.047219,0.041762,0.24801,0.27897,-0.01049,-0.12495,0.023585,-0.041866,-0.030811,-0.10418,-0.012019,-0.15327,-0.055658,0.017688,0.069534,-0.09333,-0.12355,0.044274,-0.050674,0.13859,-0.011554,0.044116,-0.12658,-0.013477,-0.03496,-0.1134,0.020232
-0.043607,0.12887,0.089322,0.085378,-0.053128,-0.11745,-0.12625,0.012929,0.061336,-0.010478,-0.034428,0.041238,0.053668,0.044556,0.017386,0.099742,0.031184,0.06577,0.055942,0.081038,0.024429,0.23459,0.081007,-0.06755,0.12408,-0.10523,-0.092956,0.033476,-0.083771,0.14367,-0.059562,0.0059984,0.013297,0.095566,0.094976,0.058154,-0.004632,0.040847,-0.056879,-0.22862,-0.026937,0.021684,0.0094154,-0.13845,-0.18548,-0.072156,0.02796,-0.055006,-0.068266,-0.01407,0.10397,0.2446,-0.014416,0.048657,0.040153,-0.2068,0.014025,0.016011,0.093224,0.057866,0.030109,-0.11802,0.11004,0.12883,-0.17029,0.0027011,0.033326,0.06606,0.0036448,0.21937,-0.15116,-0.017735,-0.041165,-0.14845,-0.13266,0.0089974,-0.0031947,0.11332,0.031225,0.13059,0.01745,0.12178,-0.072458,0.096096,-0.1193,0.092629,-0.057927,0.022928,0.032921,0.22206,0.026201,0.14411,0.064426,0.16212,-0.098792,0.048658,-0.0026737,-0.061298,0.1348,0.0019324
0.08093,0.032365,0.18018,-0.11311,0.027792,0.12664,-0.19027,-0.031452,0.0014781,0.0017384,-0.028839,-0.045987,0.16466,0.045811,0.14794,-0.10361,-0.071327,0.14721,-0.018176,-0.12837,-0.015948,0.10787,-0.050989,-0.0095273,0.073069,0.14414,-0.013256,-0.0014324,0.016702,0.031538,-0.12126,-0.10296,-0.11237,-0.14712,0.082101,0.26868,-0.022296,-0.087146,0.064043,0.03475,-0.17635,0.01032,0.12946,0.04218,0.082745,0.0086233,-0.048831,0.098063,0.011199,-0.038104,-0.26098,0.085003,-0.069764,0.20937,0.016994,0.0068845,0.062748,0.0073961,-0.12366,-0.089102,0.14046,0.035386,0.12422,-0.047349,0.037523,-2.6172e-05,0.00032385,-0.13169,-0.13068,0.1796,-0.18088,0.042068,-0.079394,0.046925,0.14431,0.055548,-0.025505,-0.027597,0.091763,0.02694,-0.044271,-0.0183,-0.0571,0.0050476,-0.084261,0.090916,-0.016422,-0.11029,0.033791,-0.098857,0.031414,0.093649,0.068973,0.070332,-0.066838,-0.057354,-0.065928,-0.023977,0.060259,-0.001136
0.00042801,-0.057057,0.078486,0.053234,-0.10118,-0.041163,0.042552,-0.13161,0.080728,-0.059544,-0.14406,0.032136,0.045526,0.049165,0.10624,-0.050268,-0.21875,-0.051789,0.087452,-0.081511,0.038785,0.080147,-0.033178,-0.15204,-0.12748,0.0002275,-0.064909,0.070797,-0.071042,0.090617,0.0018699,-0.067235,-0.06256,0.024431,0.10006,-0.01554,-0.10495,0.14758,0.03406,-0.089216,-0.1893,0.038898,0.13014,-0.019801,0.16745,-0.1066,-0.073445,-0.013049,0.024609,-0.0051225,0.011993,-0.11361,0.061359,-0.11846,0.053097,-0.15973,0.13037,-0.035577,-0.024131,0.088322,0.088036,0.10418,-0.16595,0.12181,-0.013064,0.016985,0.089974,-0.071761,-0.027471,0.061648,0.035015,-0.019717,0.15856,-0.03009,-0.099907,0.045538,0.13918,-0.037783,-0.045878,-0.083992,-0.03279,-0.065275,0.058914,-0.022673,0.038838,0.13345,-0.064736,0.075742,-0.1146,-0.10597,-0.1217,0.083604,-0.1216,-0.037165,0.027102,-0.019139,-0.0032062,0.24711,-0.12585,0.12305
-0.12135,-0.10608,-0.046423,-0.083838,0.12416,-0.099539,-0.080751,-0.051577,0.14647,-0.10662,-0.16621,-0.012111,-0.087323,-0.085855,0.018812,0.010226,0.019755,-0.055379,-0.1589,-0.17534,0.13746,-0.068748,0.090924,0.18356,-0.035845,-0.1901,-0.089773,0.10743,-0.15767,-0.040823,0.18581,-0.14163,0.075856,0.0083729,0.059273,0.034494,-0.10621,-0.041288,-0.045691,-0.0058665,-0.072523,-0.15304,0.051606,-0.040088,0.19479,0.22154,-0.018084,-0.0016413,-0.056303,-0.15682,0.087409,-0.13711,-0.0078464,0.0045535,-0.03507,0.096402,-0.030421,0.12773,0.070205,-0.021936,0.059622,-0.37477,-0.036959,-0.039712,0.15113,-0.18232,0.12662,0.025718,0.13376,0.11254,-0.0058876,0.13165,0.18252,0.21358,0.15827,-0.11817,-0.063871,-0.035276,-0.073695,0.034798,0.10944,-0.14597,-0.04851,-0.11411,-0.1175,-0.063825,-0.039987,0.026905,0.00042657,0.058358,-0.0043978,0.037018,0.21025,-0.011172,0.1669,0.013197,0.068685,-0.057212,0.21806,0.028927
-0.0090105,0.078274,0.026416,-0.069033,-0.14081,-0.039705,-0.15115,-0.10077,-0.05757,0.25999,0.053681,0.085039,0.11731,-0.033942,-0.019114,0.071163,-0.14895,-0.059937,0.095247,-0.090159,-0.096312,-0.041685,0.028157,0.024003,-0.12144,0.0013316,0.019516,-0.12139,0.004062,-0.14049,-0.17117,0.014535,-0.11666,-0.057785,-0.026595,-0.13711,-0.21745,-0.097462,0.018956,-0.078141,-0.0098573,-0.076175,0.18738,-0.065699,-0.064902,-0.035224,0.043797,0.14847,-0.026846,-0.037878,-0.11737,-0.2241,-0.048535,0.12008,-0.10805,-0.060111,-0.10657,0.22983,-0.05359,-0.041023,-0.024244,0.097345,-0.025019,0.0062253,-0.033238,0.19101,-0.017607,0.064032,0.10537,-0.010461,0.01025,0.12275,-0.010255,-0.062451,0.12586,0.014354,-0.15512,0.17318,-0.18052,-0.0062456,0.12165,-0.053034,0.062796,0.01238,-0.092432,0.021502,0.10298,0.015026,0.040373,-0.14952,0.063515,-0.13799,-0.040318,-0.2375,-0.22327,-0.018593,-0.0035082,0.010999,-0.011842,-0.016568
-0.10347,-0.028489,0.057407,0.1173,-0.01306,-0.036849,0.059282,-0.070808,-0.0053322,-0.058371,0.031149,-0.01631,0.11622,-0.0017902,0.016574,-0.17791,-0.061271,0.06251,-0.11688,0.12196,-0.18669,0.18338,-0.1352,0.11115,0.22607,-0.034411,0.025751,-0.12187,0.071336,-0.049858,-0.025097,0.038512,-0.19121,-0.052374,-0.018047,-0.080908,0.30379,0.042802,0.11692,-0.083533,0.035201,-0.14027,-0.17133,0.020391,-0.14241,-0.03612,0.02697,0.03954,0.090036,0.17687,-0.031175,-0.029632,0.10725,0.10792,-0.032422,0.065398,0.037248,-0.12608,-0.052854,0.037455,-0.12149,-0.025997,0.039784,0.0069046,0.10382,-0.013395,0.065535,0.069737,-0.14508,-0.22058,-0.016784,-0.048298,0.13359,0.17844,-0.18761,-0.092787,0.176,0.061633,0.13379,-0.001636,-0.085864,-0.096487,-0.038201,-0.08398,-0.039927,-0.18238,0.072991,0.038817,0.072585,-0.14935,0.01579,-0.13851,-0.011006,0.20449,0.2452,-0.29488,-0.15163,-0.12554,0.059341,-0.040269
-0.2132,0.020667,-0.013144,-0.041035,0.020686,0.054361,-0.12453,0.030135,-0.030668,-0.010102,-0.0070068,0.042148,0.19482,0.066972,0.058749,0.059159,-0.16403,0.074302,0.024357,-0.083077,-0.036823,0.048052,-0.075444,0.0097626,-0.026539,0.04656,0.067863,0.089371,0.00040349,-0.07113,-0.041518,0.10168,-0.0083449,0.059057,-0.08883,-0.010326,-0.073416,0.15955,0.0092812,0.11642,0.099789,-0.15535,0.052821,-0.12005,0.0036235,-0.063518,-0.22679,0.12557,0.0027761,0.11191,-0.029198,-0.0019304,-0.15581,-0.25324,0.0092053,-0.003812,0.02302,0.017576,0.060663,0.058929,0.048455,-0.043642,0.081463,0.10883,0.047595,0.029101,0.094323,-0.21332,-0.2124,0.15776,0.12878,-0.097004,-0.13713,-0.11097,0.17378,-0.090786,-0.074094,0.27318,0.10949,-0.20951,-0.036045,0.038973,-0.16825,0.070333,0.16972,-0.036756,0.11776,-0.041177,0.12061,0.13254,-0.068242,-0.16566,-0.053254,-0.019986,-0.027403,-0.015674,-0.01235,-0.027246,0.0010837,-0.21166
0.025042,0.21356,-0.068185,-0.14227,0.084664,-0.11457,0.045309,0.093712,0.015928,0.079677,0.078211,-0.089212,-0.020398,-0.074413,-0.060732,0.043297,0.19155,-0.2539,-0.050953,-0.08778,0.082652,0.11996,-0.15428,-0.02997,-0.0010022,-0.08574,-0.048446,0.17851,-0.10383,-0.04731,-0.11249,0.00070176,-0.013596,0.020512,0.029915,-0.039722,-0.16604,-0.04735,0.054592,0.0026805,0.082469,-0.18377,-0.1065,-0.087611,0.18337,-0.13628,-0.11133,0.041925,-0.036323,0.061367,-0.0024348,-0.043102,-0.015725,0.059449,0.040109,0.12135,-0.064562,-0.068152,-0.017064,0.012313,0.22109,0.15359,-0.1537,0.016709,0.13004,-0.17065,0.036955,-0.17496,0.094498,-0.17328,-0.0062221,-0.0047088,0.18353,-0.0027496,0.038307,-0.046626,-0.24857,-0.010179,0.10066,0.028721,0.074425,-0.036623,0.028992,0.059176,-0.26097,-0.11423,0.080774,-0.064699,-0.0092779,0.17456,-0.014232,-0.0075643,0.062218,-0.015226,0.10223,0.047231,0.13072,-0.064087,-0.15017,0.091278
0.10941,0.17994,0.083965,0.14872,0.085796,-0.007205,0.05908,0.10927,0.14721,0.020605,0.084556,-0.11401,-0.14148,-0.076003,-0.059285,0.016641,0.079208,-0.060717,-0.029481,-0.068323,-0.12895,-0.036662,0.19507,0.05668,-0.074558,0.016378,0.24101,0.048679,0.042374,-0.071298,0.053345,0.023038,0.073812,-0.049281,-0.084264,0.11202,-0.034232,-0.093936,0.10895,0.026383,-0.23062,-0.058195,0.0092686,-0.046213,0.069879,0.070799,0.18746,0.0086746,0.11024,-0.043599,-0.0042251,0.19718,-0.070508,0.089088,0.014652,-0.062617,0.14294,0.021472,0.093797,0.049076,-0.12853,-0.15669,0.082711,0.089054,0.045402,-0.061796,-0.10286,0.054267,-0.018314,0.04734,-0.01958,0.1005,-0.0059109,-0.017103,0.080941,0.16235,0.032869,-0.082301,-0.018651,0.13973,0.067156,0.050768,0.025797,0.14844,-0.138,0.12721,-0.021078,-0.10645,0.090092,-0.070535,-0.074057,-0.059885,0.068499,-0.013665,-0.10901,0.04411,-0.022144,-0.0051269,0.094149,0.11481
-0.047876,0.022279,0.048424,0.014069,-0.16158,0.07468,-0.20838,-0.14216,-0.36612,0.099994,0.10014,0.079268,-0.086309,-0.011427,-0.020478,0.06973,0.07692,-0.055245,-0.0061984,-0.093445,0.060473,-0.067214,-0.050616,-0.10786,0.029694,-0.058336,-0.0095549,0.029756,0.047706,0.034919,-0.084205,0.021394,-0.10488,-0.14845,0.059656,-0.081543,-0.038931,0.13081,0.017111,-0.010209,0.054958,0.13324,-0.036658,0.02729,0.2452,-0.00078997,0.022918,0.043351,0.26633,-0.092691,-0.082583,-0.093373,0.12387,0.018463,-0.038368,0.086315,-0.15599,0.13611,-0.11524,0.14869,0.082208,-0.089089,0.045564,0.0317,-0.055927,0.050973,-0.098875,-0.072293,0.0046344,0.095399,0.086211,-0.030743,0.082013,0.0034641,-0.1094,-0.0025792,-0.049122,-0.043865,0.038225,0.050765,-0.11511,-0.04387,0.14836,0.22437,0.060597,0.031236,0.10185,-0.12549,0.076829,-0.045339,0.018266,0.14386,-0.022146,-0.065612,0.030309,0.12358,0.0014345,-0.061694,-0.080759,-0.16363
0.04964,0.083922,-0.031977,0.042543,0.041692,-0.12899,-0.014173,0.035183,0.18765,-0.058811,0.12589,-0.072233,0.083527,0.14059,0.070939,0.042478,-0.14519,-0.0096016,-0.08253,-0.11058,-0.16597,-0.13439,0.042571,0.079525,0.025608,0.069762,-0.086738,0.048772,0.032944,0.036854,-0.14563,-0.14677,0.13418,-0.037957,0.015946,0.17134,-0.30622,-0.0033043,0.05974,0.23965,0.082019,0.040238,0.12766,0.058184,-0.025923,-0.046071,0.031155,-0.021489,-0.094742,-0.003268,-0.011368,-0.035823,0.044566,-0.065515,-0.0037962,0.049879,-0.022358,-0.056055,-0.058485,0.073679,0.028621,0.14006,0.15251,-0.040525,0.049783,-0.043004,-0.037806,-0.17659,0.020828,0.11849,-0.09616,-0.021067,0.10533,-0.078304,-0.042142,-0.08279,0.12875,0.094766,-0.11267,-0.086431,-0.10671,-0.083844,-0.14417,0.0044107,0.03832,0.13371,0.032226,-0.012862,-0.064487,-0.029537,0.025636,0.029411,0.0041102,0.11869,0.031889,0.18484,0.03891,0.002067,0.18769,0.024369
0.23669,0.018558,-0.035801,0.026988,0.021295,0.043618,0.14109,-0.15151,-0.13047,-0.0018923,-0.063328,-0.23372,-0.27475,0.19279,0.099231,0.066302,-0.01359,-0.13285,0.14973,-0.016238,-0.011594,0.032606,-0.056313,0.21829,0.089174,0.11395,-0.071942,-0.049426,-0.045817,0.061377,0.084657,0.029282,0.069704,-0.017822,0.15706,-0.076397,0.12253,0.10247,-0.13971,-0.12734,0.074267,0.02595,-0.0067976,0.14091,-0.026945,0.081867,0.035094,-0.16144,0.028685,-0.034318,0.016699,0.061138,0.18787,0.040883,-0.15173,0.07971,-0.030748,-0.018318,0.077297,-0.0069621,0.13047,-0.12242,0.13044,0.18655,-0.026414,0.044359,-0.18294,0.25758,-0.11095,-0.029932,0.071098,-0.10092,-0.042541,0.12305,0.070945,-0.048357,-0.085924,-0.055656,-0.0086034,-0.10253,-0.22399,-0.17263,0.15318,-0.069565,0.018826,-0.054493,0.044951,0.088385,-0.035956,-0.12083,0.017907,-0.089006,-0.0026397,-0.039695,0.045388,-0.079509,0.0035961,-0.08517,0.11555,-0.077075
0.015097,-0.060778,-0.037981,0.045202,0.041737,-0.030586,-0.038955,0.077122,0.123,-0.096991,0.039812,-0.082582,0.021451,0.05882,0.085736,0.11588,0.015648,0.15677,-0.031492,0.15808,0.18867,-0.071173,-0.030482,-0.13646,-0.010795,-0.10431,-0.015688,0.025467,0.038625,-0.10568,0.19809,0.15799,0.063143,-0.17395,0.077531,0.24857,-0.11645,-0.15768,-0.0026965,-0.054768,-0.07052,-0.086713,0.026354,0.0047698,-0.041171,-0.093359,0.016082,0.017908,-0.011588,0.095568,0.13073,0.057762,-0.058829,-0.033763,0.12508,-0.068954,-0.1782,-0.15122,-0.19279,0.032196,-0.17755,0.099601,-0.047045,-0.015325,0.044747,-0.17644,-0.046445,-0.029109,-0.10786,0.071986,-0.041931,-0.067058,0.013423,-0.0056808,0.0070279,0.029226,0.092529,0.10869,-0.017379,0.22332,0.16236,0.090167,-0.068568,0.2159,-0.012308,-0.040777,0.087308,-0.050283,0.051678,0.033312,-0.057368,-0.11157,0.18181,-0.020563,0.10543,-0.18142,0.05009,-0.15042,-0.099383,-0.030276
0.18723,0.040481,0.10211,0.17205,-0.40653,0.080968,-0.040666,-0.11877,-0.024135,-0.064004,-0.026206,-0.2307,0.032534,-0.023686,0.14984,-0.083292,-0.12251,-0.20053,-0.048346,-0.057601,-0.046677,-0.037545,0.017538,0.182,0.030042,0.076784,0.20762,-0.021383,-0.03153,-0.046114,0.084177,0.2048,-0.012651,-0.16604,-0.028909,0.075402,0.076258,0.042704,0.077053,0.2488,-0.017601,0.052773,0.044828,-0.065349,-0.09241,0.14016,-0.037226,-0.015951,0.0093198,-0.031638,0.17851,0.005031,-0.064331,0.068577,-0.04486,0.061117,0.16769,0.016606,-0.067804,0.039,0.11824,0.02011,-0.135,-0.11176,0.10247,0.2112,-0.047524,-0.10038,-0.13836,-0.036326,0.10307,0.11777,0.046815,-0.11559,-0.050749,0.10149,0.028076,0.12587,0.081734,0.20534,0.03724,0.03242,0.123,0.084042,0.072564,-0.1074,0.075482,-0.037538,0.054116,0.064556,-0.054814,-0.050801,0.035943,0.098859,0.018576,-0.087088,-0.14304,0.014661,-0.0627,0.042056
0.12372,-0.099905,-0.041294,0.066482,0.054479,-0.072644,0.0081466,-0.020062,0.0061609,-0.19358,0.098824,0.04766,-0.023383,0.0049209,-0.29418,-0.045095,0.017342,-0.063824,-0.13347,0.040731,0.033731,0.12005,0.11178,-0.086497,0.041268,-0.10465,-0.19178,-0.034697,0.064811,0.05134,0.12524,-0.10754,-0.067282,0.19962,0.095961,-0.12203,-0.023736,0.018789,0.077795,-0.0015528,-0.015281,0.096279,-0.11589,0.1267,0.01933,0.17899,-0.063719,-0.042448,0.14539,-0.010561,-0.043516,-0.090055,-0.060722,0.018389,0.017714,-0.0017453,-0.095225,-0.29901,-0.17363,0.14304,-0.13796,-0.03441,-0.035493,0.079161,-0.10489,-0.092869,0.020173,0.20183,0.097972,0.07616,0.095117,0.09062,0.020838,0.11062,4.889e-05,-0.10122,-0.15176,-0.26181,0.052707,0.12334,-0.13733,-0.097603,-0.12338,0.094222,-0.12434,-0.04337,-0.12909,-0.0058413,-0.0067266,-0.13785,-0.087076,0.01366,0.045418,0.064057,0.018368,0.069706,0.12822,0.16042,-0.0020757,-0.13001
0.25709,0.041236,0.097908,-0.017169,0.20262,-0.094006,0.11552,-0.075589,3.2026e-05,0.0033045,-0.0049572,-0.22729,-0.1606,0.0073491,0.05055,-0.01182,-0.070318,-0.10228,0.024374,-0.035251,-0.0096709,0.068048,0.018388,0.14578,-0.039553,-0.075079,0.092736,0.068274,0.034299,0.067256,0.10775,-0.18558,0.012441,0.057809,-0.027362,0.038573,0.050182,0.029241,-0.036126,0.014874,0.14744,0.035278,0.012225,-0.014141,-0.06222,0.20123,0.079491,0.11866,0.19939,-0.022162,-0.18186,-0.020455,0.13287,-0.00087401,0.06428,0.034203,-0.10322,-0.050599,0.11201,0.12309,0.060181,-0.13873,0.015108,0.021866,-0.074806,0.14999,-0.082067,-0.15196,-0.10514,-0.023503,0.14421,0.019912,0.18915,-0.38485,-0.070976,-0.18697,-0.035659,-0.05575,0.024349,0.024909,0.002076,-0.075894,-0.017468,0.015727,0.024472,0.073549,-0.090149,-0.067502,-0.092157,0.031347,-0.0090174,-0.080214,0.17459,0.10354,-0.040204,0.042381,0.10276,-0.0009401,-0.055136,-0.07776
-0.13805,-0.060944,-0.084779,-0.061955,-0.011685,0.10157,0.05491,-0.10969,-0.054757,-0.040925,-0.13606,-0.0081645,0.010071,0.21223,0.063544,0.051309,0.049903,0.19033,-0.022665,-0.016941,0.16023,0.0067763,-0.0090142,-0.023974,0.083003,-0.056809,-0.075633,-0.011752,-0.018205,-0.16704,0.0046943,0.13844,-0.047551,0.044855,0.085413,-0.05065,-0.035194,-0.03142,0.2388,-0.0090119,0.041307,-0.15726,0.032533,-0.10739,-0.11915,-0.10656,0.066876,-0.14609,-0.1004,0.0762,-0.059622,0.10889,0.010932,-0.097184,-0.1444,-0.063001,0.20689,-0.14517,-0.038629,-0.029906,0.067486,0.0037797,-0.089756,0.045134,0.024032,0.0064419,0.013151,0.047485,0.037608,-0.18181,-0.01245,-0.063611,-0.039288,0.031021,-0.14886,0.07052,0.050693,-0.021673,0.039871,-0.07614,0.045098,0.0091168,0.078736,-0.03843,-0.049763,0.088381,0.03457,-0.12411,0.11329,0.17467,-0.032798,0.079173,0.1328,-0.0559,-0.098222,0.014748,-0.013291,0.040064,-0.19149,0.012041
0.090807,-0.037893,0.046959,-0.080088,-0.16332,-0.010779,-0.011695,0.073658,-0.052689,0.019432,0.055577,0.042408,0.15587,0.046549,-0.02921,-0.010522,-0.073359,-0.12714,-0.103,0.30445,0.10058,0.035679,-0.19843,0.1102,-0.057605,-0.088153,-0.0051227,0.1356,0.01418,0.054245,0.19987,0.11713,0.0044126,-0.0044634,-0.15917,0.20402,0.036002,0.0066584,-0.08796,-0.065249,0.17072,0.037791,-0.053584,-0.037592,-0.17879,0.10903,-0.10125,-0.09912,-0.022967,0.05864,-0.016786,-0.10291,-0.045346,0.00050797,0.094993,0.1367,0.075411,-0.11935,0.051884,-0.088741,-0.11638,-0.14032,-0.22308,-0.06032,0.16208,-0.053443,-0.075325,0.10192,-0.21339,0.034509,-0.070486,0.0069458,-0.018491,0.070622,-0.11775,0.10368,-0.17831,-0.0095518,0.013431,-0.15117,0.051157,-0.11791,0.09474,-0.0028319,0.0071785,-0.0052173,-0.26332,0.16113,0.10067,-0.19564,0.034419,-0.039577,0.017284,0.042453,-0.021545,0.29556,-0.066901,0.063355,0.0058475,-0.072875
-0.16991,0.15786,0.055799,-0.0015759,-0.019542,-0.091488,-0.15118,-0.023074,0.11066,-0.014955,0.036138,-0.070309,-0.15266,-0.10452,0.00033911,0.029414,0.0010096,0.25805,-0.056397,-0.079526,-0.019005,-0.20828,0.05314,-0.0031369,-0.059839,-0.13376,-0.043438,0.0092157,-0.10437,0.09098,0.021214,0.0045637,0.042464,0.092023,0.048535,0.083283,0.059189,0.11642,-0.09378,0.0040396,0.077792,0.09656,-0.10655,0.13528,-0.070251,0.096781,0.10239,-0.016569,0.017577,0.11698,-0.099491,-0.022486,-0.027332,-0.050523,0.14259,-0.016734,-0.13654,-0.11732,-0.10053,0.038573,0.14932,-0.0077393,0.075042,-0.042533,-0.043932,-0.063996,0.18085,-0.21307,0.062549,0.017949,0.10899,-0.076352,-0.034918,0.12148,-0.013527,0.058281,0.053914,0.02334,-0.074458,-0.12684,0.021145,0.028836,0.1639,-0.10075,-0.052718,0.032628,0.051074,0.086957,0.19274,0.11406,-0.052009,0.033798,-0.09108,0.049672,-0.13105,-0.15764,0.017719,-0.040223,0.11922,-0.13273
-0.03515,0.015684,0.20299,-0.073463,-0.073376,-0.12114,-0.066381,-0.15404,0.20726,-0.030191,0.15738,0.047956,-0.24733,0.015333,-0.054027,0.027627,-0.19874,0.21615,0.0045993,-0.06463,-0.15085,0.097274,-0.04931,-0.027395,0.11607,-0.048718,-0.21802,0.10498,-0.017579,-0.090033,0.18594,-0.07074,0.026178,0.10447,-0.054373,0.095931,-0.048017,0.10605,0.047427,-0.16799,0.10356,0.11377,-0.12271,0.078714,-0.025231,-0.10535,0.058916,0.11399,0.0081521,-0.20648,0.043426,0.063695,-0.15389,0.063667,0.1055,-0.067962,-0.037472,0.16444,-0.11749,0.081409,0.072646,-0.090088,-0.13524,0.20756,-0.054291,-0.065814,-0.20412,-0.037649,-0.13036,-0.12443,-0.11867,0.017341,0.18937,0.068056,0.19131,-0.064124,-0.12832,0.060824,0.029107,-0.023748,0.13114,-0.21205,-0.090018,0.017166,-0.046881,-0.027646,-0.040681,-0.14687,-0.10944,-0.091289,-0.018766,0.0225,-0.099411,0.052791,0.21679,0.041591,-0.0060492,-0.092097,0.13771,0.19952
-0.031259,0.039325,0.06615,0.097674,0.02843,0.22071,-0.16509,-0.038068,0.032106,0.062638,0.031919,-0.16711,-0.044045,0.028989,-0.016829,-0.062276,0.10421,-0.062266,-0.093025,-0.051795,-0.042836,-0.020124,-0.041263,-0.043207,0.026056,0.11384,0.072142,0.03451,0.088995,0.10951,-0.028591,-0.11354,-0.05493,-0.074933,0.052023,-0.005664,0.098341,0.11138,-0.00028339,-0.041251,0.13472,0.010664,-0.088314,-0.065613,-0.16541,-0.12229,-0.048973,0.27425,0.34978,0.0011922,0.089511,-0.04117,-0.088359,-0.029029,-0.038639,-0.02592,0.064659,-0.0087075,-0.017537,0.045193,-0.14728,-0.13712,0.059258,0.0182,-0.033243,0.031601,0.11324,0.0010354,-0.12224,0.024071,-0.059659,-0.057286,-0.018245,-0.12264,0.091153,-0.031718,-0.12899,0.047525,-0.0036508,0.016174,0.1241,-0.14297,-0.050642,0.02123,0.13372,0.025414,0.24024,-0.020491,0.19802,-0.066003,-0.075761,-0.036514,0.1102,-0.028301,-0.021597,-0.098417,0.14363,-0.1662,0.045104,-0.0048548
0.079485,0.06916,0.13235,-0.032368,0.067855,0.017903,0.070048,0.0031425,-0.062717,0.19262,-0.1163,-0.004919,-0.00045053,-0.069537,0.12574,0.048225,-0.044862,0.17304,-0.083646,-0.2653,-0.039285,0.0078507,0.111,0.043151,0.20332,-0.041499,0.0016698,0.077324,-0.014195,-0.10164,-0.095797,-0.079426,-0.019506,0.055557,0.0077617,0.03713,-0.1179,0.00042755,0.13814,0.14495,0.074781,0.004817,-0.0034863,-0.027413,0.20011,0.19686,-0.17071,-0.0062205,0.1269,0.080779,0.0246,-0.061312,0.16633,0.070075,0.03418,-0.049258,-0.061399,0.084606,0.098875,-0.13842,-0.041212,0.086169,-0.12351,-0.112,-0.11911,-0.20512,0.036521,0.031911,0.025665,-0.031995,-0.1343,0.011447,-0.089029,0.10361,-0.067205,0.032003,-0.077001,-0.015374,0.037847,0.011762,0.22768,4.023e-05,0.031839,-0.030816,0.10394,-0.13599,0.0092605,-0.12524,0.21026,0.24471,-0.12122,0.0736,-0.03777,-0.050895,0.079783,0.053583,0.088039,-0.046319,-0.061879,-0.006403
-0.00089961,-0.018753,-0.04949,-0.127,-0.089087,0.20569,-0.10024,-0.085478,-0.041518,0.072787,-0.058651,0.21848,-0.071144,0.088795,0.015668,-0.064865,-0.06387,-0.25855,-0.0088903,0.13996,0.049656,0.10152,0.08469,0.0307,-0.050611,-0.0079207,0.084214,0.071356,-0.023105,0.09754,0.006742,-0.041648,0.10354,-0.16651,-0.049244,-0.045916,0.010506,-0.12576,-0.04271,0.027677,-0.084179,-0.11555,0.067744,0.098308,-0.026164,0.2,0.0094815,0.21251,0.16906,-0.082686,-0.20883,0.1208,0.02706,-0.0093606,-0.0045384,-0.13532,0.056531,0.18413,-0.11972,-0.037294,0.026787,-0.13936,-0.069954,0.038904,0.066816,-0.11002,-0.23495,0.013295,-0.032178,0.031478,-0.015504,0.13048,-0.046768,0.19705,-0.016604,0.13532,-0.094368,-0.14049,0.0082677,-0.08932,-0.12484,0.1068,0.13265,-0.064282,0.16751,0.018019,0.10243,-0.016721,-0.050054,0.10701,0.14739,0.024298,0.20589,-0.22436,-0.047693,0.067691,0.10753,-0.013221,-0.06617,0.15331
0.030093,0.030594,0.0019063,0.068142,0.025656,-0.11592,-0.11546,0.28276,0.064917,-0.15249,-0.12902,-0.012809,0.14042,-0.12357,-0.030764,0.097156,0.029738,0.05994,-0.070136,-0.17194,-0.086014,0.066434,0.099828,-0.099215,-0.022427,-0.040056,-0.04791,-0.11702,-0.015257,0.10608,-0.040581,0.011853,0.00020789,0.12258,-0.12014,0.045699,-0.094182,-0.045403,-0.028481,-0.03685,-0.063158,0.082902,-0.048156,0.052254,-0.039347,0.12591,0.0070157,0.035744,0.11903,0.035964,-0.080974,0.02743,-0.10884,0.073352,-0.092422,-0.20317,0.16355,-0.040865,0.10378,-0.064905,0.0041082,0.0050904,-0.036576,0.12114,-0.090304,0.072126,-0.090483,0.051365,-0.013685,-0.12114,-0.060459,0.0015721,-0.085111,-0.080335,0.042484,-0.024566,-0.049997,0.078282,0.11246,-0.027939,0.075568,-0.095371,0.0014816,0.034268,-0.085901,-0.19032,0.1571,0.011394,0.0097997,0.036786,0.07772,-0.038346,0.02842,-0.056868,0.14094,0.089191,0.081525,0.086239,0.021738,0.12826
0.15247,-0.053847,0.0043585,-0.0012573,-0.011417,-0.11175,-0.023883,-0.10764,-0.043194,-0.038553,-0.092435,0.087786,0.061875,-0.076967,-0.034942,-0.097619,0.023362,-0.046934,0.11169,-0.024875,0.11644,0.096181,-0.034433,0.034003,0.15181,0.083696,0.089969,0.085327,0.012123,0.078197,0.012329,-0.035641,0.21183,-0.017171,-0.018222,-0.10812,0.096891,0.13396,-0.064081,-0.10733,0.10134,0.030057,0.070491,0.018891,0.18549,-0.10149,0.11229,0.14153,0.14105,0.043151,-0.07009,-0.28141,-0.038384,-0.24606,0.034836,0.0089574,-0.075315,-0.082448,-0.047503,-0.29166,-0.1293,-0.071138,0.043912,0.019998,-0.10099,-0.018607,-0.089066,-0.12292,0.093105,0.014469,0.19129,0.19582,0.099029,-0.11583,-0.052601,-0.11829,0.093966,0.0060114,-0.055836,-0.10726,-0.16638,6.2584e-05,0.11742,0.065987,-0.053203,-0.019658,-0.052956,0.19374,-0.040194,-0.1233,-0.1552,-0.013775,-0.018876,-0.039668,-0.035286,0.050993,-0.10385,0.25304,0.0079381,-0.032147
0.020307,0.062357,0.1269,-0.14882,-0.051567,0.027682,-0.053202,0.038667,-0.018586,-0.061628,0.11007,0.031094,-0.18535,-0.076559,-0.098993,0.041258,0.15901,-0.058496,0.008883,-0.068753,-0.045284,0.15546,-0.10102,-0.090053,0.11345,-0.10687,0.16464,-0.17261,-0.15882,0.16562,0.010929,0.13049,-0.28551,0.015688,-0.081221,0.081224,-0.042918,-0.17451,0.037114,0.1468,0.069311,0.04381,-0.062654,0.033049,0.11689,-0.0059524,0.0062199,0.20286,0.1988,-0.12594,-0.029675,0.12266,0.2463,-0.080649,-0.010863,0.074091,0.010737,0.0064115,0.011586,-0.095605,-0.050183,-0.060669,-0.03076,-0.1543,0.055375,-0.1933,0.069141,-0.0013301,-0.072021,-0.086957,0.11206,0.13695,0.012488,-0.061854,0.051515,0.19277,-0.062419,-0.25274,-0.095176,0.059926,0.025136,0.11957,-0.031487,-0.041479,0.063097,-0.04239,0.15111,0.0021061,-0.0024083,-0.045168,0.010327,0.12909,0.15469,-0.029452,-0.12835,0.060542,0.025566,-0.055365,0.2271,0.10826
-0.13031,0.021818,-0.13535,-0.11805,0.060906,-0.15167,-0.0059602,0.097014,0.079946,0.04101,0.11072,0.055797,0.0095453,0.11233,-0.09038,0.24085,0.23293,-0.0099252,-0.064774,0.018582,0.14621,0.040679,0.15734,-0.020685,-0.062213,-0.10123,-0.057436,0.1919,0.088659,0.043506,0.054521,-0.12835,0.10695,0.055246,-0.09595,0.31871,-0.045351,0.022396,0.15115,0.042807,-0.13161,0.1278,0.0046001,0.060373,-0.023707,-0.017016,0.039848,-0.13502,0.18202,-0.050859,-0.13069,-0.069174,0.039224,-0.074363,0.21937,-0.036075,0.013578,-0.11758,0.1213,0.057254,-0.038386,0.0075433,0.0072756,0.055454,0.18018,-0.11351,-0.065404,0.020485,-0.11337,-0.13312,-0.078756,0.13043,-0.087984,0.16695,0.024461,-0.012531,0.051304,0.018457,0.11508,0.16593,-0.038675,-0.037275,0.059203,0.16833,-0.11473,0.012293,0.026532,0.13972,0.15902,-0.040888,-0.030372,-0.12621,0.015881,-0.030967,-0.0080419,0.1753,-0.10421,-0.22802,0.079509,0.030569
0.045006,-0.077802,-0.14558,-0.094079,-0.089459,0.054698,-0.13363,-0.015731,0.15971,-0.051216,-0.21517,-0.024553,0.087168,0.027965,-0.060342,-0.15376,0.099811,-0.03644,-0.0071888,0.17448,0.023835,-0.060467,-0.10224,0.070068,-0.034952,0.045059,0.058637,0.024398,-0.0067258,0.10617,0.075086,-0.071176,0.013091,-0.019972,0.13267,-0.02924,-0.22384,0.14657,0.075645,-0.22625,-0.18542,0.15002,-0.034495,0.032341,0.062971,-0.1135,0.024274,0.018163,0.033569,-0.081631,-0.10703,-0.2314,0.03685,-0.19343,0.055406,-0.14914,-0.20618,0.0062042,-0.11383,0.20439,0.070918,-0.048132,-0.053813,-0.11014,0.0083517,0.0052119,-0.081214,0.12715,0.15099,-0.1801,0.024178,-0.13114,0.042353,-0.03046,-0.16306,-0.014121,0.017734,-0.019481,0.031077,0.073593,0.1441,0.22399,0.041601,-0.083923,0.00092273,0.051783,0.18593,0.067118,-0.036268,0.0055334,-0.012743,-0.078793,-0.088628,0.040307,-0.027666,0.11458,-0.01713,-0.14238,0.10413,-0.059598
-0.029146,0.03403,0.024183,-0.0055191,0.022975,0.066527,-0.15998,0.16706,-0.19989,-0.083615,-0.083779,0.024003,0.13231,-0.032097,0.11175,-0.020319,-0.048566,0.090798,-0.054252,-0.014588,-0.069884,0.020639,0.093674,-0.11465,-0.11893,-0.12719,-0.079232,0.033324,0.01303,-0.054696,-0.0065979,0.20402,-0.052358,0.010543,-0.1348,0.091613,0.084594,0.076575,0.11238,-0.0027975,-0.24714,0.026951,-0.083995,0.054759,-0.028069,0.26091,0.064746,-0.02822,-0.070479,0.12172,0.0048066,0.11335,0.10038,-0.1389,0.015189,-0.24642,0.23482,-0.28488,0.23416,0.017926,-0.022666,0.064701,0.083218,-0.056587,0.002639,0.062641,0.12298,-0.14218,0.083268,0.085535,-0.15001,0.093439,-0.08129,0.24918,0.0087702,0.10943,-0.18479,0.0036449,-0.030912,0.069421,-0.17564,0.19063,0.0096969,0.10548,0.051722,-0.082876,0.10024,0.10088,0.053727,0.10094,0.029293,0.15176,-0.030096,0.082453,-0.10883,0.066035,-0.10652,-0.086007,0.040818,0.087765
0.16759,0.049253,-0.022263,0.082664,0.086341,0.013462,-0.17222,0.1155,-0.10176,-0.027217,0.0041335,-0.08024,0.059989,0.056864,-0.029541,-0.027552,0.0015973,-0.24161,0.061662,0.095135,-0.19651,0.12663,0.0088656,-0.046441,-0.13096,0.073575,-0.049023,-0.099517,0.059829,0.20221,0.20184,-0.053754,-0.030063,0.11151,0.12203,0.018414,-0.016875,0.056558,-0.016586,0.070075,-0.036307,0.045961,0.043488,0.084062,-0.17828,-0.085888,0.0015624,-0.040786,0.1177,-0.071526,0.028446,0.010112,0.01737,-0.13588,0.15346,-0.09254,-0.16681,-0.032523,-0.061589,-0.075841,-0.12848,-0.036059,0.085819,0.024989,0.0022685,0.15775,-0.0076485,0.013989,-0.096169,-0.013581,0.038106,-0.060234,0.10403,0.032245,0.037849,-0.060327,0.046592,-0.28303,0.012489,0.053727,-0.022797,0.099658,0.20439,-0.026697,0.066695,-0.15135,-0.11902,-0.17675,0.10345,0.089129,0.025097,-0.016854,-0.16546,0.2044,-0.090358,-0.15684,0.032284,-0.11728,-0.10353,0.019696
0.044038,0.063723,-0.067904,0.020476,-0.069851,0.065052,0.10637,-0.024194,0.13026,-0.098899,0.04401,-0.15974,-0.0065141,-0.036967,0.048513,-0.15209,-0.0697,-0.051566,-0.16345,-0.00049119,0.053817,-0.13881,-0.01268,0.018492,0.024127,0.095342,0.126,-0.14662,0.0068776,0.091368,0.039597,-0.015297,0.09947,-0.098295,0.11135,-0.05992,-0.12369,0.1388,0.14101,-0.069629,-0.0094666,0.0016818,0.1164,-0.066208,0.010365,-0.018425,0.014251,0.035392,-0.067288,0.059868,0.10533,0.048546,-0.085038,-0.038137,-0.087607,0.011283,-0.016473,-0.098668,-0.085102,-0.12639,-0.08308,0.052351,-0.061931,-0.035441,-0.11072,0.12434,0.12004,0.039924,0.12164,0.065817,0.13504,-0.052246,-0.11891,-0.014517,0.15452,-0.12154,0.18845,-0.12759,-0.022154,-0.020608,-0.019776,0.037908,0.19441,-0.02684,0.0070015,0.25567,-0.039462,-0.12789,0.036693,0.2179,-0.099162,0.14971,-0.092637,0.073516,-0.046629,0.029733,0.10845,-0.041282,-0.17272,0.098983
0.10609,-0.033655,0.021983,0.13214,0.023198,0.062669,-0.064254,-0.072349,-0.052425,0.25646,0.054714,-0.0050087,-0.029267,-0.064097,-0.033049,0.020779,-0.0094041,0.058828,-0.086024,0.074817,-0.13984,0.057775,-0.092485,-0.099259,-0.085128,-0.039979,0.0077942,0.072026,0.085055,-0.16061,0.26314,-0.040347,0.108,-0.028034,0.057332,-0.10674,-0.12041,0.078134,-0.091272,-0.017878,0.045928,0.08662,0.067999,-0.029214,-0.15137,0.3149,-0.1434,0.0058182,-0.12855,0.098758,0.020135,0.0053999,-0.0098902,0.10185,0.084412,0.0016396,0.058174,0.003662,-0.04279,-0.036536,-0.053842,0.12331,0.072735,0.055378,-0.13181,0.11247,0.011002,0.088645,0.0038166,-0.078572,0.17337,-0.014179,-0.024182,-0.09626,-0.15096,-0.13943,0.11825,0.13269,-0.056963,0.051547,0.098716,0.10451,0.0087439,0.062323,0.015447,-0.034936,-0.03311,0.13052,0.011249,-0.099532,-0.090835,-0.048136,0.10893,-0.14822,-0.10317,-0.080939,0.11818,-0.006224,0.19807,-0.028623
-0.041021,-0.013514,0.18854,-0.047748,0.0081416,-0.10916,0.079952,0.02382,-0.038624,0.0018392,0.013797,0.10191,0.036447,-0.016031,0.13725,0.0059605,0.093521,-0.0064139,-0.050686,-0.0023966,0.0088155,-0.15555,0.10885,0.12251,0.026067,-0.038622,-0.071079,0.12362,-0.1136,-0.10216,-0.16716,0.17006,0.073834,0.091362,-0.017111,-0.030784,-0.057352,0.06099,0.1051,-0.039768,0.045781,-0.17558,-0.056825,-0.17003,0.13374,0.0042627,0.032961,0.035207,0.039814,-0.21894,-0.13914,-0.11605,-0.068131,0.032172,0.071556,-0.011564,-0.014131,-0.15266,0.11147,-0.085451,-0.060774,0.049498,-0.036159,-0.045022,0.0028015,-0.014978,0.085886,-0.18827,-0.14662,0.11412,0.13878,-0.028303,-0.03714,-0.10924,-0.083322,-0.032186,0.03147,0.073875,0.077572,0.24616,-0.10004,-0.11027,0.066768,0.33385,0.025288,-0.17387,0.071767,0.0081636,-0.14519,0.031871,-0.082109,0.09935,0.08905,-0.055125,-0.04348,0.073492,0.068495,-0.070127,-0.050952,0.021258
0.058385,0.037258,-0.12075,0.0038186,-0.0092338,0.16394,0.02225,-0.034841,-0.17737,-0.073103,-0.082245,0.11519,-0.040919,0.057423,0.11313,0.037939,-0.010943,0.20393,-0.1752,0.076387,0.024861,0.051269,-0.14895,0.01897,0.12422,0.013459,-0.18216,0.18183,0.031731,-0.027901,-0.16205,0.14146,0.21953,0.33102,0.065915,-0.19963,-0.030304,0.056412,-0.029333,0.076761,-1.0999e-05,0.1215,0.023128,0.10861,-0.18532,0.049133,0.075316,0.088345,-0.060495,0.088375,-0.018724,-0.17036,-0.045758,-0.067268,-0.055101,-0.13391,-0.11959,-0.18276,0.10802,-0.09744,-0.0075919,-0.045784,-0.17665,0.13028,-0.04052,-0.13688,0.024853,0.092771,0.092898,-0.087808,-0.018288,-0.10613,-0.011552,-0.0014284,0.1512,-0.058762,-0.034706,0.086623,-0.035919,-0.17021,0.063339,0.1517,-0.13331,-0.025708,-0.050307,0.017626,-0.0017402,-0.078028,0.0021825,-0.13366,0.15856,-0.063892,-0.03069,0.14708,0.14031,0.0093249,0.051918,-0.096754,-0.0053858,-0.25261
-0.037336,0.11946,0.079289,-0.055204,0.10147,-0.032906,0.092439,0.10757,-0.08386,0.11095,-0.038611,0.00503,-0.02234,-0.076107,0.10679,0.0071473,-0.19165,0.032582,0.15254,-0.09506,-0.015104,0.070603,-0.10346,0.25742,0.066413,-0.015959,0.0063461,0.047124,-0.030928,-0.03826,0.13989,0.054259,0.17506,-0.044433,-0.17901,0.037345,-0.11632,0.10233,-0.071351,-0.062859,-0.088624,0.049677,-0.23116,-0.17576,-0.022352,-0.077764,-0.26665,-0.032453,-0.037237,-0.18674,-0.08481,0.25867,0.016575,0.060147,0.0052801,-0.10995,0.14353,-0.052078,0.10448,0.056379,0.052876,0.0026652,0.10962,-0.10255,0.10842,0.013796,0.088432,-0.27657,-0.048321,-0.029272,0.069576,-0.021269,-0.075586,0.0075172,0.029632,0.020996,-0.076476,-0.0045853,-0.027182,0.085679,0.1226,-0.09912,-0.088366,0.18609,-0.11001,0.039918,0.15315,0.06314,0.13055,-0.075647,-0.023108,0.080596,0.062366,-0.066731,0.020159,0.14196,0.039138,-0.086631,-0.1191,-0.082424
-0.22093,-0.13678,0.054879,0.00091798,0.072119,0.028633,-0.10245,0.056309,-0.070311,0.011206,-0.0048922,-0.11154,-0.10755,-0.021508,0.13288,-0.12392,0.022823,0.064317,-0.002807,0.054732,-0.12477,0.045102,0.1675,0.073828,0.0826,0.14251,-0.16471,0.055198,0.10379,-0.18676,0.021259,0.14686,0.13273,-0.0068175,0.15769,0.12775,0.0047602,0.069269,-0.10456,0.17997,-0.021726,0.12266,0.0039955,-0.12797,-0.0048201,-0.1422,-0.053707,-0.0036882,-0.02519,0.17313,-0.12919,0.12972,-0.018386,-0.1111,-0.035957,0.060025,0.1192,-0.020306,-0.014129,0.094576,0.040442,-0.024025,0.0069146,-0.0069145,-0.02297,0.06554,-0.19115,0.010779,0.20322,0.086743,0.032151,-0.049053,-0.053572,0.19794,0.12986,-0.129,-0.058472,-0.11238,0.16011,0.13459,0.075969,0.06829,0.15987,-0.018346,0.0052831,-0.080437,0.033369,-0.085671,-0.16296,-0.031727,0.056487,0.088273,0.054418,-0.015828,0.10246,0.12489,-0.13351,0.039128,-0.1153,-0.12832
0.022374,-0.0043946,0.1184,0.008374,-0.061808,-0.03181,-0.072376,-0.07553,0.067019,0.016791,0.098426,-0.10978,-0.032201,-0.023715,-0.029582,-0.013131,0.058686,0.067563,-0.018292,0.092498,-0.0028086,-0.11236,0.13515,0.012585,0.0050212,0.026485,-0.15008,-0.15238,-0.11629,0.010242,-0.14315,0.11095,0.095623,-0.02226,0.067914,-0.032309,0.032312,-0.10829,0.011631,0.10565,-0.035377,-0.015118,-0.023872,-0.06578,0.041618,-0.039109,0.079366,-0.11255,-0.012378,0.14262,-0.092873,-0.0865,-0.099244,-0.14679,0.1566,-0.046248,0.036424,-0.076104,0.11425,-0.10421,0.013102,0.059365,0.021439,-0.0029125,0.051136,-0.22138,-0.060144,-0.094317,0.022474,-0.10793,-0.01189,-0.047491,0.15712,-0.17941,0.16244,-0.045556,0.017965,-0.040659,0.071169,0.11598,0.010987,0.055659,-0.078665,0.058738,-0.16734,-0.068477,-0.060074,0.056417,0.079559,0.10697,0.007962,-0.084513,-0.12493,-0.10621,0.2145,0.045355,0.0077124,-0.14335,-0.24004,-0.18427
-0.14126,-0.043459,-0.14791,-0.017318,0.029575,-0.018854,-0.11185,0.019296,-0.056152,0.15332,0.06141,-0.029348,-0.082884,-0.10948,-0.078233,0.13627,-0.054491,0.0059998,0.070853,-0.14598,0.055622,0.068984,0.25577,-0.11364,0.041092,-0.0074746,-0.1393,0.041484,-0.017032,0.091166,0.031335,0.25186,0.15197,0.10726,-0.12275,-0.080534,-0.07873,-0.16755,-0.22208,0.0071387,-0.13974,-0.012949,0.024846,0.033156,0.025547,0.090852,0.019512,0.041514,-0.14366,0.01202,0.043258,0.0033622,0.13439,0.11224,0.13441,0.023701,-0.17672,-0.054419,-0.11972,-0.062989,-0.048682,0.084391,0.025953,-0.016026,-0.048394,0.031142,-0.033787,-0.083762,-0.21012,-0.048614,-0.0083697,0.14115,-0.038003,0.036807,-0.11637,0.078457,0.14969,0.0054493,-0.033113,-0.099667,0.058551,-0.010674,-0.0066662,0.052873,-0.066553,-0.012497,-0.04772,-0.10819,0.1093,-0.095595,-0.097986,-0.098018,-0.064805,-0.062137,-0.036231,0.018751,-0.019099,-0.12938,-0.020118,0.031121
-0.17411,0.13919,0.037828,0.022186,0.12483,-0.0077044,-0.15508,0.083487,-0.22577,-0.045559,0.09271,-0.1111,0.042194,-0.11575,-0.23208,0.094358,0.079793,-0.094143,-0.017496,0.014142,0.0097938,-0.014239,0.0032433,-0.10343,0.051631,0.098584,-0.11704,0.018652,-0.07231,-0.014247,0.3041,0.046121,-0.1022,0.0059628,-0.13051,0.1582,0.084258,0.038898,0.074875,0.051185,-0.068314,0.039515,-0.012247,-0.11568,0.24441,0.036902,0.18687,0.045594,-0.028501,-0.18487,-0.078402,0.19663,-0.12177,0.14807,-0.036201,0.049515,0.021184,0.30433,0.058262,0.023648,-0.052621,0.044249,0.082917,0.09629,0.029454,-0.095993,-0.087466,-0.077184,0.1351,0.072863,-0.055145,-0.078654,-0.15435,0.070757,-0.024634,0.088223,-0.092566,-0.005852,0.35287,0.22059,-0.0081128,0.077361,-0.12194,0.044552,0.099785,-0.13497,0.03502,-0.19744,0.12528,-0.1265,-0.091811,-0.18319,-0.088722,-0.043209,0.016168,0.053982,-0.1858,0.0011711,0.18424,0.080984
-0.083425,0.043456,0.16221,0.058988,0.028997,-0.14264,0.080604,-0.079183,0.027375,-0.056515,-0.086178,-0.048374,0.095669,0.03796,-0.046136,0.10207,-0.070228,-0.024171,0.054539,-0.21287,0.082859,0.099179,0.059979,-0.072055,-0.070181,0.067953,-0.064864,0.17097,-0.10499,-0.097054,0.132,-0.1686,-0.1159,-0.16584,-0.12643,-0.087602,0.06186,0.0040769,-0.0010114,0.066189,0.080309,0.19781,-0.11384,-0.072614,-0.017849,-0.065884,-0.015345,0.043008,-0.15691,0.035896,0.0945,-0.069565,0.027551,-0.016382,-0.085343,0.078848,0.057421,0.0061642,0.061363,0.15487,-0.064462,0.07546,-0.060705,-0.19193,0.081056,0.034266,0.1183,0.076518,-0.013024,0.073958,-0.2207,0.007715,-0.023326,0.025007,0.22548,0.0049672,-0.058178,0.019772,-0.16379,-0.060617,0.14985,0.00039951,0.0083204,0.090721,0.0068426,0.1053,-0.10935,-0.073975,0.099558,-0.055385,0.13638,-0.18516,0.053569,0.075354,0.023095,0.028819,-0.040841,-0.049423,-0.07035,0.11092
0.1144,-0.063992,0.12664,0.10613,-0.011143,0.14633,-0.049853,0.1567,-0.074496,0.044664,-0.04233,0.030828,-0.0084123,0.0621,0.10801,0.079368,0.020736,0.15704,0.23478,-0.036722,-0.010722,-0.074142,0.06931,-0.13859,-0.030988,-0.011216,-0.10245,-0.15165,-0.042341,0.026638,0.034769,-0.14378,0.10913,0.13837,0.046248,0.13917,0.10001,0.13077,-0.023503,0.020168,0.1881,-0.030279,0.11721,-0.0041702,0.073748,0.13663,0.038718,0.054726,-0.1977,-0.044416,0.0013271,0.14331,0.053677,0.0075109,-0.040777,0.052424,-0.075004,-0.099139,-0.033378,0.0031744,-0.15943,-0.0073712,-0.096907,-0.039214,0.071312,0.046833,-0.029286,-0.0016089,0.14798,-0.085039,-0.17367,0.034554,0.11695,-0.12684,0.066475,-0.028122,-0.040425,-0.045862,0.0019555,0.13241,-0.02526,-0.10016,-0.025704,-0.097471,-0.0031119,-0.013544,-0.11719,-0.067501,0.0039599,-0.08629,-0.025314,0.098303,-0.0073678,-0.15279,-0.17621,0.090444,0.088924,0.063433,0.029078,0.061107
-0.092751,0.13803,-0.18916,0.093846,-0.082631,-0.15887,-0.16559,-0.024157,0.030958,0.10849,0.0029491,-0.077148,0.045048,0.0016448,0.14406,0.041809,0.15425,-0.14482,-0.1109,-0.15464,0.18912,0.17997,-0.082361,0.019749,-0.040719,0.0891,-0.063019,-0.0093744,-0.26367,0.036056,-0.1491,0.017556,0.18015,-0.065084,0.087363,-0.031204,0.0013036,-0.15635,0.00013192,0.1267,-0.15692,-0.036523,0.10988,-0.075804,-0.16505,0.18174,-0.042472,-0.13969,0.098543,-0.079782,-0.088559,0.034991,-0.073704,0.066342,0.11946,-0.089462,0.040541,-0.073238,-0.18513,0.13552,0.13445,-0.11774,0.0065288,-0.014303,-0.074405,0.0055937,0.042692,0.026647,0.15923,-0.11521,0.065581,-0.087555,-0.08202,0.037308,-0.020865,-0.010221,0.037171,0.10427,0.050565,0.063255,0.042248,0.079061,-0.25382,-0.10036,0.12966,-0.061474,0.0073357,-0.063648,0.22687,0.065833,-0.055987,0.1023,-0.06713,-0.013242,0.12081,0.031866,-0.014483,-0.10809,-0.067587,-0.005678
0.11045,0.11456,-0.14383,-0.14102,-0.14469,0.090572,0.11181,0.072653,0.069037,0.11529,-0.036182,0.16154,-0.047656,0.013869,-0.076888,-0.0092291,0.14139,0.13522,-0.10099,0.11671,-0.17632,-0.031638,-0.081948,0.10118,0.17968,-0.10533,0.16265,-0.10192,-0.040088,0.020059,-0.066236,-0.14079,0.028893,-0.14836,-0.055191,-0.18722,-0.040229,-0.059074,-0.076338,-0.091637,0.075567,-0.13578,-0.076162,-0.032716,0.36248,-0.10251,-0.16501,0.035937,0.057043,-0.0056084,0.0043064,-0.056402,-0.13899,0.067139,0.083388,-0.019505,0.073424,0.0059663,0.023218,0.033743,0.087073,0.059765,-0.023387,-0.01517,0.063708,0.10867,-0.025219,0.040755,0.080853,-0.063759,0.027016,0.00035453,-0.08578,0.042776,0.063179,-0.073173,-0.024008,-0.070588,0.072728,-0.064455,0.15438,-0.096443,0.20682,-0.04997,0.22766,0.023005,-0.17564,-0.00019527,0.040474,-0.066074,0.073208,0.11475,0.19016,-0.0088987,0.13396,-0.1048,-0.15245,-0.12534,-0.01913,-0.07073
-0.14128,0.05358,-0.0010868,-0.077622,0.21629,-0.007136,0.098315,-0.063672,0.031313,0.0092959,-0.15811,-0.014563,-0.11267,0.01955,0.050044,-0.030354,0.0061948,-0.15703,-0.10155,0.14021,0.095959,0.0925,-0.1408,-0.13626,-0.09178,-0.11064,-0.091207,-0.16595,-0.032764,-0.021132,-0.05444,-0.097176,-0.015164,0.21688,-0.052787,-0.33122,0.030167,0.039899,-0.014867,0.050814,-0.0315,-0.074563,-0.035443,0.13812,0.12637,0.019938,0.12323,0.058756,-0.2171,-0.037782,-0.20797,0.00061616,-0.20499,-0.027494,-0.099229,-0.025939,-0.061542,-0.01555,0.27076,-0.12528,-0.054938,0.026889,-0.077759,0.056743,0.10509,-0.10637,0.077877,0.052656,0.056743,0.079275,0.12104,0.02448,-0.089795,-0.1389,0.12836,0.11838,-0.02817,-0.083212,-0.046836,-0.025544,0.1502,0.14791,0.019454,-0.084903,-0.11184,-0.062967,-0.0031187,-0.054908,0.10279,0.019615,0.014475,0.10952,0.030506,0.061436,-0.057774,0.0046642,0.17708,-0.16675,0.018417,0.1256
-0.12725,-0.0089118,-0.15682,-0.078575,-0.20112,0.0042637,0.13761,0.16344,0.018312,-0.3488,-0.045631,-0.1285,-0.019629,-0.22875,-0.2013,0.037056,-0.11438,0.017723,0.067527,-0.046843,-0.063229,0.056837,0.049206,-0.016917,0.00038992,-0.032332,-0.35355,0.02475,-0.15268,-0.0065118,0.079124,-0.10299,0.15867,0.088129,0.052328,-0.098685,-0.25125,-0.023447,0.060752,0.088469,0.057369,-0.10095,0.057153,-0.046703,0.058493,-0.014587,-0.069161,0.15629,-0.11673,-0.093151,-0.089838,-0.002096,-0.1296,-0.014066,-0.034847,-0.091809,-0.064687,0.16615,-0.10926,0.24284,0.02135,-0.055928,-0.13037,-0.053142,0.083211,0.12148,-0.011109,-0.078851,0.029171,-0.1188,-0.078967,0.14317,0.16861,0.11461,0.15976,0.055321,-0.11805,0.074274,0.082273,0.11679,-0.093664,-0.0093014,0.069987,-0.059354,0.016709,0.082492,-0.04732,-0.12979,0.09378,0.015923,0.15644,0.1046,0.062467,0.0031176,-0.019097,-0.0014493,0.20152,-0.15516,0.017468,-0.12383
0.011995,-0.036209,-0.060501,0.024377,-0.0081949,0.059319,-0.066804,-0.3038,0.14035,-0.0046513,0.1427,-0.043208,0.086607,-0.087536,-0.22056,-0.11371,0.28318,-0.028378,0.18467,0.12886,0.027632,-0.096728,-0.086811,-0.11212,-0.1242,-0.14977,0.095812,-0.016166,0.034177,0.029996,0.050446,-0.015836,-0.067621,-0.14462,0.20926,-0.12827,0.049156,0.098867,-0.15654,-0.086445,0.038165,-0.12765,0.12428,-0.029095,-0.10546,0.025591,-0.12271,-0.19128,0.079586,0.026199,0.13499,-0.11021,-0.12461,-0.094932,0.24932,0.012113,0.10459,0.079135,0.11532,0.20137,0.064575,0.087781,0.066086,0.097907,-0.19761,-0.14211,0.046513,-0.041183,0.043445,-0.12883,0.012259,0.18545,-0.0066495,-0.018583,-0.11078,0.032707,0.053704,-0.014304,-0.093734,-0.064558,0.1,0.022131,-0.013468,0.14303,0.16906,0.057272,-0.20245,-0.0022241,-0.0053318,0.053126,-0.038085,0.058633,-0.045254,-0.042824,-0.022931,-0.079272,0.040977,0.095415,-0.034535,0.10877
0.13332,0.022664,-0.023966,-0.0285,-0.052835,-0.098607,-0.083592,0.21623,0.06646,-0.062157,-0.093838,0.10608,-0.077253,-0.038262,-0.096803,0.072021,-0.072618,-0.00847,-0.18007,-0.12047,0.027111,0.02209,0.12178,0.069045,-0.060983,-0.097297,-0.10987,0.10471,-0.038568,0.0052396,-0.027403,0.012899,-0.066366,-0.081428,0.029267,-0.031451,-0.093278,0.11632,-0.097284,0.10844,0.0071011,0.025344,-0.12166,-0.09587,0.16167,-0.022671,0.0255,-0.12029,-0.035399,-0.080612,0.069001,-0.054744,-0.036989,-0.022485,0.026098,-0.080631,0.020139,0.18041,-0.19281,-0.15029,0.05351,0.06211,-0.18242,0.034403,0.17082,0.13606,-0.0023555,-0.054043,0.054092,-0.099569,0.047751,0.00037326,-0.18804,-0.12636,-0.067352,0.037869,-0.069864,-0.08215,0.22555,0.10114,-0.21625,-0.11696,-0.00059683,-0.19748,0.061376,0.012352,-0.0012601,0.10449,0.089395,-0.11023,-0.090578,-0.11469,-0.046871,-0.21604,-0.016782,0.13043,0.094088,-0.049684,-0.026027,0.12472
-0.11099,0.039089,0.16704,-0.08678,0.0010294,-0.030819,0.076777,-0.028339,0.00077615,0.040682,0.028023,-0.093882,0.16682,0.029794,-0.042433,-0.029519,-0.15963,-0.047719,0.016882,0.05485,0.06582,0.032879,-0.055463,-0.0066284,-0.083839,-0.094272,0.0083664,0.037443,0.061458,0.071922,-0.026239,-0.18959,-0.16902,0.067324,-0.059874,0.012269,0.079792,0.1478,-0.090092,-0.0099337,-0.11314,-0.064729,0.049341,0.0083789,-0.11628,-0.097915,0.058301,0.071017,0.10629,-0.15124,-0.11655,-0.010777,-0.00014015,-0.22963,0.0013394,-0.069336,0.10919,0.12813,-0.092749,0.009684,0.083889,0.076716,0.03418,-0.044059,-0.019728,0.1162,-0.15644,0.084684,0.024433,-0.14028,0.11445,-0.0039212,-0.080871,-0.1806,-0.047441,0.15385,0.040195,-0.15978,-0.020459,-0.059002,-0.046364,0.074501,-0.12153,-0.11042,0.10782,-0.10516,0.074101,-0.14428,0.037399,-0.13764,-0.18187,0.031103,-0.041016,0.16708,0.19178,0.10308,-0.020178,0.012811,-0.014731,-0.068151
-0.03049,0.056654,-0.038154,-0.15263,0.022894,-0.13521,-0.11545,0.039741,-0.047907,0.0017029,-0.015929,-0.021307,-0.20567,-0.022356,-0.085703,0.07187,-0.013692,0.01614,0.14312,0.078611,-0.037325,0.037994,0.12158,-0.10993,0.055354,-0.1462,0.093342,-0.059124,0.054872,0.048786,-0.068821,-0.19324,-0.043967,-0.080249,-0.07309,0.088103,-0.070714,0.093082,-0.08968,0.079946,-0.022453,-0.14588,0.00080212,0.3686,-0.045171,0.10688,0.003766,0.040612,-0.021614,0.081274,-0.028454,0.074629,-0.052534,-0.0059282,-0.1433,-0.10957,0.064296,-0.13612,0.049967,0.09491,0.060358,0.0070289,0.032548,-0.068543,0.012523,0.15896,-0.030571,0.064973,0.070192,-0.04571,0.1271,-0.042891,0.07592,0.0090834,0.19219,0.084692,-0.081077,-0.19918,0.055025,0.068059,-0.0911,-0.14419,-0.035295,-0.063513,-0.035366,-0.071265,0.0036023,-0.058146,0.11971,-0.027575,-0.047312,-0.1661,0.18111,-0.0042383,-0.2251,-0.048379,0.082625,0.0038487,0.027094,0.145
0.068784,-0.072234,-0.075038,0.01267,-0.065284,-0.10852,-0.038427,-0.031907,0.026254,-0.10999,-0.10026,0.09878,-0.17441,0.091549,-0.080214,0.16941,-0.20061,-0.24113,-0.0010615,-0.10775,0.15154,0.045258,0.016453,-0.0074447,-0.03703,-0.1034,0.15418,-0.19838,-0.15433,-0.19207,-0.11703,-0.081073,0.09464,0.1622,0.047902,0.093753,0.15348,0.25112,-0.0889,-0.086121,-0.025676,0.018836,-0.034004,0.094468,-0.039252,-0.01442,0.089709,-0.0092895,-0.015658,-0.13197,0.23455,0.14054,0.010848,-0.14571,-0.013408,-0.015777,0.27258,0.042197,-0.01825,-0.05879,0.062575,0.19792,-0.10971,0.063088,-0.080148,-0.15953,-0.058553,0.0026003,0.12529,0.115,0.011541,0.027046,-0.31972,-0.042026,0.01781,-0.061357,-0.22088,-0.046705,-0.058985,0.089954,-0.068118,0.022736,0.097225,-0.10759,-0.18097,-0.027984,0.088682,0.051437,0.091495,0.1302,0.020038,-0.079043,0.058741,0.17203,0.14014,0.093693,0.033828,-0.042308,-0.051325,0.088907
-0.061757,-0.10085,0.08133,0.013544,0.20497,0.0038825,0.019342,-0.074421,0.12663,-0.002631,0.0038941,-0.10987,-0.072739,-0.037312,0.10266,-0.066879,0.093123,-0.1231,-0.0097326,0.052181,-0.12314,0.085626,-0.067269,-0.10531,-0.065704,0.099868,0.012018,-0.020408,0.11564,0.02962,0.071098,-0.082739,0.089714,0.023598,0.05489,0.10491,0.16011,-0.087972,-0.037153,-0.11935,-0.025214,0.064132,0.012054,0.0051436,-0.028819,-0.024904,-0.12435,0.0042439,-0.0014675,-0.11462,-0.058091,-0.16529,-0.070513,-0.10686,0.019174,0.18739,0.059984,0.064135,0.12554,0.10925,0.17983,-0.066696,-0.02327,0.061542,0.10786,-0.047136,-0.017974,-0.026685,0.031962,0.075599,-0.081645,0.20984,-0.027998,0.15504,-0.080076,-0.052522,0.063004,-0.045128,-0.0046857,-0.0011507,0.010676,0.065195,0.095505,0.12828,-0.012327,0.11105,-0.056921,-0.055612,0.20298,-0.048591,-0.019035,-0.11414,-0.045429,-0.023685,0.10194,-0.22862,0.043725,0.048661,0.023193,-0.09528
0.059567,0.18199,0.0060951,-0.14524,-0.042082,0.037882,-0.034744,-0.053805,-0.003675,-0.10116,0.11163,-0.15804,-0.063214,-0.13458,-0.071222,-0.15416,-0.0012617,-0.049188,0.17491,0.063218,-0.1904,-0.082561,0.074508,0.068912,0.048514,-0.14857,0.080283,-0.015248,0.081976,0.058392,-0.01136,-0.076802,0.035019,-0.093143,-0.12733,-0.061337,0.016327,-0.1527,0.056472,0.10525,-0.02734,-0.17505,-0.10035,0.083381,-0.007718,0.14727,-0.011686,0.03004,-0.17457,0.026083,-0.13946,-0.025931,0.091208,-0.083446,0.12946,-0.034498,-0.10481,-0.18,-0.10912,-0.072167,0.026142,-0.11607,-0.0026459,0.012905,0.07524,0.13162,-0.10754,0.059424,0.040669,-0.089552,0.046892,0.10018,-0.023307,0.094484,-0.0031627,-0.18351,-0.15496,0.22181,-0.13261,-0.16846,-0.30412,-0.077931,0.10964,-0.045271,0.033707,-0.037193,-0.17767,0.026749,-0.16076,0.16378,0.10205,0.018103,-0.052134,0.049854,0.02236,-0.13409,0.13372,-0.0082297,0.044784,0.073302
-0.094365,0.0039022,0.030749,0.24754,0.10126,-0.010359,-0.061617,-0.0013969,-0.025213,-0.054208,-0.053864,0.013525,-0.017325,0.1097,0.0055843,0.12192,0.036551,0.027909,0.003138,0.0026739,-0.042753,0.1732,-0.033481,0.057107,0.091115,-0.015489,0.0094458,0.12864,-0.11289,0.057354,-0.0875,-0.19097,0.050345,-0.10216,0.0073544,-0.14523,0.084489,0.040241,0.020378,0.17694,-0.068204,0.018208,0.10859,0.057009,-0.12545,0.11744,-0.032497,-0.046365,-0.076209,0.11186,0.099944,-0.050212,-0.046062,-0.11808,-0.12338,-0.020187,0.071572,-0.069276,0.055748,-0.18721,-0.0595,-0.10699,0.076894,0.14756,-0.010524,0.027767,-0.086693,0.16635,0.017851,0.016298,-0.019271,0.15411,-0.12998,-0.04827,0.039667,-0.0058389,-0.027573,-0.058154,-0.029548,-0.15648,0.11565,-0.12136,0.031075,-0.11937,0.13079,0.12326,0.089732,-0.041847,0.11556,0.054097,-0.052896,-0.044976,-0.1356,-0.11424,-0.0083037,0.092816,-0.037304,0.067942,-0.075775,-0.1416
-0.15006,-0.044919,0.043457,0.12443,0.19775,-0.1887,-0.041392,-0.15272,0.060752,-0.04323,-0.0086269,0.071524,0.18952,0.023901,0.037679,0.10152,0.08213,-0.089447,-0.083142,-0.065844,0.046989,-0.10489,0.10398,-0.019926,-0.029659,0.021686,0.17049,0.049108,-0.022534,0.044931,0.030044,-0.08045,-0.015842,-0.025987,0.0094559,-0.032815,0.15212,0.080255,0.084055,0.039308,-0.12376,0.0074002,-0.076326,0.016901,0.042153,-0.079561,-0.12364,0.021251,0.11858,0.027366,0.072354,-0.038139,-0.053602,0.079471,-0.038532,0.064037,-0.049624,0.075094,0.035825,0.19319,-0.022138,-0.0098379,-0.0070743,-0.070435,0.11109,-0.12308,0.011048,0.11353,-0.016007,0.049586,0.0096915,-0.030944,-0.039043,-0.031424,0.059964,0.18507,0.044718,0.18183,-0.08034,-0.0013093,-0.012614,0.0091525,0.016123,-0.031386,0.032169,-0.066488,0.016404,-0.045605,0.076588,0.044,-0.091581,-0.10636,-0.055999,-0.030521,-0.039284,-0.055987,-0.1377,-0.091781,-0.01814,0.025017
0.076241,-0.14583,-0.17875,0.067238,-0.20998,0.04028,0.12325,-0.06138,-0.090803,-0.015023,-0.09885,-0.0067266,-0.056856,0.084132,0.039243,0.067129,-0.12849,-0.085778,0.13285,-0.084204,-0.0394,-0.084504,0.023269,-0.084684,-0.02797,-0.060371,0.077862,-0.028013,-0.033677,0.025458,-0.034236,-0.054921,0.13597,-0.12043,-0.042741,-0.10683,0.018485,-0.006526,0.029667,0.055094,0.13477,0.10084,-0.084036,-0.1286,0.020112,0.045713,-0.074688,0.023545,-0.17545,-0.11658,-0.11026,0.13745,0.010959,0.050205,-0.16108,-0.065696,0.027644,-0.0096037,0.021664,0.12253,0.13626,0.19332,0.12054,0.020796,0.10153,-0.024281,0.03627,0.027896,0.19693,0.050454,0.061281,-0.0042238,0.079579,0.059283,0.0033157,0.04605,-0.10191,0.2045,0.081288,0.062654,-0.034574,-0.05013,0.06376,-0.13668,0.05542,0.070025,0.020111,0.1307,0.081088,0.098572,0.13844,-0.10586,-0.068773,0.085216,-0.092994,0.041872,0.040564,-0.09349,-0.080713,0.11527
-0.065931,0.13668,-0.03668,-0.044578,0.064799,0.12663,0.054072,0.031178,-0.082186,-0.1072,0.092082,0.10149,-0.027674,-0.085973,0.19623,0.11597,-0.023702,0.028871,0.080969,-0.022939,-0.088863,0.075017,-0.10285,0.12829,0.081603,0.088851,0.026128,-0.14442,-0.014324,0.070016,0.086261,-0.078728,-0.01354,-0.12106,-0.0113,0.058106,-0.083508,0.033236,0.072035,-0.078619,0.022123,-0.024001,0.0040863,-0.071491,0.079487,0.18048,-0.14252,-0.10384,0.027513,0.064016,0.023998,0.049575,0.018543,0.08553,-0.07141,-0.066496,0.034115,-0.17267,0.056887,0.026259,0.027537,0.070764,0.076887,-0.069108,-0.075816,-0.1669,0.047924,-0.098796,0.1505,0.14486,-0.11125,-0.059788,-0.0074414,0.070254,-0.0033384,0.066468,0.053094,0.042854,0.056823,-0.077069,-0.064245,0.19715,-0.046702,-0.049259,-0.0572,0.19475,-0.050275,-0.027821,-0.13099,-0.027793,-0.019778,-0.063659,-0.0090666,-0.081843,0.019049,0.067799,-0.16524,-0.032141,-0.039658,0.019988
0.00011237,0.02047,-0.14389,0.20171,0.12399,0.14256,0.14698,0.10112,-0.033046,0.068909,-0.029508,0.088237,-0.037329,0.15123,-0.097166,0.00057762,0.16747,-0.035595,0.022999,-0.026972,-0.19368,-0.096821,0.047158,-0.069008,-0.079677,0.063779,0.012181,-0.17944,0.14378,0.079068,0.07832,-0.04943,-0.014034,-0.074801,-0.067701,0.20581,-0.11724,-0.026716,-0.060249,-0.064902,-0.14564,0.25445,0.035713,-0.22555,-0.12483,-0.0051253,0.0070985,0.010316,0.062414,-0.026616,0.2341,-0.12064,-0.063577,0.24437,0.030268,-0.12698,-0.058248,0.0081975,0.069636,-0.052818,-0.048551,0.0020063,-0.14884,-0.10524,0.25375,-0.16952,0.004695,-0.19311,0.0015579,0.03186,0.033356,-0.067992,-0.1637,-0.017579,0.082328,-0.0073913,0.0029707,-0.073859,-0.11681,-0.051138,-0.017095,0.12435,-0.034354,-0.038721,0.12829,-0.086443,-0.072685,0.064766,0.048282,0.030838,-0.070297,0.21557,0.00026997,-0.20271,0.10519,0.02701,-0.087351,0.10913,-0.059574,0.30378
0.061124,0.18785,-0.058255,0.029807,0.13446,0.026574,0.10347,-0.037118,-0.064522,0.035961,0.03554,0.04705,-0.082393,-0.0042207,0.050032,-0.012782,0.089401,-0.064581,-0.11097,-0.17534,0.039117,-0.038611,0.10211,-0.099883,-0.18651,0.067681,0.076318,-0.021667,-0.22989,-0.0084162,-0.16102,0.06708,-0.0025159,0.031329,0.14087,-0.095549,-0.05535,-0.00033118,-0.096477,-0.0064248,0.17886,-0.044357,-0.083571,-0.03119,0.042267,-0.077822,-0.004851,-0.10233,0.026332,-0.12905,-0.069781,-0.065101,0.059042,0.0057644,-0.046073,-0.081486,-0.017732,-0.014225,0.019854,-0.093232,0.0014401,0.032544,-0.032707,0.056879,0.015169,0.14067,-0.029772,0.055204,-0.16105,0.17331,0.089018,0.017492,0.00068769,0.11596,0.044073,0.14941,-0.023362,-0.00622,0.12299,0.094754,-0.048721,0.073396,-0.064842,0.073557,0.053584,-0.073813,-0.23331,-0.1188,-0.2053,0.17166,-0.16937,-0.029587,0.11429,0.033223,0.10998,0.19857,-0.10044,0.12923,0.051919,0.01074
0.044264,0.11607,-0.0947,-0.050427,0.034564,0.2675,0.052705,0.015207,-0.013131,0.010393,0.077213,-0.032307,-0.20773,-0.046686,-0.011293,0.011142,-0.14633,-0.02623,0.075737,0.099833,0.058495,0.091378,0.061158,-0.073918,-0.011981,0.08113,-0.1806,-0.087941,5.0694e-05,-0.15803,-0.023285,0.10663,-0.12434,-0.060268,-0.15842,0.072282,-0.051344,0.05281,-0.098766,-0.21605,-0.028716,0.060567,-0.1216,0.086576,0.0064826,0.0018237,0.038824,-0.18993,0.022719,-0.053997,0.0039189,-0.023266,0.025532,0.050678,0.085475,0.0050536,-0.12226,-0.058262,0.055564,0.20666,0.036483,-0.04173,-0.10479,-0.095496,0.11976,-0.094776,0.06997,0.034376,-0.00084463,-0.024179,-0.065138,0.010524,0.085607,0.051181,0.036307,0.037452,0.15365,-0.073922,-0.17339,-0.056363,-0.033011,0.028826,-0.014631,0.069674,-0.027184,0.030864,-0.063054,-0.10362,-0.070035,0.028811,0.12361,-0.10665,0.01633,0.10628,0.098339,0.029455,0.0026891,0.008636,-0.14068,-0.15794
-0.023164,-0.13345,-0.027165,-0.036886,0.06065,0.22642,0.041935,0.11287,0.012972,0.030189,0.13055,0.0038479,0.15137,0.10662,-0.11163,-0.060137,0.039367,0.22947,0.06178,0.13014,-0.048986,-0.16678,0.057881,-0.0041752,0.12999,0.074184,-0.040828,-0.027896,0.12719,-0.089001,-0.0026846,-0.13756,-0.1119,-0.20521,-0.040614,-0.080713,0.11265,-0.033716,-0.10118,0.069085,-0.032096,0.095809,0.012087,-0.028877,-0.03191,-0.0012619,-0.030586,-0.046939,-0.055985,0.053837,-0.076427,0.35511,0.048493,0.063859,0.016804,0.018765,0.087562,0.077397,-0.01981,-0.044074,-0.030974,0.07409,0.05061,0.10952,-0.084838,0.15728,0.15591,0.031739,0.11096,0.019481,-0.032506,-0.067453,-0.096398,-0.0051744,-0.040876,-0.014741,-0.12388,0.053328,-0.055489,-0.10955,0.079676,-0.078626,0.17481,0.085926,0.054739,-0.076309,-0.18855,0.034746,0.1675,0.05475,-0.086457,-0.18252,0.063321,-0.099983,-0.20759,-0.059244,-0.13926,-0.015437,0.15404,-0.054752
-0.22374,0.15574,-0.045717,-0.14083,-0.071117,-0.034967,-0.057889,0.10964,-0.11663,0.11677,-0.074585,0.08576,-0.080654,-0.086005,-0.013318,-0.095492,-0.174,-0.22263,-0.10947,0.038852,-0.032195,-0.04669,-0.051391,0.068815,-0.14659,0.012561,0.078839,-0.064208,-0.055457,-0.067657,0.011105,-0.085541,0.0057162,-0.094726,-0.079018,0.013862,-0.10586,-0.13264,0.077173,0.10231,-0.048064,0.1554,-0.15494,0.17089,0.076746,-0.094085,0.047323,-0.035181,-0.027265,0.00123,0.018897,0.11633,0.012902,-0.1587,-0.080511,-0.00015068,-0.013366,0.011489,-0.0061805,0.0069963,-0.089307,0.048057,0.013612,0.12198,-0.0005316,-0.084344,-0.11064,0.092985,0.098733,0.0049348,-0.021701,0.036237,-0.029706,-0.082135,0.081688,-0.064627,-0.042944,0.030597,-0.029905,0.15158,0.03329,-0.14054,-0.071892,0.073945,-0.03218,-0.053308,0.16021,-0.10165,0.13614,-0.021977,0.0010819,-0.047734,-0.023166,-0.10354,-0.01902,0.044894,-0.04052,-0.023819,0.030872,0.032972
-0.14688,0.061238,0.006492,-0.021427,-0.16124,0.0037774,0.11454,0.10576,0.15684,-0.096082,0.095456,-0.14164,0.14245,-0.14567,-0.024307,-0.078306,0.092235,0.17261,0.070432,0.076854,0.15921,0.12331,0.00091909,0.035123,-0.003149,0.018949,-0.15384,0.0032203,0.13115,-0.11477,0.034868,-0.14131,0.019,-0.068111,0.055736,-0.015143,-0.124,-0.00027996,-0.16649,0.071687,0.10811,0.024747,0.055811,-0.018515,0.064525,0.1125,-0.16939,-0.077474,0.038775,-0.042264,0.10699,-0.21689,-0.037022,0.02637,0.050477,0.10681,0.048229,-0.017803,-0.058104,0.033201,0.010714,-0.089326,0.079544,0.018741,-0.14759,-0.045258,0.00057998,0.011528,-0.11241,-0.057018,0.049341,-0.14627,0.11409,-0.085,0.0041483,0.10265,0.19668,0.070665,-0.095975,0.029143,-0.010747,0.042297,-0.1984,-0.025499,-0.32502,0.025235,-0.13957,-0.053124,0.11149,0.0063275,0.11705,0.029572,-0.059865,-0.074489,0.11233,-0.051073,0.14572,0.065671,0.21191,-0.086861
0.0012127,-0.025453,-0.055254,0.20306,0.026226,-0.029941,-0.19222,-0.1056,-0.13901,0.18282,-0.034143,-0.012932,-0.012721,-0.089998,0.036365,-0.11051,0.037238,0.082078,-0.014064,0.007008,0.18076,-0.082704,-0.0036523,0.084119,0.16654,0.0037214,0.13494,0.036894,-0.019751,0.009744,-0.019678,-0.10704,-0.051919,0.085013,-0.024624,-0.1166,0.043832,-0.012675,0.11301,-0.056293,0.10602,-0.021554,0.054394,-0.13789,-0.044287,0.15853,0.051683,-0.013781,0.043981,-0.21991,0.064051,-0.084244,-0.014359,0.013302,0.0029677,-0.047457,0.039553,0.043052,-0.027338,-0.032183,-0.13364,-0.037299,-0.084735,-0.0044243,-0.0046762,-0.0095274,-0.046861,0.1048,0.057178,0.028113,0.078094,0.0061179,-0.13094,0.040436,0.1307,0.039698,-0.072674,0.17135,-0.15574,-0.1582,0.041973,0.18238,0.10759,-0.070736,0.027748,0.061631,-0.022588,-0.086518,0.039895,0.17117,0.022867,-0.016048,-0.048979,-0.0096405,0.070518,0.063072,0.14633,-0.061626,0.22374,-0.085097
0.052188,0.0069336,-0.0054756,0.047551,0.08856,0.039024,0.0041,-0.067165,0.12937,-0.011164,-0.046876,0.054787,0.081014,-0.10166,-0.07276,0.10252,-0.048045,-0.065608,0.11122,0.050917,-0.13487,-0.052996,0.044724,0.10722,-0.050971,-0.028144,-0.019678,-0.043463,-0.11378,0.062098,0.041069,-0.023355,0.088287,0.1053,-0.056955,-0.062623,0.043275,-0.10621,0.11596,0.1216,-0.074958,-0.038611,-0.055575,-0.14213,0.18037,-0.13642,-0.10341,0.019054,-0.060345,-0.14039,-0.13305,0.098022,-0.15177,0.11602,-0.12801,-0.097066,0.038538,0.1216,-0.034225,0.076575,0.070887,-0.10032,0.15411,0.1554,-0.016489,-0.13696,-0.021362,-0.26404,0.036587,0.13431,0.0061975,-0.025019,0.031482,0.0011753,-0.06556,0.082873,-0.30869,-0.042469,0.090376,0.094129,0.10497,0.10638,-0.17265,-0.06461,0.040943,0.055893,0.050889,-0.12108,0.01253,0.16142,-0.094476,0.03137,0.10862,0.048689,0.032214,0.052004,0.042239,-0.011941,0.069198,0.031836
-0.076408,0.10958,-0.085652,-0.063374,-0.11005,-0.030422,0.17617,-0.052115,0.054422,0.17924,0.10044,0.055634,0.094713,-0.072561,-0.14968,0.068522,-0.072562,0.022286,-0.059768,-0.055412,-0.070044,-0.032692,0.0036395,0.10529,0.16419,0.064139,-0.055641,0.041106,0.12981,-0.055694,-0.016989,0.013333,-0.089291,0.027237,0.061037,0.010251,0.042053,0.038361,-0.063349,-0.20606,0.14891,0.057374,0.1242,-0.10113,0.079784,0.089183,0.13611,0.029221,0.13744,0.00011957,-0.078127,-0.043571,-0.080542,0.085905,0.048038,-0.015588,-0.022729,-0.014384,0.10503,-0.029861,0.12726,-0.014808,0.1328,-0.34652,0.056849,0.019253,-0.1179,-0.034979,0.064719,-0.064003,0.025921,0.064482,-0.01206,-0.0078278,-0.2066,-0.10194,0.080173,0.2026,0.13052,-0.21981,-0.14888,-0.039215,0.080262,-0.061068,0.32197,0.05864,-0.039626,0.051556,0.13663,-0.031727,-0.104,-0.2151,-0.028774,-0.14682,0.10336,-0.01134,-0.0044654,-0.016224,-0.038943,-0.025211
-0.012878,0.0078462,0.056115,0.053353,-0.12587,0.030328,0.010349,-0.022118,0.029902,-0.041691,0.066033,-0.033351,-0.15131,0.03225,0.081423,0.16466,0.13466,0.044328,0.085174,0.093697,0.22008,-0.010031,-0.079032,0.00086969,0.025244,0.029561,-0.0046601,0.07213,0.084981,0.02148,0.25677,-0.031751,0.023302,0.15476,0.27127,0.053568,0.05457,0.045037,-0.019775,-0.045757,-0.11566,0.00014857,0.096589,0.1029,0.057376,0.033493,-0.054117,0.10933,0.12712,0.056769,0.0099756,-0.053498,0.056491,0.17507,-0.15367,0.13664,-0.0065341,0.09767,0.05014,-0.1962,-0.1241,0.22665,-0.082227,0.070088,-0.11988,-0.03411,0.089464,0.080472,0.10384,-0.0035981,0.017268,0.079168,0.045694,0.018474,0.035875,0.03091,0.098938,0.050091,0.020918,0.19206,-0.015102,-0.13181,0.023932,0.12494,-0.040708,-0.064396,-0.035868,-0.0017223,-0.014768,-0.20748,-0.18656,0.16822,0.011492,-0.16079,0.0004612,0.028544,-0.047033,-0.046624,0.075435,-0.020066
0.094358,-0.084489,0.062935,0.096477,0.027508,-0.080776,0.028984,0.0010134,-0.027363,0.16715,-0.036894,0.020827,0.013779,0.18934,-0.10006,-0.039762,-0.1379,-0.14339,0.050687,0.077343,-0.080213,0.044029,0.082477,-0.094772,0.14757,-0.1953,0.022441,0.10497,0.13047,-0.06093,-0.11293,-0.05365,0.046835,0.11096,0.076923,0.029768,-0.0088088,0.22516,-0.18309,-0.017242,-0.13075,-0.056667,0.038955,-0.090682,0.11902,-0.085477,0.074236,-0.12079,-0.20984,-0.13365,-0.020114,0.023237,0.13388,-0.20191,-0.040585,-0.0058284,-0.099117,0.0025667,-0.034293,0.21467,0.11158,-0.14177,-0.084219,-0.044713,0.1205,-0.091143,-0.10599,-0.0021563,-0.0045282,-0.14553,0.022037,0.18681,0.053546,-0.033033,0.10053,0.007291,-0.071858,-0.00074491,-0.069872,-0.062032,-0.12649,-0.08632,0.076363,-0.055417,-0.010586,-0.028966,0.02169,-0.015143,0.0021992,0.055384,-0.054753,0.017699,0.045363,0.10871,-0.10086,-0.030368,-0.047134,-0.06916,-0.098648,-0.10061
0.12512,0.066416,0.10929,0.20368,0.066153,0.10234,0.084315,0.19548,-0.053865,0.15488,-0.0021929,0.058755,-0.014221,0.057058,-0.12845,0.023686,-0.052879,0.023891,-0.087666,-0.2053,0.11354,0.048354,-0.03285,-0.10654,-0.048033,-0.19522,0.10791,-0.073904,0.11391,0.11069,-0.082015,-0.029985,0.11248,0.0053189,-0.068036,0.088565,0.098796,-0.012689,0.17712,-0.088109,0.12556,-0.24292,-0.011252,-0.048293,-0.03591,0.04547,-0.13276,0.33784,-0.11583,0.03952,-0.017333,-0.0049306,0.083771,0.065479,0.16603,0.00010249,0.018324,0.048731,0.0058226,-0.095988,0.061999,-0.02367,0.067993,0.001182,0.13657,-0.032307,-0.012584,-0.041196,0.13756,-0.13278,0.046041,0.1788,-0.12472,0.081779,0.040168,-0.13721,0.061945,-0.053792,0.0052559,0.011504,0.059403,0.1033,-0.030379,0.0019443,0.00021573,0.050169,-0.090749,-0.01605,-0.029385,-0.048451,-0.034982,-0.031044,0.093645,-0.014514,-0.077334,0.095204,-0.10065,0.062506,0.080654,-0.068723
-0.059557,-0.038075,-0.015039,-0.04725,0.017075,0.10828,-0.069653,-0.018863,-0.12006,-0.0099992,0.084518,-0.043309,0.029515,-0.099626,-0.069362,0.030586,-0.1179,-0.017545,0.10856,-0.080276,-0.041758,0.029625,0.042552,-0.032321,-0.12356,0.10789,-0.10861,0.19196,0.086762,-0.11021,-0.02512,0.0062929,-0.11151,0.066503,0.23568,0.065712,0.0099792,-0.042888,-0.071428,-0.053274,0.17224,-0.15583,0.0064632,-0.014024,0.091929,-0.059684,0.10443,-0.061819,-0.18087,0.072502,0.048854,0.04244,0.030775,0.0028888,0.025942,0.051022,0.12685,-0.02407,-0.011204,0.027499,0.097099,0.048994,0.12425,-0.15205,0.00074327,-0.074487,0.0018828,-0.042848,-0.037117,-0.051894,0.15983,-0.089253,0.035685,0.17336,-0.14735,0.014566,-0.1186,0.12954,0.12082,0.050531,-0.039217,-0.0055169,-0.010754,-0.058323,0.05557,-0.041264,-0.11421,-0.0022276,-0.11012,0.008981,-0.018869,-0.045564,0.0039638,0.0030032,0.13174,0.118,0.085297,-0.16404,-0.19245,0.015337
0.057665,0.006508,-0.056042,-0.058228,-0.11372,-0.084732,-0.10643,-0.034577,0.0069281,-0.0034963,0.032042,0.051842,0.06661,0.057257,0.064989,0.028379,0.17802,-0.16139,-0.012569,0.030205,-0.010772,-0.097466,0.050713,0.017367,-0.0046656,-0.0020741,0.072915,0.019456,0.030327,-0.11834,-0.014325,-0.034867,0.23287,0.10704,0.090213,-0.014303,-0.07678,-0.068281,-0.081928,-0.0037732,-0.020193,0.19566,-0.14488,-0.024367,-0.033501,0.05242,-0.094837,-0.035636,-0.071558,0.10402,0.037335,0.063449,0.022621,-0.16071,-0.16501,-0.0084252,0.15059,0.10772,-0.056431,-0.11455,0.10795,0.10644,-0.027003,0.098717,-0.070255,-0.097046,0.12673,-0.040878,-0.077778,0.19583,-0.02028,0.057039,-0.048254,0.048361,-0.026075,0.0070404,-0.069099,-0.019636,-0.13816,0.03745,-0.1203,-0.2237,-0.038029,0.10136,0.11968,-0.18142,0.1343,-0.046163,0.13558,0.035957,0.031199,-0.027819,0.019193,-0.066863,0.056505,0.047681,-0.0053291,-0.084792,-0.080353,0.13489
-0.096223,0.02859,0.10266,-0.12421,0.26224,0.17519,-0.014214,-0.034157,-0.1918,0.0801,-0.2452,-0.011624,-0.083124,-0.081023,-0.0092539,-0.021436,-0.11974,0.016879,-0.17587,0.074353,0.030572,-0.16136,0.049198,0.040684,-0.10751,-0.13574,0.060607,-0.0023963,0.036906,-0.06247,0.045637,0.06891,-0.032106,0.20172,0.016199,0.023005,-0.043951,0.071978,-0.074103,0.08388,0.11801,-0.13486,-0.0077199,-0.034193,0.04086,0.093571,0.030599,0.090167,0.01445,0.012428,-0.018888,-0.24658,-0.00044982,0.0088236,0.0079759,-0.07383,-0.034364,-0.17749,-0.022022,-0.073048,-0.049365,0.060115,0.066024,-0.074387,-0.05459,0.11495,-0.093014,0.071246,-0.029063,0.028376,0.031867,0.076541,0.057239,-0.012541,0.017342,-0.041635,0.11653,-0.060683,0.01661,0.0051502,0.03348,-0.047869,0.001046,0.050818,0.13202,-0.054393,0.044195,0.032071,-0.18011,-0.0010001,-0.24193,-0.018865,-0.14382,-0.0051071,0.02006,-0.088788,-0.024957,0.013795,-0.021035,-0.059229
-0.15953,0.079652,0.04044,0.094433,0.02373,-0.091635,0.019005,-0.0095527,0.051528,0.015226,-0.094587,0.13435,0.14159,-0.0029639,0.034106,0.2027,-0.020025,-0.14181,-0.042292,0.067487,-0.071597,0.015035,0.10587,0.018137,0.088125,-0.016372,-0.083838,-0.043052,0.0094893,0.060257,0.00091124,0.12921,0.013601,0.055014,0.059038,0.21181,-0.016416,-0.14868,0.073944,0.043819,-0.053197,-0.10579,0.0091722,-0.11587,0.02106,-0.047485,-0.05849,0.043561,-0.058257,0.10785,-0.12588,-0.1368,0.034252,0.011546,-0.11049,-0.0079744,-0.064147,0.19835,-0.22422,0.05199,0.13973,0.12916,-0.04706,-0.18179,0.042183,0.032124,-0.057518,0.12434,0.009577,-0.088234,0.12852,-0.017158,-0.07253,0.13278,-0.093109,0.0099934,-0.070279,0.038871,0.07835,-0.12905,-0.17757,0.10451,-0.014914,-0.09969,-0.10465,-0.20876,-0.034684,0.037722,0.011478,-0.12414,0.1874,0.059194,0.014225,0.077409,-0.074709,0.12598,-0.033817,0.015752,0.17016,0.014208
-0.053557,0.034467,0.069119,-0.082666,-0.038879,-0.12745,0.1209,0.1315,0.12895,-0.043734,0.11846,0.14013,0.30717,0.009371,-0.015039,0.21232,-0.022786,-0.13467,-0.12071,-0.16354,0.092894,0.033937,-0.10154,-0.10124,-0.10481,0.024164,-0.0018372,0.077079,0.0081291,0.090334,-0.045371,0.018154,-0.20478,0.054877,0.24536,0.11653,0.070078,-0.11968,0.11956,-0.046857,-0.068456,-0.045816,0.18198,0.22613,0.11405,0.094793,0.02915,-0.0055512,0.096375,-0.10703,-0.073537,-0.13715,-0.092415,-0.13265,0.055418,0.13654,-0.083047,-0.050312,0.071728,0.027756,0.047686,-0.06236,-0.00049774,0.022928,-0.10476,-0.22073,-0.034846,0.18568,0.1272,0.038688,-0.047727,-0.04185,-0.026643,0.027684,-0.061872,-0.02872,0.10792,0.16128,0.028105,-0.054552,-0.073264,-0.11701,-0.13863,0.023573,-0.17852,-0.18336,-0.086205,-0.0016084,-0.083093,-0.060758,-0.089424,-0.095538,0.097505,0.060745,-0.19321,-0.11615,0.14165,0.12334,-0.03614,-0.11418
-0.070825,0.18751,-0.23217,-0.088657,-0.030899,0.096328,-0.044596,-0.24567,-0.19993,-0.053021,0.12169,-0.05855,-0.071174,-0.11382,0.099212,-0.082716,-0.10778,-0.084464,-0.037079,0.011267,0.010251,-0.060331,-0.031513,0.26402,-0.040076,-0.035919,0.074839,0.098839,-0.020225,0.014462,0.1796,-0.051443,-0.0099384,-0.079396,0.089758,-0.01764,-0.0026572,0.1098,-0.063709,0.10735,0.092467,0.05006,0.051154,0.20642,-0.13918,0.096252,-0.047874,0.14765,-0.083959,0.040784,0.056174,0.013926,0.14971,-0.010617,0.016989,0.039439,0.15975,-0.05761,0.036982,-0.1101,0.019583,0.18444,0.043027,0.10281,0.022028,0.11076,0.075783,0.024913,0.049858,-0.025274,0.0040438,0.038465,0.062223,0.17709,0.049256,0.22633,-0.17789,0.14497,-0.077259,-0.031393,-0.01927,-0.073697,-0.071001,-0.09031,0.031316,-0.016207,-0.19822,-0.11713,-0.073334,-0.019301,0.078716,-0.0041837,-0.00527,0.048352,0.22306,0.13576,0.1392,-0.062006,-0.017575,-0.0050054
-0.096756,-0.068412,-0.029245,-0.066064,-0.079338,-0.075188,0.030709,0.091312,0.095737,-0.095201,0.10567,0.13204,0.081884,0.054528,-0.0075136,0.15704,-0.048115,0.063763,-0.23356,0.07626,-0.098962,0.05661,0.2414,-0.080782,-0.095986,0.073357,0.092712,-0.20225,0.20768,0.073762,0.01281,0.045302,-0.049024,0.19627,0.072862,-0.067882,0.066739,-0.078192,-0.014972,-0.019535,0.14979,-0.09756,-0.0049332,-0.006602,0.15131,-0.016675,-0.040086,0.027128,0.032793,0.011769,-0.030939,-0.085086,0.10331,-0.01608,-3.2076e-06,-0.01986,-0.044535,0.031912,0.054566,0.034793,0.082933,-0.020013,-0.012999,-0.099975,-0.16092,-0.055788,0.097083,-0.13008,0.1136,-0.021361,-0.10198,-0.06328,0.022531,0.061157,-0.078641,0.14578,-0.032927,0.12319,0.21775,-0.017818,-0.06104,-0.13732,-0.019505,0.058035,0.023773,0.029626,0.027371,-0.11025,-0.046334,-0.066122,0.054712,0.016974,-0.18001,-0.19898,0.24975,0.050554,0.1401,-0.024035,0.14259,-0.20064
0.0075044,-0.077377,-0.069929,-0.058414,0.016193,-0.0050887,0.0063078,-0.030215,-0.14263,0.031951,-0.0566,-0.16176,0.19027,-0.087503,0.041191,0.024672,-0.020226,0.01359,-0.058864,-0.074035,-0.074133,-0.12435,-0.124,-0.055616,0.064412,0.10953,-0.20165,-0.061489,0.14849,0.23546,0.04068,-0.016908,0.040588,-0.12513,0.052118,0.072213,0.090221,-0.095371,0.182,-0.010959,0.12911,0.14913,0.0013336,-0.010173,0.11526,-0.067528,-0.12407,-0.20498,-0.13791,0.20079,-0.0085388,-0.022783,0.079967,0.20518,0.059671,0.11787,0.15463,0.078009,-0.14797,-0.00050904,0.018676,-0.0086831,-0.038266,-0.1142,0.078071,-0.01854,0.044368,-0.0071269,0.051594,-0.19341,-0.11045,-0.092247,-0.14892,0.032914,0.13303,0.02051,-0.041167,-0.02306,0.12803,0.062435,-0.011968,-0.11348,-0.11729,0.053628,0.17499,-0.088773,0.013019,0.037161,-0.069414,-0.085205,-0.10895,-0.12182,0.061747,0.034714,0.016774,-0.11614,-0.033332,-0.092408,0.1639,0.031411
0.17861,-0.013637,0.12299,-0.059428,-0.032925,-0.019411,-0.18556,0.073292,-0.11286,0.022718,-0.11914,0.10973,-0.16118,-0.059381,0.086956,0.15854,0.061292,0.065763,-0.008509,-0.046664,-0.064887,0.075354,0.13133,0.15642,-0.12834,0.018695,-0.073867,0.070399,-0.044425,0.12817,-0.00076373,-0.25496,0.093156,-0.1164,0.114,-0.051728,-0.022197,0.032882,0.060702,-0.031077,-0.070137,-0.0092621,0.017864,0.091958,0.023268,-0.023232,-0.082155,-0.0080037,-0.026948,0.067816,-0.072185,0.016514,0.0021637,0.12909,-0.066306,0.0010058,0.098869,0.11101,0.062279,0.035353,0.032993,0.18219,0.072513,-0.25357,-0.013767,-0.076734,0.032991,0.096396,0.065995,0.20412,-0.052941,-0.11289,0.024241,0.035247,0.0095481,-0.081075,0.1267,-0.072096,0.1961,0.10478,-0.023878,-0.11107,0.10479,-0.060662,-0.0013963,-0.077008,-0.17229,0.085786,-0.025176,-0.092249,-0.058965,-0.047112,0.10367,-0.086135,-0.044738,-0.075224,-0.0088991,-0.021771,0.12921,-0.04198
0.036482,-0.11829,0.097593,-0.10024,0.01569,0.037232,-0.030746,-0.020081,0.076027,-0.030556,0.13993,-0.053526,-0.11237,0.021194,-0.25867,0.079088,-0.018416,0.026036,0.014258,-0.14976,-0.027341,-0.094402,-0.019938,-0.058624,-0.06111,-0.033706,0.045453,-0.062508,-0.082585,0.16614,0.027663,-0.067462,-0.1213,0.0040628,-0.065034,0.022266,-0.0044948,-0.0061093,-0.18262,0.036022,-0.0026129,0.14581,0.17155,-0.063646,0.02392,-0.14586,-0.10223,-0.22866,0.10427,-0.095254,0.099046,-0.12344,0.07794,0.12395,0.050874,-0.04888,-0.012641,-0.071181,-0.041845,-0.027087,-0.071187,0.042245,-0.1606,0.031336,0.086918,0.032736,-0.046969,0.30187,-0.15607,0.024113,0.12893,-0.032067,-0.047419,0.018857,-0.23406,-0.10915,-0.14871,-0.034565,-0.12278,0.013283,0.096786,0.17439,-0.10851,-0.0065021,-0.041921,0.093956,0.13293,0.041996,-0.075092,-0.018795,0.17108,-0.15248,-0.24023,-0.02586,-0.046063,-0.090241,-0.0091007,-0.044088,0.015591,0.050214
-0.041676,0.11244,0.021751,0.029629,0.10834,0.0067393,-0.15438,-0.092454,0.048701,0.043442,-0.096488,-0.043508,0.0099269,-0.18577,0.03351,0.0044386,0.084644,0.17226,0.00047641,0.13774,0.024011,-0.142,0.050802,-0.025233,-0.13535,-0.029772,-0.021158,-0.055495,-0.077435,-0.1334,-0.092193,-0.057422,0.0031385,0.087605,-0.12367,-0.068077,0.059713,0.049082,0.032628,0.077055,-0.0090047,0.05949,-0.037202,-0.1647,-0.13595,-0.020406,0.04464,-0.027661,-0.014396,0.037551,-0.20832,0.0085017,0.050242,0.0059796,0.10829,-0.13643,0.083761,-0.011336,0.047512,-0.012168,-0.082405,-0.097518,-0.04622,-0.033689,-0.094217,-0.24371,-0.0086119,0.037202,-0.12745,-0.10369,0.042209,-0.035696,-0.06434,0.047757,-0.0074502,0.03038,0.024529,0.16174,0.060857,0.017739,0.042193,-0.11879,-0.056372,0.016469,-0.015424,0.041825,-0.092504,-0.23125,-0.14271,0.048305,0.10647,-0.077772,-0.027142,0.056918,0.11303,-0.056932,0.13332,0.18737,-0.05129,-0.24513
0.016232,-0.077804,0.063673,0.054309,-0.065347,0.21097,-0.13264,-0.04607,0.064759,0.091093,0.065199,0.099683,-0.04151,0.10265,0.068728,0.085344,-0.028359,-0.01509,0.011707,-0.052563,0.14327,0.20635,0.054441,0.14453,-0.23859,0.23524,0.0020709,-0.061581,-0.03462,-0.099887,-0.045133,0.01138,0.013557,-0.038567,0.026601,-0.19089,-0.086778,0.036815,0.057102,0.08061,-0.012999,0.021153,0.066835,0.0045501,0.068449,0.002562,-0.065981,0.026784,-0.03542,-0.0058638,-0.040061,0.085893,0.038423,0.047081,-0.12106,0.14467,-0.010404,0.04415,-0.068373,-0.00084367,0.069545,-0.094091,-0.022387,0.0070224,-0.076212,0.10972,0.0019166,-0.16254,-0.022568,0.049275,-0.027338,-0.13792,0.039414,0.01458,-0.16107,-0.028006,-0.18699,0.0068213,-0.03087,-0.11351,-0.14815,-0.095486,0.072638,-0.13666,0.041664,-0.096589,0.073163,-0.13597,-0.060998,-0.065952,0.19587,-0.15672,0.10704,0.17421,-0.08442,-0.017683,-0.068384,0.099824,-0.1262,0.047777
-0.0013438,0.039703,0.048151,-0.044874,0.091391,0.072633,-0.049066,0.065823,0.083072,0.21927,0.050599,0.10538,-0.19898,-0.088947,0.1221,0.0022659,-0.21517,0.037572,-0.069163,0.042501,-0.12969,-0.15222,0.04766,0.026267,0.23392,-0.0157,-0.052889,0.079432,-0.011791,0.026671,0.076543,0.002205,0.026618,0.0097065,0.11642,0.012399,0.18416,0.01178,-0.11655,-0.032317,-0.021276,0.047364,0.14605,0.086053,-0.13139,0.1936,0.0067757,-0.16338,-0.18582,0.12018,0.06295,0.06673,-0.006257,-0.030966,-0.12617,0.063015,0.072154,-0.094174,0.039593,-0.0085242,-0.013846,-0.13178,-0.089265,-0.001287,0.18515,-0.18895,-0.1549,0.022953,-0.050738,0.074925,-0.10462,-0.10055,-0.010677,-0.0088996,0.06217,-0.12472,0.042232,-0.0021138,0.066895,0.1341,0.15399,0.026778,-0.003756,-0.029113,-0.096084,-0.031818,-0.13088,-0.070003,0.035358,-0.019689,0.13111,0.22756,0.18622,0.10799,0.17427,-0.086365,0.074444,-0.031872,-0.044327,0.0036621
0.063959,0.035856,-0.022232,-0.057431,-0.02482,-0.12253,0.0045671,-0.1035,0.010951,0.12667,-0.14528,0.012321,-0.091391,-0.036881,-0.082854,-0.038163,0.12214,-0.091746,0.078482,-0.036124,0.054935,0.087649,0.12967,-0.12156,-0.13685,0.016279,0.037843,0.0085328,-0.1128,-0.16224,-0.19044,-0.030252,0.15426,0.10771,0.065938,0.028247,-0.029008,-0.092123,-0.002127,0.10672,0.036944,-0.017781,-0.20018,0.18417,0.0097412,-0.036649,-0.073221,0.048461,-0.12248,-0.11825,0.13733,0.0078612,0.1513,-0.0079429,0.054915,0.098795,-0.010824,-0.025574,0.16866,0.17354,0.010028,0.026076,0.10859,-0.13821,-0.21039,0.0086218,0.21793,-0.17571,0.044673,0.10227,0.22467,0.046909,0.011535,0.0077056,0.11461,0.073104,0.054252,-0.086386,0.0033804,0.075094,0.067696,0.063947,-0.0053201,-0.062836,0.07533,0.024707,-0.11589,0.12064,-0.0076552,-0.065619,-0.097589,-0.14445,-0.040826,-0.050628,0.040191,-0.088647,-0.019938,-0.03784,-0.026904,-0.0058714
-0.062678,0.022792,-0.18997,0.23389,0.10177,0.03571,-0.057878,0.24155,0.15006,-0.11291,0.071401,0.10554,0.1013,0.020021,0.14251,-0.028028,-0.1441,-0.041599,-0.08915,0.13518,0.09821,-0.005241,0.057555,0.12112,-0.051309,0.11247,-0.26971,-0.03571,-0.074975,0.14224,0.039018,0.09235,-0.016059,0.17533,-0.0085259,0.10471,0.054499,-0.040195,-0.12496,0.16665,-0.046201,-0.013934,-0.083795,-0.039117,-0.15676,0.10206,-0.19737,0.087918,-0.21263,0.12186,0.1268,0.086317,0.12378,0.22008,-0.078716,0.023228,0.082512,-0.014508,-0.023516,0.073708,-0.036383,-0.042371,0.064687,0.010156,0.11546,-0.17157,0.1234,0.045149,-0.093795,0.17058,0.034928,0.089365,0.020971,0.063727,0.14027,0.11476,-0.12684,-0.11763,0.18421,-0.049744,-0.10779,0.056824,-0.016259,0.122,0.026196,-0.059247,-0.14586,-0.11322,-0.13922,-0.0034165,0.047071,0.06318,0.031519,0.18933,0.024339,0.1672,0.063903,0.16109,-0.013289,0.13965
-0.076038,-0.031958,-0.11443,-0.12339,-0.049248,0.094584,-0.059084,0.010497,-0.071557,-0.086044,0.04149,0.019112,-0.023246,0.064309,0.076114,0.097241,-0.0849,0.14228,-0.038862,0.12254,0.18788,0.034945,0.026962,-0.012563,0.15514,-0.12104,0.041569,0.1692,-0.075525,-0.11901,-0.078511,-0.069565,0.050428,-0.024651,-0.14921,-0.058847,0.063447,0.12485,0.076699,-0.12875,-0.054978,-0.014869,-0.15936,-0.033154,0.13041,0.13557,-0.074946,0.10874,-0.020725,-0.15934,0.026163,-0.058162,-0.12767,0.0029482,0.18942,-0.10204,0.030208,-0.02988,-0.11408,-0.015869,-0.097383,-0.14333,0.02125,0.040405,-0.051427,0.050714,0.13636,0.064102,-0.15865,0.060797,0.036105,-0.063389,-0.15147,-0.1118,0.042727,-0.1341,-0.029396,-0.108,-0.077051,-0.085858,0.16438,0.23156,-0.061125,0.0088647,-0.058437,-0.004909,0.10432,-0.086238,0.047836,-0.025895,-0.016236,-0.12447,-0.10586,-0.025773,-0.012579,-0.12348,0.12288,-0.089275,0.019304,-0.022509
-0.14886,-0.055281,-0.10183,-0.06824,0.05477,-0.087561,-0.0498,0.081062,0.079031,-0.019462,0.022632,-0.0069741,0.059323,0.064501,0.030749,-0.26629,0.0089065,-0.061469,-0.11766,-0.039421,0.036154,-0.036537,0.079748,-0.09299,0.056537,-0.0092747,-0.075921,0.016183,-0.14485,-0.0062324,-0.022772,-0.019523,-0.0086727,0.10222,0.072221,0.043172,-0.1208,-0.084809,-0.24242,0.091656,-0.02996,0.057186,0.17948,-0.13216,-0.0043685,0.091846,0.090849,0.082119,0.074196,-0.11737,-0.02409,-0.011585,0.098336,0.022314,0.040859,-0.072409,0.012491,-0.1358,0.076127,-0.10118,-0.039254,0.0012531,-0.17035,-0.065946,-0.010725,-0.06933,0.13787,0.097492,-0.083851,0.12842,-0.23381,-0.049585,-0.073629,0.046022,0.093285,-0.047101,-0.13202,-0.014934,0.11222,0.23652,0.040703,-0.033,-0.019728,0.063185,-0.030068,0.020306,-0.099003,-0.048274,-0.033777,-0.0076415,-0.0095785,-0.058139,0.014356,-0.062756,-0.10344,0.071483,-0.03426,-0.0585,-0.12985,-0.043984
0.06943,-0.041631,0.077864,-0.091944,-0.11421,0.077996,0.18114,-0.099425,0.020029,0.022309,0.026407,-0.1965,-0.20333,-0.14927,0.024764,0.15335,0.099556,-0.022993,-0.056486,-0.030225,0.063781,-0.10034,0.067485,0.051951,0.073199,0.012692,0.13209,0.038757,-0.0022664,-0.00825,0.17761,-0.031488,0.04686,0.044162,0.023465,0.13197,0.057986,-0.052509,-0.050914,-0.0598,-0.10995,-0.047968,0.048754,-0.046879,-0.007386,-0.030017,-0.095087,0.029153,0.02472,0.00072184,-0.0047758,-0.059338,-0.0037581,0.017606,-0.10172,0.086474,0.025633,0.012406,-0.021664,-0.062784,0.078842,0.062,0.1579,0.028916,-0.12816,-0.13081,0.16176,-0.027413,-0.071433,0.0052241,-0.05467,0.065912,0.050728,-0.0094178,0.012522,-0.10765,-0.09824,-0.040939,0.16269,0.23322,0.053832,0.036485,0.033641,-0.098603,0.22012,-0.054613,-0.15297,0.18353,0.026668,-0.010183,-0.04376,-0.15759,0.032697,0.012659,0.12612,-0.00018643,0.064912,-0.10979,-0.0042546,0.14039
0.22704,-0.12911,0.074096,0.10419,0.1261,0.028375,0.020816,-0.16627,-0.025242,0.032607,0.014258,0.11074,-0.0081465,0.010884,0.0070978,0.022848,0.081289,0.065067,0.008556,0.074286,-0.084301,0.031327,-0.017183,-0.1197,0.19959,-0.069006,-0.046711,0.01298,0.0025169,0.075179,0.12972,0.0037538,0.012284,-0.10627,0.046459,0.11768,0.04244,0.079382,0.11043,-0.042742,0.0078665,0.026413,0.10368,0.038972,0.19087,-0.038907,0.14333,-0.05614,0.016925,0.079642,0.0035526,-0.046398,0.20535,-0.073075,-0.060711,-0.052097,0.2169,0.078135,-0.109,0.11931,-0.0099362,-0.068093,-0.0094691,-0.17077,0.06573,0.09674,0.034921,0.18469,0.059466,-0.026104,-0.076508,0.065145,0.050309,0.0038269,-0.062606,0.056501,-0.19001,-0.16516,0.10384,-0.047382,0.14498,-0.0088269,0.054062,0.12678,-0.045886,0.056958,-0.080709,-0.021437,-0.1231,0.036851,0.090197,0.1376,0.11106,-0.13845,0.0084911,-0.028287,-0.11306,-0.013747,-0.11889,0.0075279
0.081359,0.072243,0.16662,-0.021017,0.018495,0.12602,-0.050794,0.051434,-0.021967,0.011524,0.053826,-0.035901,0.021685,0.022659,-0.12947,0.080978,0.007247,0.23348,0.10208,0.10956,-0.041492,0.080399,0.021052,-0.11017,0.053602,-0.035703,-0.004646,0.041511,0.2854,-0.055788,-0.09273,-0.16592,0.10363,-0.22437,-0.053454,-0.088591,-0.013028,-0.055703,0.19534,0.078995,0.036557,0.060273,0.11091,-0.0093679,-0.13287,0.063658,0.14165,-0.07282,0.0061591,0.10607,-0.047534,0.15288,-0.022921,0.14166,-0.072431,-0.033125,-0.016401,-0.038341,-0.051476,-0.077597,-0.069814,0.032113,0.015836,0.08813,0.081488,-0.21853,-0.014071,0.19723,0.06112,0.018522,0.045886,0.051503,-0.1341,-0.12352,-0.035975,0.060437,0.20503,-0.12988,-0.045481,0.048111,0.025543,-0.085147,0.039671,0.077151,-0.060944,-0.13275,-0.044253,-0.017295,0.13523,-0.10597,-0.079526,-0.038264,0.025053,-0.14866,0.077928,0.008526,0.18967,0.004849,0.12056,-0.012875
-0.023774,-0.021573,-0.0022597,-0.082355,0.044176,-0.15621,0.041527,-0.031564,-0.084926,-0.15051,0.0078888,-0.062487,-0.0042276,0.027425,-0.1113,-0.055601,-0.016207,-0.021592,0.08744,-0.053531,-0.0015929,0.25454,0.0072061,0.030252,0.038898,0.0078489,-0.023883,0.09615,-0.043881,-0.029895,-0.1152,0.084385,0.026965,-0.011742,0.17293,-0.089842,-0.010074,0.1368,0.073965,-0.1954,0.008957,0.14532,-0.10404,0.08992,-0.047175,-0.02334,-0.07832,0.059078,-0.21259,-0.071495,0.059558,-0.0086277,0.16066,0.20169,-0.040472,0.15439,0.063295,-0.019645,-0.13998,0.054956,0.027221,0.0048174,0.19317,-0.057564,-0.18689,0.14074,-0.17113,0.048364,0.036375,0.086764,0.075725,-0.043025,-0.064887,-0.072153,0.032645,-0.12398,-0.10443,0.16857,-0.096913,-0.029926,0.081835,0.054269,0.029752,-0.10046,0.02977,0.051126,-0.032409,0.072689,-0.075036,0.0041543,0.11568,0.20826,-0.040853,-0.050964,-0.046355,0.013482,-0.16925,-0.11599,0.042859,0.071711
-0.13816,0.1349,0.061131,0.0080413,-0.028223,0.080191,0.078022,0.033951,0.12608,0.080927,0.099958,-0.071361,-0.027497,0.16774,0.049859,0.012029,0.058761,0.13264,0.07597,0.074581,0.19548,0.063082,0.19024,0.0094338,-0.09688,-0.10222,-0.21015,-0.057021,-0.028577,-0.0084416,0.027605,0.0024895,0.063246,-0.14203,0.027703,0.0023812,0.12468,-0.012063,-0.013363,0.10767,-0.11714,0.06909,-0.15355,0.06519,-0.034095,-0.010356,0.13275,-0.068773,-0.0069249,0.043335,-0.15298,0.20974,0.11588,-0.037525,0.13343,-0.031289,0.13424,-0.096203,-0.1861,-0.057323,-0.034079,0.041224,0.020237,-0.054397,-0.011269,-0.17553,0.0073355,-0.059875,0.047041,0.041074,0.0056349,-0.040112,0.067615,-0.20157,-0.06459,-0.003261,0.039811,0.090342,-0.037044,0.038365,-0.0326,0.1105,0.02369,0.12342,-0.072889,0.085094,0.021781,0.11118,0.028408,0.013197,0.16217,-0.016541,0.074461,-0.10225,-0.095589,0.086026,-0.19551,0.070315,-0.084745,-0.01995
-0.050952,0.096461,0.12465,-0.022519,-0.05402,0.10862,0.11755,-0.027218,-0.14441,0.10822,-0.21757,-0.073104,-0.33088,-0.15564,-0.141,-0.1717,0.054634,0.019215,-0.03654,0.15145,0.0071519,-0.13978,-0.012751,-0.06286,-0.15447,-0.048783,-0.054308,0.01886,0.13268,-0.031986,0.052723,0.24601,0.013263,-0.11035,0.029981,-0.17346,0.016569,0.054672,-0.10625,0.031047,-0.026543,-0.091404,-0.039368,-0.082352,-0.020713,-0.15113,-0.09402,0.2536,-0.087634,0.31358,0.14972,-0.085197,-0.11695,0.048231,0.094216,0.13924,0.0004587,0.067941,0.12111,0.16997,-0.069312,0.01082,0.15245,0.13189,0.020868,0.067818,0.14811,0.12419,0.042983,-0.10318,0.1219,0.057534,-0.012262,0.083753,0.11396,0.021541,-0.059932,-0.024984,-0.071192,-0.059314,0.033489,-0.023019,0.071805,0.016556,-0.0089974,0.066891,0.087851,0.029134,-0.059333,0.08832,-0.0028761,0.021171,0.026022,0.062772,0.10873,0.099068,0.0027157,0.15553,0.099875,0.080948
0.088014,0.015628,0.0063345,0.072552,0.15801,0.071689,0.0063243,0.13206,0.16988,0.055548,0.10295,0.10054,0.011873,-0.23165,0.19379,-0.18131,-0.096597,-0.006481,-0.069545,0.13922,-0.015344,-0.12537,0.11237,-0.059984,-0.10773,-0.071574,-0.12906,-0.11396,0.1285,0.065749,0.087445,0.036062,0.22456,-0.054695,0.0022198,-0.050967,0.090882,0.099529,0.026347,-0.053082,-0.1266,0.11214,0.1235,0.013251,0.021771,-0.059378,0.096785,-0.096564,-0.080761,0.024094,-0.010634,0.068581,-0.01529,-0.082135,0.00019856,0.040515,-0.14992,0.034661,0.085956,-0.03152,-0.020432,-0.11098,0.26335,-0.079009,-0.1777,-0.0034272,0.078321,0.016043,-0.044084,-0.062412,0.038232,0.0055306,-0.04659,0.056602,-0.12688,-0.012818,-0.080662,0.064127,-0.041317,0.040529,0.05893,0.030618,-0.15702,-0.0021777,0.072411,-0.20752,0.10543,-0.055499,0.039823,0.0023961,0.1011,0.061137,0.089882,-0.038644,-0.078853,0.00096698,-0.038992,0.080354,-0.1925,0.053076
0.016214,0.15079,0.045242,-0.13535,0.1244,0.075283,-0.044446,0.071347,0.11685,-0.017973,0.11085,0.10511,-0.1586,-0.10031,0.059096,0.23968,0.14903,-0.18522,0.06622,-0.10295,0.17826,0.0061263,0.06289,-0.087267,0.028689,-0.090072,0.0073096,0.090086,0.021169,-0.03341,0.055397,0.058283,0.14802,-0.015795,0.079112,0.074349,-0.064617,0.054952,0.087246,0.073515,0.090792,0.05549,-0.069353,0.026262,-0.066015,0.01866,0.081475,0.016032,0.0046626,0.17508,-0.10769,0.087241,0.06494,0.031086,0.090787,0.16279,-0.009866,0.14733,0.058655,0.024665,-0.071559,0.0049716,0.10401,0.13226,-0.073324,-0.046043,0.031077,0.0084906,-0.054026,0.11061,0.0074092,-0.062497,-0.063171,0.14682,-0.072389,0.069205,0.18555,0.18308,-0.076179,-0.10096,-0.079494,-0.0039035,0.0052912,0.033887,-0.17534,0.058515,0.071899,0.041305,-0.015181,-0.20714,-0.16275,0.071391,-0.14965,-0.11961,-0.050832,0.14628,0.030023,-0.078262,0.096483,-0.10648
0.14692,0.06659,0.058111,-0.023928,-0.15974,-0.076188,-0.12855,-0.045965,0.079351,-0.013422,-0.030895,-0.019753,0.17419,0.18337,-0.26,0.036128,-0.023953,-0.10671,-0.062847,-0.093045,0.039517,0.072112,0.16631,0.11635,0.056945,-0.20431,0.2419,0.034651,-0.021099,0.031424,0.15579,-0.012429,0.041483,-0.044944,-0.074359,-0.072327,0.032453,-0.13822,0.056752,-0.01941,0.025234,-0.022647,-0.012628,-0.032133,0.096313,-0.048396,0.054544,-0.021589,-0.052427,-0.062047,-0.017879,0.085398,0.12216,-0.05213,0.11325,0.039067,-0.13962,0.02544,-0.19719,-0.12888,-0.23586,-0.1225,0.13916,0.13365,0.10153,-0.032832,0.05443,0.01825,0.031502,0.11906,0.029506,-0.15762,-0.16536,0.13996,0.11668,0.016838,-0.064994,-0.086304,-0.013262,0.18342,0.066284,-0.017589,-0.15171,0.13636,0.012728,0.0088598,0.0016668,-0.038596,-0.052785,0.17376,-0.08452,0.0053677,-0.0070927,0.049193,0.12033,-0.0014323,0.041585,-0.11293,0.10291,-0.10261
0.022758,-0.085994,0.068103,0.13358,0.038132,0.077922,0.17027,-0.047574,-0.065811,0.068754,-0.12408,0.0013414,0.015049,-0.09321,0.018318,-0.030817,0.17774,-0.018757,0.17049,0.012079,-0.0922,0.12187,0.087623,-0.053456,-0.066902,-0.034788,0.17304,-0.011451,-0.13388,-0.12843,-0.16551,0.17238,-0.15127,0.056677,0.02672,-0.031777,0.12214,-0.2073,-0.069476,0.13011,0.12464,-0.1759,-0.082792,-0.040212,-0.049348,-0.10068,0.098397,0.012751,-0.12718,-0.13424,0.060823,0.17096,0.085851,-0.14317,-0.061546,-0.02452,0.0010849,-0.14149,0.1523,-0.010282,0.13022,0.11653,-0.021268,-0.0088606,-0.02827,-0.062293,0.19113,0.063278,-0.078849,0.1819,-0.010706,-0.093292,0.093965,-0.086926,-0.045111,-0.023996,-0.1839,0.16831,-0.033286,-0.044827,0.0075567,-0.060681,0.059553,-0.15497,0.068433,-0.0020511,0.012257,0.0062555,-0.0024702,0.18694,0.09647,0.039529,0.067731,0.13947,0.031031,-0.23895,-0.028059,-0.16204,-0.098769,-0.07648
-0.31772,0.03495,-0.11297,0.041588,-0.11731,0.15374,-0.13213,0.091282,-0.0024445,-0.14968,-0.057463,0.16827,-0.023914,-0.072828,-0.045425,-0.11618,-0.05654,0.12621,-0.065522,0.061043,0.035231,0.15047,0.24569,-0.074894,-0.11829,-0.019515,-0.12184,-0.054639,-0.15431,-0.0012653,0.016155,0.084499,0.018866,-0.070962,-0.040748,-0.091704,-0.21597,0.1049,0.03044,0.040953,0.086824,-0.040406,-0.10327,-0.0021295,0.053966,0.18639,-0.1249,0.14883,-0.148,0.033082,-0.024637,0.022801,0.009643,-0.16023,0.057004,-0.054544,-0.068815,0.035112,-0.14813,0.12123,0.2018,0.029134,0.014372,-0.19553,0.073331,-0.10552,0.0010701,-0.060626,-0.015611,0.089562,-0.057451,-0.027576,0.026746,-0.028523,0.10852,0.072616,-0.018722,0.13669,0.13601,0.01025,-0.21376,-0.062064,-0.048681,0.046636,0.092079,0.0065587,-0.083604,-0.054435,0.054155,0.065215,0.021132,0.041931,-0.072002,0.017622,-0.040001,-0.0021984,-0.057053,-0.089887,0.058047,-0.17356
0.016198,0.01106,-0.12998,-0.15183,-0.041652,-0.12487,0.089824,0.057561,0.05435,0.18205,-0.079305,-0.071364,-0.029772,0.19576,0.01943,-0.12316,0.037641,-0.039871,0.018983,0.04883,0.074492,-0.11077,0.046173,0.038444,0.040153,0.046743,0.021665,-0.024372,0.10993,0.032704,0.01565,-0.038495,0.10682,0.071447,0.030609,-0.068741,0.016064,0.0011523,-0.021582,-0.022621,0.03956,0.031222,0.058355,0.11493,-0.18229,0.00099514,0.0008092,0.011576,0.027902,0.021829,0.049706,0.1786,-0.074013,-0.2301,-0.1424,0.026131,-0.14278,-0.011431,0.016708,0.070156,-0.11346,-0.091798,-0.035596,0.033573,0.2124,-0.032822,0.038239,-0.022197,0.038612,-0.044667,0.21286,-0.10271,-0.16718,-0.017696,-0.057006,-0.043145,-0.23353,-0.18263,-0.029112,0.08622,0.10184,-0.074326,0.17775,0.062931,0.057119,0.087399,-0.27082,0.085344,-0.03482,-0.14149,-0.11992,0.033641,-0.028354,-0.02619,0.01761,-0.11171,-0.15223,-0.12089,-0.069139,0.15803
-0.057017,0.048906,-0.013756,0.098052,-0.022832,-0.011247,0.039868,0.13591,0.068078,-0.057241,0.045439,0.16382,-0.089715,-0.028572,-0.088002,-0.035324,-0.043583,-0.010503,-0.050347,0.056555,0.11624,-0.13281,-0.09449,0.1076,-0.0054706,0.1815,-0.15231,-0.099728,-0.10458,-0.088883,-0.058736,-0.016563,-0.089492,0.090078,-0.077362,-0.031162,-0.035873,0.14996,0.018451,0.0051665,-0.013382,-0.023195,-0.11663,-0.11035,0.056935,-0.058593,0.1271,-0.080648,-0.041382,-0.049139,0.1138,-0.0037815,0.17197,-0.077511,-0.080835,-0.15042,-0.37048,0.073743,0.074664,-0.031411,-0.10032,0.050845,0.025354,0.094426,-0.19805,0.052729,-0.19735,0.040928,-0.052619,0.19317,-0.022133,0.14539,0.030249,-0.16052,0.032028,-0.01409,0.086545,0.070123,0.021163,-0.10086,0.0037119,-0.047169,0.096652,-0.021048,0.080982,0.0075878,0.073911,0.069155,0.063865,0.022493,0.070961,0.013551,0.055468,0.04283,-0.058606,0.12964,0.034168,-0.11482,-0.032946,0.039069
0.056536,-0.042811,0.11982,-0.044808,0.12505,-0.12901,0.033503,0.021876,0.10342,0.033828,0.074908,-0.12366,0.15176,0.10792,0.050808,-0.0079636,-0.11853,-0.06387,-0.027089,-0.029313,-0.13905,0.1528,0.057642,0.16411,0.0030827,0.045836,-0.16488,-0.076074,-0.022139,-0.010993,0.095455,0.14324,-0.14626,-0.061198,0.012191,-0.058362,-0.093525,0.081931,0.076411,0.0024157,0.042373,-0.068279,0.094778,-0.16181,0.20235,-0.036333,0.076359,0.052502,0.074948,0.0012286,0.018722,-0.068498,0.099549,0.07577,-0.038121,-0.067712,0.075851,-0.030572,-0.17438,0.010372,-0.2292,0.13526,0.013874,0.011653,-0.054799,-0.038339,0.027816,-0.099035,0.16323,-0.11652,0.063767,-0.020499,-0.13207,-0.034123,0.018031,0.12992,-0.0929,0.2192,0.022317,-0.1174,-0.1282,-0.00059916,0.093603,0.08155,-0.1571,0.10752,-0.077834,-0.018817,0.0012443,0.24649,-0.0044813,-0.06175,-0.045628,0.11812,-0.022621,0.0051711,0.0084467,0.023454,0.01756,-0.067248
0.020847,-0.10446,0.06849,-0.034086,0.023058,0.05901,-0.092181,0.0070715,0.091247,-0.00061432,-0.025579,-0.18793,-0.16319,0.028415,0.098989,0.097731,0.043868,-0.071763,0.037246,-0.05093,-0.039193,0.16934,0.00063573,0.10576,-0.078378,0.086931,-0.0079132,0.021444,-0.10208,0.089053,-0.12482,-0.038409,0.0084022,0.01139,-0.044914,0.067217,-0.13095,-0.013951,-0.037793,0.11203,0.13944,-0.0191,-0.1261,-0.099685,-0.11349,0.037589,0.02061,0.026452,0.030881,0.07699,0.016441,-0.0072678,0.035831,0.0059723,0.046752,-0.089485,0.074881,-0.10334,-0.011288,-0.12089,0.068249,0.048667,0.0584,0.082642,-0.13242,-0.083943,-0.076224,0.04635,0.13183,-0.12068,0.0054215,0.026995,0.04344,0.0028992,-0.012646,-0.015883,-0.10506,-0.026754,0.14894,0.0068567,-0.052315,0.09651,0.047951,0.11736,-0.049757,-0.10203,0.094418,0.092491,-0.044841,-0.066043,0.011911,-0.14945,0.0023459,-0.18412,0.11393,-0.093217,0.038973,-0.036414,-0.057671,0.068031
0.067625,0.085371,0.10674,-0.050576,-0.013668,0.063957,-0.0024317,0.051925,0.18966,-0.11587,0.087378,0.15314,0.035975,0.1525,0.0089768,-0.090623,0.13121,-0.073055,-0.015119,-0.017485,-0.086329,0.023102,0.02949,0.0076671,-0.071296,-0.030113,0.087859,-0.060911,-0.14566,-0.031902,-0.14061,0.0074412,-0.16835,-0.21005,0.18767,0.13488,-0.10243,-0.22379,-0.035217,-0.034795,0.22355,0.078044,0.10657,-0.14618,0.075694,-0.03167,-0.049054,0.069331,0.010136,0.051491,-0.027644,-0.15532,0.12769,0.056923,-0.11637,0.020376,-0.078602,-0.17688,0.13148,-0.039416,-0.23795,0.061579,-0.1375,-0.01118,0.072724,0.045424,-0.13116,0.11387,-0.12918,-0.16285,0.028821,0.0089235,-0.065232,-0.014286,0.046824,0.073518,0.10551,-0.064665,0.034525,0.060575,0.047117,-0.005599,0.066205,0.038769,0.2112,0.13328,-0.21552,0.031881,-0.11588,0.18194,-0.094748,0.089893,-0.12911,-0.018704,0.16891,0.3316,0.17265,-0.034034,-0.084323,-0.082905
0.03218,-0.042221,-0.18016,0.16288,-0.1257,0.058734,0.080253,0.0062407,0.039755,0.05591,0.26485,-0.067141,0.0057432,-0.043376,0.033555,-0.098221,0.10813,-0.011748,-0.069173,-0.092301,-0.026835,0.0018699,-0.03467,-0.084186,0.026938,-0.12465,-0.07249,-0.19253,0.054745,-0.011528,0.017982,-0.0037407,-0.02529,-0.17796,0.0099447,0.046625,-0.056382,-0.095659,-0.050896,-0.11036,0.065903,-0.032871,-0.17588,0.016578,-0.11146,-0.14519,-0.064447,0.018298,0.010816,-0.010766,0.037926,-0.20602,-0.11969,0.056659,0.12323,0.12462,0.033801,0.20334,-0.23945,-0.0043715,-0.10589,0.10326,0.084648,0.10588,0.11185,-0.0075772,0.10068,0.19572,0.060832,0.10164,-0.11304,-0.061866,-0.0056429,-0.059815,-0.018307,-0.051986,0.19573,-0.11434,-0.015662,-0.031881,-0.13069,-0.019724,-0.018437,-0.25629,0.20632,0.089013,0.099965,-0.044577,-0.090217,0.058518,-0.065461,-0.00081205,0.030487,-0.044929,0.10933,0.13343,0.074764,-0.084273,0.033093,-0.027077
-0.11649,-0.0012699,0.014209,-0.0024441,-0.050127,-0.10485,0.02983,-0.05104,-0.050243,-0.078586,0.11097,0.11585,-0.17946,0.14633,0.026693,0.18981,0.12196,-0.049842,0.37125,0.082354,0.0073366,0.13985,0.042314,0.071913,-0.033266,-0.079372,-0.00082313,-0.0056683,-0.0050599,-0.066294,0.15046,-0.094415,-0.096378,-0.097911,0.15158,-0.066022,0.040067,-0.098361,0.0048518,0.067423,0.21101,0.045295,-0.049189,0.20471,0.033453,-0.067922,-0.051105,0.024765,-0.16255,-0.11986,0.066841,-0.018666,-0.048049,0.092076,0.13121,0.095784,-0.17359,0.017576,0.20667,-0.12714,0.037895,0.18983,0.0565,-0.00025878,0.031631,-0.047444,0.080228,-0.098452,-0.13242,0.093425,0.10461,0.10413,0.13019,-0.14208,0.0098214,-0.19382,0.011088,-0.16162,0.04054,0.061979,0.12267,-0.0041975,-0.045238,0.0057892,0.12909,0.049768,-0.02283,-0.029508,-0.078982,0.1975,-0.030635,-0.15671,0.0059128,-0.16046,0.093184,-0.0061665,0.10424,-0.087211,-0.086579,-0.069135
0.15723,0.081861,0.091319,0.11644,0.020741,0.030906,0.0076435,0.10538,-0.020708,-0.10432,0.02174,-0.028868,-0.010826,-0.18654,0.20131,0.02885,0.060745,0.1472,-0.025795,0.20939,0.076134,-0.034319,-0.03426,-0.083495,-0.082269,-0.069087,0.15938,-0.022156,-0.087229,0.086781,-0.10373,0.053351,-0.080548,0.029414,0.079704,0.019468,-0.0271,0.14693,0.1471,0.011218,-0.010692,-0.28237,0.039839,0.15324,0.13996,-0.055447,-0.076678,-0.14353,-0.13368,0.0653,0.028325,-0.055456,-0.091812,0.055325,0.12581,-0.035354,0.055777,0.041252,0.18069,0.10115,-0.091579,0.1194,-0.061325,0.10602,0.14925,0.076884,-0.092565,-0.057652,-0.0061799,-0.018231,-0.099071,-0.066665,0.089181,-0.31226,-0.0086395,-0.024613,0.031243,-0.13556,0.30863,0.079058,0.069033,-0.1047,-0.080538,-0.084836,0.10924,-0.15709,-0.085517,0.13361,-0.0056022,-0.064877,0.029133,-0.010362,-0.018632,-0.039068,0.0090729,-0.029596,-0.046583,-0.033562,-0.026316,-0.11613
0.12727,-0.21421,-0.017622,0.0019345,0.079854,-0.033839,0.1913,0.13035,-0.05863,0.18849,-0.00060629,0.060616,-0.12841,-0.15323,-0.0013017,0.079733,-0.0578,-0.2207,0.14103,0.044094,0.16019,-0.12414,-0.062187,0.052495,0.064075,-0.053803,-0.18842,-0.024555,-0.057928,-0.12796,0.07769,-0.070718,-0.037729,0.13131,0.012382,0.069393,-0.053319,-0.059809,-0.073112,-0.05724,-0.040203,0.023961,0.045013,-0.15183,0.16545,0.052557,0.047931,0.024857,-0.12143,-0.08679,0.021247,0.14797,0.035795,0.038613,0.15306,-0.0013534,-0.18553,-0.23854,0.07996,0.029531,0.020903,0.11032,0.073224,-0.2413,-0.11452,-0.031384,0.048308,-0.021864,-0.10674,-0.13495,-0.03932,-0.019652,-0.062872,-0.011294,-0.05597,0.024923,-0.18856,0.052925,-0.026017,0.018107,0.0044218,0.095003,-0.082925,0.11427,0.14514,0.071054,0.042695,-0.021521,-0.048026,-0.023289,-0.029135,0.0577,0.20633,-0.074423,-0.1249,0.093636,0.06308,-0.18817,-0.19906,0.031551
0.035707,-0.073052,0.052881,-0.18876,-0.040654,-0.0033237,-0.071527,0.055982,0.2207,0.074467,0.12297,0.033729,0.04556,0.1213,-0.18842,0.041628,0.12486,-0.087872,-0.025238,-0.074298,-0.037392,0.079454,-0.023643,0.078658,0.039151,0.093652,0.054616,-0.087527,0.04448,-0.06882,0.13386,0.020681,0.074717,0.018703,-0.03707,0.026547,-0.0011766,0.048679,0.06375,-0.13578,0.1872,-0.1203,-0.16088,-0.10131,0.10291,0.030635,-0.027402,-0.068192,0.065487,-0.038396,0.024158,-0.068581,-0.15082,-0.022875,-0.025941,-0.11543,-0.056713,0.18598,-0.17039,-0.043101,0.070618,-0.071928,-0.015631,-0.08204,0.066352,0.021332,0.049774,0.076768,-0.14731,-0.025632,-0.058546,0.0052605,0.038147,0.025553,-0.08471,0.17493,0.06213,0.20728,0.055095,-0.05409,0.033533,-0.15041,-0.033906,-0.023289,-0.052232,-0.01302,0.01338,0.03282,0.1589,0.14858,0.15238,0.041864,0.12542,0.012616,0.0046008,-0.15872,-0.026903,-0.14421,-0.059604,0.075424
0.053948,0.087648,0.020144,0.03776,-0.026771,0.19772,0.11896,0.074563,-0.068031,-0.075408,0.15137,-0.12915,0.043775,0.17214,-0.05784,0.059257,0.091859,-0.11576,0.077105,0.18524,0.032485,0.067528,0.06837,-0.074007,-0.12544,-0.1148,-0.0027222,-0.12349,-0.37368,0.14768,0.034937,0.10493,0.0075765,0.11543,-0.062068,0.052482,-0.088578,-0.0050677,0.058563,-0.0052887,-0.23,-0.069933,-0.016905,-0.01788,-0.086212,-0.0059904,0.14797,-0.16098,-0.10444,0.089166,0.12264,0.082482,-0.031154,-0.12332,0.015357,0.0065861,-0.16288,-0.071981,-0.1,-0.061943,-0.018359,0.035151,0.088341,0.036409,-0.0037898,0.0047311,0.15002,0.11717,0.036507,-0.059538,0.12812,-0.070552,0.023628,-0.10997,-0.14437,0.0596,-0.024627,0.039121,-0.10906,0.027148,-0.013832,-0.015446,-0.084897,-0.0070666,0.037793,0.16569,0.14693,0.020196,0.04503,-0.030591,0.037685,-0.0036323,0.011249,0.10776,0.0065072,-0.068907,0.013603,0.12607,0.066261,0.19612
-0.019202,-0.031821,0.032053,-0.18136,-0.039399,-0.093712,0.030786,0.013984,-0.029583,-0.25532,0.0651,-0.086695,0.18321,-0.043291,0.030477,0.023655,-0.15591,0.061058,-0.048694,-0.069396,-0.27829,-0.14855,0.051138,-0.11131,-0.03127,0.052476,-0.19439,0.025513,-0.19635,-0.0058919,0.099385,0.041465,0.036585,-0.076238,0.10065,0.037026,0.14731,0.16618,-0.28413,0.11801,0.06458,-0.22136,-0.048719,0.095868,-0.016612,-0.023478,-0.046771,-0.15835,0.025244,-0.0042127,-0.065998,0.0533,-0.15037,-0.014984,0.094324,-0.0063113,0.11637,0.041673,-0.046539,0.023963,0.038994,-0.042591,0.10642,-0.016392,-0.084528,0.085621,-0.11064,-0.016058,-0.10626,0.11932,0.12038,0.043423,-0.044092,0.032916,-0.034413,-0.088271,-0.16596,-0.0031265,-0.098766,-0.066744,-0.11166,0.033454,-0.018615,0.049723,-0.0073195,0.12662,0.096406,0.016169,0.056439,0.096098,0.026095,0.16345,0.12094,-0.062507,-0.039765,0.053857,-0.088698,-0.092603,0.081843,-0.10064
0.019145,0.041704,0.11036,-0.082578,-0.0042646,-0.080224,-0.14801,-0.049829,0.079011,0.18563,0.060146,-0.027521,-0.012854,0.1585,0.061053,0.0001642,-0.033182,0.09164,0.10976,-0.00050353,-0.027548,-0.074667,-0.2642,-0.090497,0.0063704,-0.016357,-0.060772,0.2117,-0.027556,-0.0051942,0.060333,0.0073893,0.033071,0.050424,0.13292,-0.1795,-0.12813,-0.15626,-0.17899,-0.076605,0.092482,0.14181,-0.21258,-0.17251,-0.094549,-0.046171,0.073107,-0.076447,-0.13837,-0.035406,-0.19576,-0.087691,-0.032468,0.1124,0.0033978,-0.00092922,-0.089896,-0.030258,0.16555,-0.1875,0.16111,-0.028418,-0.13022,0.0075724,-0.097816,-0.047775,-0.10478,0.20149,-0.097525,0.0093422,-0.043487,-0.03852,0.022569,-0.13065,0.16096,-0.016736,-0.0054091,0.111,0.097865,-0.080677,-0.2358,-0.054219,-0.04919,0.035535,-0.0037394,-0.13384,0.17316,-0.041437,0.16621,-0.043505,0.02802,0.14326,-0.11758,-0.024318,0.052737,-0.03401,0.038231,-0.10664,0.04274,-0.14592
0.13046,0.10165,0.014391,-0.21956,-0.098642,0.022167,-0.018203,-0.030713,0.091302,-0.054409,-0.089491,-0.018942,-0.014713,0.07666,0.13396,-0.044777,0.05261,0.1856,0.03971,-0.045416,0.099174,0.11285,-0.0075974,0.045994,0.069966,-0.040216,0.1361,0.044867,-0.071362,-0.10084,-0.010346,-0.01812,0.060649,-0.09327,-0.15978,-0.022054,-0.017069,-0.13228,-0.0175,0.082035,0.019846,-0.038498,-0.10156,-0.00017673,-0.053733,-0.11267,0.1045,0.086909,0.1212,0.092484,0.20436,-0.060852,-0.15591,-0.010677,0.087863,0.17228,-0.025041,-0.05218,-0.033988,0.0047071,-0.099813,0.092971,0.013206,0.014307,-0.070609,-0.01692,0.15325,-0.18109,0.0909,0.034297,0.09588,0.018717,0.18305,0.052844,-0.10931,0.094074,-0.011602,0.017205,0.022693,-0.16309,0.085131,-0.10141,-0.1105,-0.048324,0.11594,0.1357,0.067307,0.17393,-0.10245,0.078714,0.07166,-0.02274,0.03096,-0.028508,0.0096831,0.05326,0.15794,0.020839,0.12882,-0.094007
0.011109,-0.022575,0.019938,0.14126,0.0016683,-0.14562,-0.14384,-0.13038,0.085632,-0.17769,-0.029522,0.061895,0.026287,0.014985,0.00072746,-0.022989,0.23414,-0.033395,0.076731,-0.14789,-0.11443,-0.14769,0.20748,-0.016698,-0.031694,-0.10072,-0.052936,0.0093132,0.029312,-0.11221,0.13305,0.07149,-0.044521,-0.004002,0.023605,-0.028756,0.1573,0.012671,0.0631,0.22564,0.046764,0.050691,-0.0043683,0.072912,0.11502,0.13947,0.024936,0.027764,0.18739,-0.26563,-0.11736,-0.022153,-0.10215,-0.10226,-0.05663,-0.12632,0.021959,-0.044075,-0.13831,-0.12295,0.067078,0.071267,-0.075395,-0.012937,-0.13043,0.10573,0.10533,-0.063886,-0.14843,-0.043695,0.19752,-0.16021,0.099467,0.073627,0.051966,0.0073707,-0.12497,-0.099613,0.095215,0.17085,0.012272,-0.13291,-0.010985,-0.10882,0.16773,0.032572,0.14048,0.086666,-0.049619,-0.057763,0.006973,0.10283,0.055961,-0.068609,0.0058908,-0.079304,-0.24239,0.095181,-0.03938,-0.1452
-0.0053391,-0.07329,0.0077048,-0.10529,-0.1064,-0.18324,0.034224,-0.11024,-0.018907,0.024881,0.099185,-0.0066219,-0.013,-0.052799,-0.047628,-0.10747,0.12465,-0.19967,-0.13765,0.0052526,0.17532,0.047865,-0.04404,0.045957,0.2041,0.063288,0.075612,0.019545,-0.0041652,0.10429,0.051996,0.02503,-0.07132,-0.25689,0.16951,-0.011045,-0.1567,-0.12361,0.15851,-0.11107,-0.012578,0.13363,0.070122,-0.016636,-0.036308,-0.089306,0.080839,0.019166,-0.10343,-0.021851,0.15256,0.10873,0.037424,0.14949,0.013111,0.15777,0.041661,-0.054087,0.047079,0.008371,0.18908,-0.081011,0.035226,-0.061246,-0.098519,-0.19361,0.056371,0.0011059,0.17502,0.04924,0.046251,-0.01102,0.026605,0.0098595,0.10081,-0.0011067,-0.0058241,-0.053158,-0.19155,-0.025804,0.055304,-0.034144,-0.077018,-0.065883,0.10994,-0.05435,-0.0059623,0.1329,-0.087203,0.088398,0.01194,0.10453,0.085581,0.029951,-0.11336,0.083345,0.053909,-0.091801,0.11279,0.050814
-0.050591,-0.022553,-0.090228,-0.0043469,0.091558,-0.038585,-0.036901,0.06059,-0.022074,-0.043211,0.14943,-0.11184,-0.071211,0.11018,-0.053096,0.13853,0.015416,0.11556,0.040753,0.1508,-0.13013,-0.081062,0.055999,-0.012799,-0.048019,-0.066209,-0.061111,0.017366,0.15154,-0.062628,0.16997,0.10477,-0.068012,-0.074549,0.12257,0.15865,-0.018662,-0.2129,-0.012943,-0.0024282,-0.21465,0.04613,0.16214,-0.059735,-0.1045,-0.13837,0.059467,0.15176,0.084903,0.027061,-0.079019,0.076103,0.17927,0.11155,0.048951,-0.092947,-0.0095084,-0.012821,-0.17927,-0.032466,-0.1218,-0.01275,-0.041951,0.069221,0.026734,0.010979,-0.00017796,0.087359,-0.1608,0.01266,0.1042,0.14751,-0.10359,0.020705,0.1217,0.12863,0.014665,-0.086378,-0.15043,0.19207,0.042353,-0.17926,-0.048288,-0.0054625,-0.010738,0.14421,0.038618,0.05512,0.10896,-0.048595,0.049285,-0.13969,0.079689,0.012756,-0.13367,-0.10957,-0.10572,0.11054,0.067351,0.046465
-0.02044,0.16655,-0.0037124,0.01128,0.1055,-0.16103,0.23035,-0.08839,0.10993,0.14842,-0.001912,0.051793,0.004305,-0.15466,0.015054,0.10739,0.01229,-0.076556,0.087595,0.082489,0.074843,-0.052831,0.0086763,0.083533,-0.052194,0.056011,0.17177,-0.093769,-0.023827,-0.080183,-0.021464,-0.026508,-0.092257,0.10869,0.0041453,0.038787,0.045776,0.078996,0.029565,-0.01826,0.12301,-0.079728,-0.14745,-0.033085,-0.0028401,-0.010204,0.063313,-0.11228,-0.12911,-0.21596,-0.13028,0.028335,-0.15528,-0.18078,0.20865,0.025212,0.14078,-0.014481,-0.033655,0.0094914,0.017436,0.033712,0.13082,0.010368,-0.069717,0.082642,-0.11133,-0.069059,-0.013064,0.15471,0.045361,0.081026,0.064974,0.003977,0.049956,-0.17628,0.0043586,-0.11085,0.050587,-0.011797,0.079082,0.089924,-0.035619,-0.03759,-0.032708,-0.080539,-0.00084421,-0.049433,-0.011898,-0.21155,-0.12291,-0.13593,0.15408,-0.082092,0.0071078,0.02102,-0.11757,0.053987,-0.049325,0.10484
-0.044036,0.087696,-0.19494,0.10855,-0.25457,0.052234,0.038305,-0.0034223,-0.034529,0.047532,0.023701,0.024756,-0.039457,-0.1245,-0.15569,-0.18475,-0.087984,-0.029984,0.021754,0.04732,0.052654,0.080123,-0.18576,-0.020277,-0.097906,0.041692,0.012281,0.15071,0.039825,0.01915,-0.082672,0.022159,-0.049115,-0.0044777,0.044436,0.073452,0.026085,0.03534,0.052156,-0.047185,0.044996,-0.075575,0.0548,0.042255,0.11775,-0.17075,0.11096,0.053348,0.14766,0.16288,0.061207,-0.081114,0.092913,-0.14127,0.16058,0.2087,-0.10298,-0.046306,-0.15135,-0.085403,0.044348,0.0084873,-0.045122,0.067156,0.20286,-0.047906,0.027581,-0.092555,0.016946,-0.12102,0.076019,-0.00055169,0.067437,0.02685,-0.042407,-0.022758,0.059206,0.0003005,0.00088174,0.040586,0.11423,0.030832,0.088795,0.078611,0.14049,-0.013072,-0.072334,0.0049284,0.0035336,-0.03411,-0.22,-0.095458,0.14768,-0.020421,0.28244,0.054346,0.018123,0.095969,0.095446,0.02441
0.23213,0.18504,0.072831,-0.0075979,-0.034122,-0.0023434,-0.037407,0.15261,-0.098287,0.16596,0.29069,0.13096,-0.17717,-0.061735,0.014302,0.055568,-0.0075898,0.012429,-0.066483,0.016797,0.057002,0.074563,0.16658,0.17893,-0.044202,-0.038646,0.071025,0.0098015,-0.074536,0.10531,0.17683,-0.062811,-0.18428,0.23375,0.074273,-0.09284,0.01236,0.021439,0.053308,0.049791,0.20239,-0.094367,-0.11436,0.050888,-0.061461,0.080914,-0.19695,0.019942,0.11524,0.08541,-0.144,-0.030817,0.15324,0.12713,-0.17575,0.026349,0.011545,-0.05798,0.17299,0.06914,0.066197,0.16199,0.06587,0.11661,0.056803,-0.12181,0.034384,-0.0042169,0.004624,-0.1014,0.11563,0.0081239,-0.010695,-0.011076,-0.031805,0.060832,-0.064929,-0.049205,-0.1602,-0.0038948,-0.01483,0.055081,-0.015925,-0.021772,0.0064155,0.15633,-0.08635,0.12586,-0.086685,0.086541,-0.040622,-0.11654,-0.11708,0.10888,-0.08744,-0.0071273,0.17488,-0.082836,-0.046054,-0.053072
-0.12262,-0.05632,-0.12726,0.03489,0.0038254,-0.0051255,0.1193,-0.13018,0.11166,0.12475,0.052805,0.051334,0.092692,0.040243,-0.14719,-0.073774,-0.081469,-0.074318,0.19412,0.049707,0.1822,-0.10927,0.0032809,-0.033759,-0.066987,0.0083767,-0.23347,-0.026211,0.013745,0.055534,0.10601,0.016561,0.01933,-0.015752,0.023226,-0.018943,0.037995,0.11301,0.036638,0.042184,-0.071283,0.14595,0.053217,-0.0035351,0.010292,0.02645,-0.091855,0.071308,0.062747,-0.09572,-0.017014,-0.016782,0.11201,0.010919,-0.0015328,-0.0072283,0.051488,0.035613,-0.066177,0.018458,0.06822,0.1579,0.10073,0.042125,0.01939,0.013706,-0.17786,-0.22474,-0.036585,0.021213,0.091103,0.06615,0.025963,-0.11076,-0.058867,0.083786,-0.014848,-0.093658,-0.059438,-0.15437,0.016127,0.023807,0.0080672,-0.041999,-0.077411,-0.069951,0.072626,-0.052577,0.13147,-0.087068,-0.072626,0.080695,-0.075117,-0.12409,0.0028992,0.10312,-0.030215,-0.11371,0.096224,-0.069461
-0.039623,0.018972,0.011849,0.069479,-0.010474,-0.093054,-0.12259,-0.065473,0.050452,0.061989,-0.0092496,0.023901,0.0042315,0.078062,3.258e-05,-0.089654,0.05534,-0.16283,-0.10926,0.076564,0.095303,0.11938,-0.15095,-0.026712,-0.020023,-0.13621,-0.034595,0.074904,0.040821,-0.077305,-0.12577,0.070293,0.11178,-0.041509,-0.052136,-0.19072,0.034298,-0.086248,0.079277,-0.044435,0.016051,0.10725,0.037579,-0.029475,-0.18277,-0.059353,0.14496,-0.024734,0.0376,-0.040705,-0.093166,0.00036845,0.06189,-0.056675,0.057415,-0.24881,-0.06826,-0.10007,0.11153,0.08043,0.12506,-0.11559,-0.056101,0.10392,0.040668,-0.021115,0.16772,-0.01616,0.058388,0.20315,0.049694,0.12984,-0.07517,0.038163,-0.19585,-0.019621,0.053959,-0.14871,0.076654,-0.061402,0.0028168,-0.0014322,-0.026213,-0.065095,0.18441,0.0026995,-0.015549,0.058856,-0.07654,0.0095866,0.03359,0.12934,0.05433,-0.035075,0.027378,-0.15863,0.087672,-0.075034,-0.04476,0.036662
-0.017032,-0.098189,-0.16104,-0.12394,0.077944,-0.16963,0.077999,0.08837,-0.13906,0.194,-0.086242,0.19326,-0.043518,0.045011,0.15781,0.11822,-0.20497,-0.0688,0.073323,-0.015676,0.066611,0.1406,0.20679,0.14126,0.088777,-0.053103,-0.17365,0.0071868,-0.11033,-0.025089,0.027631,0.099159,0.09999,0.11754,-0.062863,0.0040676,-0.15698,-0.0022148,-0.024944,0.10679,0.015157,0.18617,-0.10458,-0.10753,-0.084572,0.1057,0.13,-0.091583,0.019419,0.021444,0.012309,0.070022,0.11085,-0.05331,-0.11267,-0.10266,0.15325,-0.070479,0.0048251,0.021963,0.17997,0.06985,0.018633,-0.076353,0.0011028,-0.25615,-0.011394,-0.094528,-0.060498,-0.023331,0.17479,0.018504,0.1025,-0.017427,-0.12482,-0.030013,0.17411,-0.079303,0.12244,0.059844,0.15487,-0.17556,-0.021418,-0.031327,-0.086489,-0.2218,0.09076,0.047382,0.066318,-0.11968,0.023882,0.035065,-0.023839,0.20632,-0.00026493,0.040055,0.19889,0.025872,-0.040556,-0.13766
0.065452,-0.098813,0.037563,-0.13225,-0.098967,0.27185,0.026822,-0.027883,0.0688,-0.08673,-0.019267,-0.028044,-0.050868,-0.059859,0.1414,-0.021504,-0.00359,-0.02106,-0.1078,-0.081763,-0.11093,0.0028821,-0.075683,-0.19177,-0.017045,0.19525,-0.0187,-0.012792,0.087166,0.056075,-0.039149,0.10417,-0.084522,0.036175,0.11927,0.093359,0.017989,0.018736,0.27624,0.014488,-0.069425,0.084389,-0.015885,0.14731,0.066005,-0.18185,0.19719,0.064493,0.18983,-0.073597,-0.13947,0.0298,-0.07463,0.15924,-0.17118,0.18927,0.1135,0.02209,0.014981,-0.12279,-0.052728,0.076605,0.054497,0.19009,-0.19562,-0.046771,0.13167,-0.0013308,0.03022,0.19933,-0.10622,0.17721,-0.0027042,-0.03992,0.02717,-0.081578,0.23657,-0.075048,0.076837,-0.18307,0.12265,-0.028277,0.058657,0.036903,-0.14208,-0.053411,-0.1972,-0.12901,0.0029217,0.033593,0.12804,-0.09887,-0.004609,-0.055203,0.064699,0.052594,0.051702,-0.02492,0.14044,-0.14449
0.030754,0.0032216,0.032099,0.039953,0.10578,0.088465,0.18926,0.07662,0.056025,0.16598,0.061068,-0.014765,0.10037,0.1969,0.12273,0.097525,0.036735,0.038113,0.10465,0.12911,0.048454,-0.057024,0.20794,-0.018961,-0.036109,-0.049089,-0.023086,0.08728,0.15928,-0.10045,0.0082213,0.0066284,-0.025545,0.17732,0.12223,0.055892,-0.014088,-0.041378,0.068526,0.043738,-0.1505,0.023711,-0.13771,0.013694,0.0046784,-0.074035,-0.054323,0.017931,0.0074886,0.081725,-0.1973,0.0046629,-0.041552,-0.073226,-0.046912,0.059311,0.086965,0.096713,-0.15065,-0.022954,0.11513,-0.14039,-0.060475,0.072969,0.094149,-0.19867,-0.1039,-0.0011854,-0.31229,-0.13373,-0.16938,-0.13181,0.037072,-0.097674,-0.025386,0.085049,-0.13876,-0.13354,0.18541,-0.027488,0.11145,-0.071279,0.29778,0.024289,0.067208,0.24493,-0.01684,-0.065181,0.044708,0.17349,0.10448,0.042396,-0.070705,0.04106,0.088341,-0.0094464,-0.02345,0.046056,-0.058499,-0.14776
-0.011619,0.055458,-0.28542,-0.14991,-0.02824,-0.076075,-0.11675,0.07764,-0.068881,0.097659,0.09214,-0.11527,-0.14602,-0.019712,-0.03182,0.0032719,-0.039781,-0.054822,0.016729,-0.038579,0.023987,-0.098627,0.091128,-0.0080332,0.12856,-0.022737,0.011595,-0.095281,-0.029414,0.034731,0.01593,-0.0033526,0.20768,0.055857,0.0070427,-0.057934,0.24092,0.075746,-0.13556,-0.032289,0.1131,-0.12609,-0.0018964,-0.081213,-0.20519,-0.036918,0.13374,-0.011912,0.019197,0.088126,0.10377,0.0054666,-0.19401,0.10005,-0.0077573,0.18608,-0.059635,0.27608,0.070662,-0.074162,-0.035778,-0.075149,-0.017076,0.042981,0.050589,0.20802,0.063277,0.018716,0.021714,-0.00022954,0.093583,0.061209,0.041596,-0.076735,0.053982,0.09366,-0.11836,-0.062805,0.11087,-0.0003486,0.12557,0.031634,-0.020914,-0.043211,0.13427,-0.21635,-0.10913,0.078204,0.11609,0.24971,0.12042,0.038922,-0.023872,-0.13558,-0.19764,0.13158,-0.034813,-0.060274,-0.017995,0.004303
-0.13332,-0.03097,-0.069924,-0.13604,-0.11181,0.030531,-0.012096,-0.057352,0.11046,0.039041,0.074352,-0.01987,-0.063031,-0.056322,-0.081589,0.18357,-0.080357,-0.02528,0.29545,0.035409,0.084419,0.091978,0.040522,0.16782,-0.2198,0.091215,0.092319,-0.025801,-0.1719,0.0040424,-0.0055203,0.097262,-0.072303,-0.030117,0.016902,0.049776,0.0030607,0.041901,-0.12197,-0.039056,0.00726,0.042671,0.01198,-0.067011,-0.037039,0.22318,-0.22598,-0.01785,0.1119,0.020478,-0.022624,-0.23416,0.03454,-0.056249,0.087089,0.11209,0.059328,0.10929,0.018033,0.066414,-0.043307,-0.010942,0.014777,0.14994,-0.017573,0.26092,-0.029971,0.1708,-0.06075,-0.10916,-0.076142,-0.17317,0.035037,0.12491,-0.23663,-0.19955,-0.13605,-0.058066,0.040715,-0.086949,-0.011438,-0.048705,0.2366,-0.027831,0.031373,0.053313,0.022802,-0.052393,0.048798,-0.068312,0.082425,0.065176,0.027483,-0.051392,-0.042387,-0.025993,-0.10856,-0.09855,-0.1808,-0.083592
-0.096221,0.099614,0.17275,0.054275,0.077256,-0.10399,0.056978,0.13516,-0.12281,-0.084764,-0.064712,0.21054,-0.18686,-0.054818,-0.04328,-0.13136,0.053093,-0.16483,-0.060756,-0.12311,-0.062386,-0.0044845,-0.056373,0.046818,0.04446,-0.013173,0.03348,-0.14208,-0.048173,0.029566,-0.038408,-0.050085,-0.015039,0.22778,0.17198,-0.10894,0.18364,-0.098242,0.10651,-0.18115,-0.0679,0.090738,0.03643,0.035473,0.22098,-0.094397,0.19389,0.030299,-0.10712,-0.054081,-0.04826,-0.056405,0.021757,-0.10795,-0.069145,-0.12054,0.068774,-0.14206,0.13827,-0.0097491,0.077452,-0.041217,0.13981,0.014926,0.087702,-0.025817,-0.089086,0.026008,0.16449,0.078096,-0.11639,-0.10196,-0.049146,0.046216,0.10089,0.21557,0.15064,0.01706,0.018827,-0.040356,-0.088196,-0.16708,0.052889,0.20195,-0.16164,0.036445,-0.13598,-0.097879,-0.0086841,0.033218,0.089178,0.082175,-0.1617,-0.094715,0.069033,-0.091509,-0.097674,0.15491,-0.12847,0.0072579
-0.17931,-0.11214,-0.087614,0.056696,0.26333,0.035706,0.048972,0.10156,-0.060547,-0.14617,0.09367,-0.13479,-0.20174,0.0644,-0.074595,-0.028471,0.16537,0.074407,-0.00029009,-0.092119,0.074521,0.090569,0.14097,0.067696,0.002768,0.088199,-0.060383,-0.042157,0.035173,0.10254,-0.079244,0.07332,-0.2623,0.093691,-0.08328,0.11813,-0.14198,0.055546,0.048543,0.011615,0.13226,-0.10448,-0.10513,0.16136,-0.050367,-0.27982,0.059985,0.11254,-0.068737,0.071088,-0.022262,-0.01571,0.070875,0.1784,0.10405,-0.08369,0.091072,0.20799,-0.057485,0.061599,0.12842,-0.18633,-0.0059518,0.046143,-0.13101,0.008081,0.015529,-0.011576,0.042381,-0.071599,-0.01482,0.19547,0.067027,-0.11167,0.099504,-0.10223,-0.00035097,-0.097236,0.0040408,0.16602,0.151,-0.10649,-0.16688,-0.0026203,-0.070887,0.0037628,-0.051523,0.0011549,-0.004121,0.0044878,0.13267,0.023795,0.12038,0.015561,-0.060346,0.074321,-0.14245,-0.17577,-0.0060156,0.14946
0.15813,-0.041086,0.096032,0.080639,-0.012542,-0.015977,-0.032053,0.039818,0.033256,0.047109,0.017645,0.026436,-0.085555,0.11515,-0.058964,0.083513,-0.018174,0.35095,0.11117,-0.0014467,0.0455,-0.060346,-0.022639,-0.14871,0.065537,0.094521,0.090828,0.075012,-0.13008,0.09897,0.017845,0.0080043,-0.10722,-0.099701,0.0033465,-0.04265,0.024853,-0.022982,0.12429,0.14741,0.081364,0.068265,0.16221,-0.061449,0.0039724,0.13084,-0.17209,-0.080928,-0.056821,0.050333,0.070302,-0.18985,-0.070462,0.14104,0.00056743,-0.18173,-0.033635,0.21892,0.057852,-0.1477,0.01031,-0.061713,0.080999,-0.13123,0.12977,0.20445,-0.056407,0.076847,0.061278,0.18477,-0.04082,0.18678,-0.14623,-0.073139,-0.051724,-0.091894,-0.075838,-0.10427,0.10975,-0.0094393,0.073399,-0.077624,0.10965,-0.11517,0.014805,-0.059649,-0.072405,-0.13006,-0.10505,0.054685,0.26945,-0.005428,-0.027339,-0.0045414,-0.074363,0.023966,-0.069492,0.10314,-0.13176,0.0057792
-0.058957,-0.15846,-0.075271,0.19368,0.12117,-0.016013,-0.19078,-0.11419,0.11826,0.10028,0.18013,-0.018085,0.080617,-0.032088,0.07779,-0.12962,0.17464,-0.024277,0.19289,0.032211,-0.0035286,-0.10385,0.04464,-0.041827,-0.1169,-0.052354,0.089979,0.14846,-0.0031972,-0.17505,-0.054549,-0.094376,-0.058832,-0.040261,0.1091,0.079494,0.068202,0.043146,0.08357,-0.034402,0.10024,0.15693,-0.035076,0.10164,0.078008,0.030008,0.11205,0.034648,-0.011432,-0.098712,-0.025278,0.01523,-0.033127,-0.12929,0.1432,0.087116,-0.11923,-0.07977,-0.061566,-0.0037977,-0.24778,-0.010039,-0.021343,0.058354,-0.056534,-0.080181,-0.10937,-0.039832,-0.054552,-0.10162,-0.00073358,-0.14192,-0.028713,-0.031524,-0.069419,-0.019374,-0.019051,0.0010427,-0.0019359,-0.064717,0.10559,-0.050655,0.11355,-0.10806,0.01452,-0.090994,-0.061718,-0.080586,-0.0989,-0.089315,-0.10367,0.13119,0.22373,-0.12085,-0.022044,0.18656,-0.12376,0.14737,-0.10287,0.029472
0.14909,-0.071242,0.0482,-0.20355,0.12176,-0.11028,0.17278,-0.12274,-0.083679,-0.16488,0.024861,0.15817,0.037549,-0.039991,-0.15806,0.038755,-0.031439,-0.049213,-0.049726,0.039067,-0.20991,-0.013056,0.019778,0.096906,-0.029764,0.030457,-0.1169,0.058931,-0.11014,-0.11727,0.14132,-0.24747,0.0029898,-0.047712,-0.016763,-0.10481,-0.1474,-0.041969,0.0070552,-0.02953,-0.0048134,0.11031,-0.094187,-0.097177,0.091027,-0.055931,0.065716,-0.04169,-0.012596,0.0059247,0.049977,-0.038147,-0.083268,0.022323,-0.18219,0.20441,0.1383,0.013973,0.12653,-0.069916,0.0085653,0.11753,-0.10822,-0.16807,0.011321,0.15008,0.11788,-0.086713,-0.060156,0.036275,-0.16293,0.0093526,0.10686,-0.22536,0.0086374,-0.042975,0.28995,0.11344,0.039974,-0.01199,0.05604,-0.081695,0.098081,0.031892,0.11832,-0.062711,0.10921,0.054491,-0.057559,0.020829,-0.043189,0.14847,0.10754,0.13652,-0.032561,-0.0012901,-0.081569,-0.092887,-0.068006,0.075656
0.00482,0.074612,0.11197,-0.17625,-0.081758,0.011781,-0.0011182,-0.15486,0.0090894,0.0045358,-0.12292,0.076198,-0.048301,-0.11752,0.0069755,-0.036363,-0.037009,0.10152,-0.073273,-0.10351,-0.033811,0.10525,-0.051973,0.20012,0.15446,-0.017906,-0.063292,0.040742,0.088647,-0.050108,0.016157,-0.23957,-0.028359,-0.16259,0.075865,-0.032091,-0.18366,-0.093504,0.062868,-0.19431,-0.058559,-0.05714,-0.098266,-0.26158,0.054776,0.011833,-0.03981,0.024864,-0.25511,-0.046908,0.17548,-0.096176,-0.017926,0.017292,-0.11095,-0.11413,0.074498,-0.15508,-0.13626,-0.050769,-0.12861,-0.071209,0.038985,0.028743,0.0021463,0.11074,-0.013468,0.13671,-0.13151,-0.022514,-0.092742,0.078784,0.075176,0.012221,0.18884,-0.20163,-0.1276,0.072223,0.14999,0.16905,-0.083595,0.07959,-0.079059,-0.11772,0.041736,0.0081363,0.099256,0.041013,0.0017451,0.20508,-0.0015464,0.042744,0.061054,0.1807,0.029236,-0.062503,-0.007601,0.109,-0.10182,-0.10842
0.029003,0.049973,0.098939,-0.10031,0.064359,0.08806,0.35929,-0.077932,0.16999,0.14823,-0.027275,-0.071633,-0.031518,-0.0024767,-0.071721,-0.17779,0.11273,-0.033978,0.10664,-0.033712,-0.042188,0.078705,0.0055542,-0.20962,-0.1198,-0.0086036,-0.044589,-0.10298,0.19788,-0.016568,0.077215,-0.03598,0.13712,-0.0029662,-0.10843,0.15627,0.18881,-0.181,0.19044,0.21088,0.062454,-0.15104,-0.052646,0.095093,-0.22558,0.029625,-0.11612,0.008333,0.0081599,0.074284,0.16894,-0.045037,-0.030849,0.0013307,-0.080618,-0.26458,0.034816,-0.084681,-0.16595,-0.041078,0.15031,0.025903,0.055726,0.066399,0.39347,-0.031342,0.098951,-0.081293,0.079356,0.080957,-0.056823,0.018892,0.041754,0.045479,0.048876,0.058125,0.043757,-0.020473,0.10849,-0.021584,-0.017774,0.025243,0.16178,0.10353,0.10934,0.1094,0.2163,-0.011365,-0.14599,0.18918,0.091378,-0.13236,0.057824,-0.17787,0.073965,0.10947,0.022452,0.032934,-0.016725,0.066301
-0.039106,0.10286,-0.10234,0.0098036,-0.27237,-0.020216,-0.022094,0.11444,0.020928,-0.014491,0.036695,-0.062731,0.12517,-0.11099,0.073073,0.039499,0.14685,0.10454,-0.072987,-0.18605,-0.17235,0.063,0.07679,-0.11035,0.077955,0.10783,-0.0082564,0.017946,0.025851,0.037011,-0.072032,-0.044539,-0.058407,-0.026564,0.020581,0.025645,0.026546,-0.003706,0.013134,0.16589,-0.019416,0.095639,0.12523,0.017992,0.0056248,0.10325,-0.12447,0.032353,-0.099835,0.024302,-0.19189,-0.042122,-0.08396,-0.22023,-0.06867,0.071329,-0.022853,-0.03926,0.00055555,-0.012135,-0.16457,0.10415,0.093779,-0.10998,0.041686,-0.032017,-0.16083,0.064674,0.038798,0.16954,-0.045675,-0.066156,-0.059073,0.014501,-0.087658,0.085221,0.012638,-0.095574,-0.080475,-0.0243,-0.029062,0.06263,-0.10255,-0.091081,-0.11802,0.032297,-0.065303,0.033172,-0.04097,0.025793,-0.014856,-0.19044,0.13228,0.080908,-0.070409,-0.019572,0.017286,0.1653,-0.15917,0.11631
0.02007,0.080796,0.043564,0.11833,-0.078856,-0.10046,0.010631,-0.086053,0.10732,-0.074009,-0.028722,-0.065396,0.098631,-0.07792,-0.034431,-0.034083,0.046549,-0.00036796,-0.0068923,-0.027601,-0.087744,0.095799,0.036027,0.075546,-0.017349,-0.082791,0.012566,0.10321,-0.036736,-0.023425,-0.010823,0.014315,0.0691,0.038257,-0.10654,0.021917,-0.019574,0.15513,0.037807,-0.1695,0.0083283,-0.032961,0.0048781,0.0045797,-0.024625,-0.087785,-0.13278,0.12934,-0.038245,-0.078106,-0.035159,0.020381,0.1781,0.14507,0.044811,0.042808,0.002988,-0.28172,0.0071692,0.049887,0.077063,-0.20325,-0.14099,-0.030726,-0.11294,-0.12708,-0.14452,-0.071942,0.19042,0.12936,-0.019368,0.007919,-0.12482,-0.11559,0.082842,0.044181,-0.043665,-0.060805,0.10643,-0.12811,-0.098454,0.2023,0.026182,-0.084101,0.084761,0.11125,-0.12083,0.24513,-0.089493,0.077507,0.13679,0.039362,0.055645,-0.12292,0.0034699,0.067457,-0.050201,-0.017024,0.059907,-0.09991
0.025748,-0.029939,0.099013,-0.153,0.08028,0.053565,-0.0041704,0.0045007,-0.083935,-0.13512,-0.079963,0.13846,0.00075068,-0.17389,0.021866,-0.084064,0.057797,-0.094301,-0.0043421,0.023962,0.13754,0.045467,0.0023358,-0.1137,-0.31126,-0.097131,0.070212,-0.14489,0.10571,-0.059736,-0.055489,-0.025128,0.10076,0.083434,-0.060876,-0.13567,0.04608,-0.037696,0.068268,-0.19735,-0.046029,0.084532,-0.035633,-0.22917,0.075003,0.22808,-0.080581,0.060653,-0.0586,-0.033423,0.0081194,0.19442,-0.047898,-0.00064009,0.073266,-0.081037,0.14633,-0.038372,0.11284,0.038717,0.19133,0.10004,-0.05928,0.051367,0.10222,-0.092954,0.0098351,0.22327,0.10797,-0.016586,0.015995,-0.078312,-0.0011923,-0.063772,0.015997,0.027635,0.066734,0.1514,0.15495,-0.0078045,0.046,-0.016056,0.015662,0.079351,0.00096291,0.0096406,0.064987,-0.015927,0.11326,0.069111,0.0089307,0.18537,-0.013578,0.056728,0.15304,-0.050982,-0.20386,0.008749,0.052056,0.12828
0.033975,-0.23782,0.043187,-0.034912,-0.038256,0.046994,0.11819,-0.11147,-0.020584,0.10373,0.085102,0.059751,-0.094762,-0.12421,0.043418,0.068431,-0.013428,0.024105,-0.031457,0.010199,-0.044031,-0.032036,0.14779,0.070572,-0.020738,-0.16108,0.084692,-0.012979,-0.065405,-0.15754,0.045723,-0.08303,-0.082056,-0.01514,-0.011764,0.1431,0.02541,-0.16309,0.031793,0.0097778,-0.10061,0.024748,-0.12242,0.055945,-0.067729,0.1756,-0.059013,0.089655,0.12924,-0.060471,0.063156,-0.050572,0.11794,0.003241,0.028681,-0.053612,-0.089951,-0.11413,0.072147,0.036273,-0.0037338,0.040043,-0.062518,-0.036711,0.082728,-0.31108,-0.013776,0.051667,0.026329,-0.031641,0.048174,0.014531,0.024945,0.13429,0.20311,-0.18326,-0.061753,-0.10845,-0.074193,-0.035477,0.047154,-0.027139,-0.0028707,0.035897,0.075604,-0.053035,0.028135,-0.0917,0.18911,-0.049635,0.020818,-0.09112,0.024744,-0.030315,0.11395,-0.24324,0.0755,0.13212,-0.24114,0.023675
0.034489,0.099002,-0.20238,-0.075088,0.055225,-0.045634,-0.083356,-0.030758,0.10225,-0.2056,0.18521,0.15246,0.0751,0.051634,-0.099248,0.12215,-0.1152,-0.066964,-0.0091932,-0.045376,0.18158,-0.07204,0.095887,-0.07695,0.11833,-0.086968,-0.08063,-0.17227,-0.09131,0.21515,-0.18473,-0.097961,-0.12646,-0.23477,0.017728,0.10506,-0.05358,0.025425,-0.11005,-0.13677,0.12802,0.24477,0.044524,0.14449,0.029907,-0.069029,-0.029325,0.15966,-0.10581,-0.0086797,0.046376,-0.072439,-0.0094071,0.14787,-0.14929,-0.01857,0.013752,-0.055645,-0.14296,-0.073887,0.017808,0.040286,-0.048959,0.033811,-0.13558,0.22067,-0.19918,0.0909,-0.071265,-0.10563,-0.069972,-0.16869,0.12889,-0.018101,-0.13835,0.12132,0.12757,-0.18268,0.11401,-0.17418,0.032225,-0.069366,-0.15046,0.011106,0.085529,0.14426,0.022789,0.0057168,0.072677,0.06155,0.005204,0.083004,-0.11507,0.051743,-0.021792,0.11263,0.076764,0.076093,0.051545,0.014903
0.10818,0.062601,-0.064133,0.056664,-0.081516,0.0034972,0.02578,0.11524,0.098941,0.029212,0.0084163,-0.13527,-0.10541,0.076401,0.065561,-0.050584,-0.14064,0.039086,-0.016157,0.061186,-0.091683,-0.056924,0.080027,-0.036672,0.090454,0.10893,0.032551,-0.044968,0.007665,-0.061012,0.041703,-0.15686,0.0566,0.11817,-0.016082,0.07957,0.050851,-0.13777,-0.011205,-0.10304,-0.17808,-0.015665,0.22589,-0.092967,0.0038074,0.082525,-0.055181,-0.12316,-0.050412,-0.045726,-0.044273,0.015685,-0.040499,0.20376,0.053045,-0.007078,0.062242,0.1919,0.012441,-0.063013,0.01977,0.07218,-0.25772,-0.0095099,0.017269,0.043013,0.023861,0.11419,0.007191,0.016442,0.03188,0.018104,0.29278,-0.072133,0.070589,0.017094,0.027221,-0.058892,0.12469,-0.080805,0.0035188,-0.030086,0.081417,0.1017,-0.00086555,-0.22374,-0.025319,-0.093291,-0.086629,0.093204,-0.12665,0.011025,0.011922,0.039036,-0.072673,-0.035651,0.024321,0.036133,0.074269,0.055204
-0.013582,0.12159,-0.16944,-0.10492,-0.12081,0.0037484,-0.075396,-0.031194,-0.019453,0.0020866,-0.10783,0.036637,0.0019632,0.12265,0.10895,0.19158,0.026852,-0.12416,-0.10797,0.032587,0.11133,-0.040987,-0.065885,-0.0042319,0.13251,-0.0094155,0.14718,-0.093424,-0.050747,-0.091398,-0.23031,0.070696,0.071486,-0.034983,0.020706,0.34506,0.020557,-0.093782,0.15221,0.030224,-0.034831,0.25641,0.020028,0.052944,-0.039438,0.055061,-0.01088,-0.0046182,-0.051073,-0.031675,0.12029,0.10424,0.02398,-0.074887,0.082654,-0.060537,0.024736,-0.035394,-0.09936,0.069556,0.14933,-0.027325,0.026453,-0.044908,-0.047553,0.12919,-0.19911,-0.068628,-0.021325,0.023563,0.22075,0.049599,0.12352,0.023451,0.17673,-0.16408,-0.13943,-0.041747,-0.19987,-0.16611,0.1086,-0.071621,0.20763,0.16009,0.023129,-0.13714,0.12348,-0.047613,-0.17734,0.083771,0.22223,0.017618,0.10048,0.016966,0.055177,0.03913,-0.018071,0.040711,-0.033098,-0.022109
-0.0076447,-0.010798,-0.050967,-0.0084348,0.011448,-0.2892,-0.06211,0.094627,0.088042,0.029218,-0.069484,-0.012327,-0.042802,-0.044011,0.034919,-0.048225,0.050315,-0.0024421,0.097551,0.12803,-0.11322,-0.018668,-0.035222,0.025587,-0.074755,-0.12075,-0.082516,-0.22792,-0.066437,-0.098938,0.039021,0.028969,0.13008,0.019815,-0.12044,0.022991,0.031476,-0.032778,0.042116,0.12035,0.06529,-0.17582,0.12305,0.28409,-0.20412,-0.00034045,0.008466,0.045725,-0.019637,0.048746,-0.17334,-0.092005,0.06464,-0.1037,0.12057,0.10487,-0.070404,0.048865,0.061831,0.083957,-0.039626,0.080692,-0.042247,0.029598,-0.015308,-0.061345,-0.049765,0.082182,-0.065536,-0.22976,-0.12513,-0.045114,0.00087015,-0.10176,-0.035606,-0.011013,0.043678,0.10515,0.051361,0.0078714,-0.16161,0.049568,0.072664,-0.05489,0.14723,-0.027181,0.070964,0.031708,0.0098572,0.026782,0.22245,0.094581,-0.16032,-0.078236,-0.075146,0.082983,0.08997,0.14225,-0.040971,-0.077371
-0.025729,-0.16075,0.046075,-0.026718,0.10041,-0.04322,-0.046049,0.020481,-0.1356,0.051767,0.083135,0.0044636,0.096893,0.085783,-0.01897,0.0043184,-0.098796,0.22353,-0.0061386,0.022574,0.02023,0.05763,-0.041014,0.10697,-0.17776,-0.0080044,0.082914,0.032776,-0.0068249,0.04777,0.12846,-0.061803,-0.072181,0.152,-0.1731,0.01436,-0.02474,0.04494,0.11917,0.16591,0.077941,-0.10308,0.12562,0.10856,-0.20654,-0.090434,0.1369,-0.008891,0.045429,0.14639,0.1134,-0.11524,0.1865,-0.022186,-0.097139,-0.032844,0.062725,-0.1135,0.10131,-0.12015,-0.08657,0.049729,-0.069446,0.026761,0.061271,-0.043785,0.07025,0.09904,0.012143,-0.047196,-0.0013005,-0.071113,0.02967,0.077732,-0.15587,-0.073821,0.10044,-0.050983,-0.0673,-0.13277,-0.036491,-0.27072,-0.21162,0.023058,0.052544,0.1711,-0.013524,-0.053291,-0.0055642,0.10825,0.059843,0.0028657,0.016629,0.085215,-0.04185,0.025428,0.10698,-0.096927,-0.072732,-0.0070207
-0.14748,0.053983,0.077036,0.15783,-0.18615,-0.3082,-0.22893,-0.036744,0.11288,0.1961,0.0083797,-0.018718,-0.029331,0.063799,-0.011733,0.10553,0.11318,0.05096,-0.056583,0.014274,0.07173,0.12522,0.11863,-0.069638,-0.028281,-0.042553,-0.1303,-0.10528,0.045124,-0.022648,0.035902,0.037854,-0.19463,0.10403,0.024745,-0.1553,0.12518,0.025255,-0.26191,0.042558,0.015543,-0.094218,-0.014467,0.088707,0.049538,0.17761,-0.022959,0.074049,-0.03945,-0.092563,-0.099579,0.024267,0.019283,0.08234,0.031271,-0.0051565,-0.023843,-0.023917,-0.070135,0.054443,0.030375,0.048252,-0.057305,-0.080589,0.16697,0.025394,-0.13653,-0.043899,-0.052098,0.038698,-0.19806,0.078691,0.047814,-0.18577,-0.198,0.047669,0.063239,-0.097228,0.070177,0.034418,-0.050428,-0.16421,-0.13514,0.12602,-0.067196,-0.061279,0.040019,0.0066203,0.063669,0.001294,-0.080667,-0.14128,-0.018994,0.085088,0.072297,-0.010143,0.063141,-0.10435,-0.096485,-0.10746
-0.05873,-0.0053111,0.040353,-0.083933,0.065898,0.0082324,0.078259,-0.13511,0.030888,0.087226,0.040046,0.0068487,0.026027,-0.04837,-0.0014376,-0.010128,-0.0015311,-0.061006,-0.073099,-0.25445,0.034111,-0.048019,-0.027897,-0.051708,-0.15154,0.13749,0.019225,-0.076152,-0.0403,-0.17829,0.018055,-0.15249,0.029151,0.031731,-0.084592,-0.036369,-0.12621,0.079887,-0.012977,0.0037934,-0.1702,-0.045903,-0.12232,-0.12555,-0.059885,-0.21657,0.19443,0.031024,0.15833,-0.051151,0.065438,0.14855,-0.016415,0.059877,-0.097474,-0.067025,-0.051329,0.043518,-0.12491,0.092611,0.086379,0.031482,-0.20182,0.034566,-0.11284,0.0072968,-0.06115,-0.08866,-0.077994,-0.053061,-0.026193,0.02128,0.030735,-0.088135,-0.016333,-0.066895,0.00030304,-0.073949,0.10873,-0.055263,-0.025979,-0.11504,0.1242,0.12047,-0.11403,-0.040415,-0.083108,-0.042991,0.025666,0.038007,-0.0040539,0.011431,-0.030555,-0.040345,0.017799,-0.13374,-0.12481,-0.082005,-0.16503,0.089301
-0.076886,-0.032207,-0.077255,-0.11841,-0.025665,0.11242,0.086203,-0.15771,-0.051785,0.18789,0.086651,-0.028456,-0.032502,0.094227,0.022799,0.02593,-0.063752,0.020926,-0.043929,-0.075628,0.018357,-0.23219,0.062565,-0.094834,-0.029953,0.10091,-0.087074,-0.024198,-0.0014847,-0.074042,0.015129,0.059161,0.0095523,0.0074871,-0.1723,0.012343,0.084763,0.035501,0.097911,-0.059117,0.013342,0.057353,0.12286,0.065104,0.017848,0.031247,-0.014766,-0.067472,-0.01231,0.13333,0.020164,-0.23559,-0.067997,0.0027268,0.068818,-0.037236,-0.01263,-0.01194,0.12478,-0.097348,0.065562,-0.12693,-0.011218,0.068264,0.010218,0.024342,0.040014,-0.033134,0.11732,0.05743,-0.047895,-0.086148,0.021357,0.11563,0.012899,0.097979,0.026095,-0.11346,0.034632,-0.032497,0.10106,0.062642,0.015256,-0.10249,-0.20631,-0.087309,0.21038,0.05746,0.03977,0.049528,-0.082162,0.0050547,-0.094877,0.019406,-0.066351,0.082193,0.037074,-0.15485,-0.054353,-0.065841
-0.0052156,-0.068985,-0.14643,0.033473,0.1305,0.08937,-0.016722,0.014992,-0.026576,-0.14762,-0.010307,-0.098765,-0.078707,0.06875,0.15778,-0.048662,-0.039454,0.16545,0.10806,0.039245,-0.086251,-0.035789,0.079021,0.14773,-0.018744,0.10945,-0.17607,0.049394,0.011702,0.020311,-0.042159,-0.076875,0.076387,-0.075516,-0.009439,-0.066065,0.0022601,-0.11961,0.067411,-0.003907,-0.0075847,0.0061022,0.0084534,0.084938,-0.012629,0.075557,-0.07498,0.082773,0.17546,0.0040482,0.046198,-0.12912,-0.016786,0.15461,-0.031406,-0.028648,-0.14462,-0.19111,-0.075133,0.012913,0.12402,0.12397,-0.099754,0.19881,0.026454,0.10428,0.047913,0.05314,0.1907,0.10891,-0.0027822,0.062088,-0.060245,0.011175,-0.047739,-0.048044,0.017658,-0.22483,-0.099552,-0.091701,-0.24068,0.06416,0.0099676,0.054129,0.040051,0.03144,0.032024,-0.078285,0.024244,0.058155,0.14021,-0.038436,0.16476,0.05329,-0.12482,0.0085151,-0.096909,-0.063695,0.015029,-0.11347
-0.0171,0.0035773,-0.04728,0.12141,-0.14872,-0.11034,0.014787,-0.1074,-0.0058136,-0.032854,-0.047984,-0.0042401,0.0086969,0.063203,-0.094104,0.098533,-0.15632,-0.20397,-0.075785,0.035416,0.050223,-0.058652,-0.036143,0.065799,-0.0098189,0.014678,-0.020527,-0.1071,-0.12867,-0.25115,-0.051844,0.17329,-0.0067716,-0.11871,0.012568,-0.16605,0.14041,0.037825,0.031657,-0.00050423,0.024832,0.07593,0.041891,-0.15854,-0.17497,0.070064,-0.016363,0.22788,0.082865,0.18109,0.18774,0.098778,0.12297,0.0090197,0.058996,-0.032358,-0.20353,0.058968,-0.046981,0.099047,-0.04016,0.15975,-0.0018116,-0.14769,0.041966,-0.16835,0.15083,0.077251,0.10771,0.081494,-0.01228,-0.11648,-0.016226,-0.082456,0.098217,0.050802,-0.080241,0.041402,-0.24399,0.0098645,-0.15168,-0.10771,-0.16022,-0.058598,-0.047003,0.06176,-0.14313,0.025695,0.1194,0.11499,0.098708,-0.0078019,-0.071137,-0.073378,0.189,-0.035795,-0.17239,0.081732,0.035236,-0.20364
-0.11429,0.019721,-0.059879,0.028635,0.082495,-0.026599,0.071034,-0.053329,0.097534,0.14028,0.062216,-0.01393,-0.049554,-0.084225,-0.28891,0.045553,-0.026275,-0.010461,0.13903,0.096513,0.016123,0.2516,-0.019259,0.21804,-0.10957,-0.0020203,0.076354,0.064214,0.037592,-0.0069541,0.092958,0.13894,-0.022654,-0.036218,-0.0042722,0.076811,0.15513,0.028398,0.24535,-0.10908,0.1142,-0.069927,0.072032,-0.030907,-0.067412,-0.088506,-0.0065942,0.061843,-0.0049408,0.02227,0.019473,-0.26827,-0.061059,-0.20412,-0.15577,0.11868,0.017496,-0.11651,0.10302,-0.027556,0.13651,0.0080296,-0.072207,0.0081209,0.020698,-0.083427,0.19188,0.0053357,0.090338,-0.071713,0.00010848,-0.02052,0.099364,0.052166,0.033779,-0.011051,-0.025375,0.13655,-0.10398,0.04677,0.092992,0.042665,-0.25209,-0.0062553,0.089899,-0.045157,0.094226,-0.14394,-0.014697,-0.19459,-0.0075509,0.043415,0.010812,0.038614,0.015777,-0.054527,0.1296,0.12494,0.27281,-0.049628
0.15006,-0.00374,0.0047458,-0.082618,-0.16292,-0.14881,-0.098832,0.059721,0.029675,-0.018915,-0.18319,-0.03575,-0.012957,0.0020848,-0.0084966,0.05341,0.093061,0.011686,-0.090742,0.11138,-0.16655,-0.019883,0.049845,0.035228,0.031422,0.026861,0.032103,0.036672,0.099107,0.076362,-0.043567,0.0042298,-0.0074341,-0.084489,-0.013387,0.068045,-0.014565,0.037917,0.1285,0.10659,-0.10983,0.046506,0.080342,-0.052102,-0.014974,0.062449,0.041829,0.13902,-0.14053,0.052343,0.047789,-0.026952,0.011199,-0.11434,-0.10724,0.051225,0.24037,0.017322,0.0020601,0.22068,-0.049688,-0.023299,-0.079112,0.018846,-0.037945,-0.072936,0.048531,-0.054843,0.035217,-0.11997,-0.10448,0.069472,-0.0033381,0.043834,0.010106,0.028363,0.015738,-0.024565,-0.024293,0.22711,-0.12233,0.042839,-0.053693,-0.11913,-0.067002,0.041393,0.17752,0.1778,-0.03284,0.080583,0.071962,0.026166,-0.086175,0.02638,-0.0050599,-0.026772,-0.035998,0.20599,0.031373,-0.0044659
-0.07751,0.083884,-0.1445,0.077484,-7.0121e-05,-0.0027301,0.13775,0.063772,0.0019971,-0.083138,0.028282,-0.035597,-0.018977,-0.057216,0.0034702,0.0078212,0.06275,-0.12643,-0.047311,-0.030062,-0.14778,-0.19751,-0.15995,0.04959,0.058324,-0.020087,0.03461,-0.010814,0.0302,-0.040903,0.028219,-0.012098,-0.050369,-0.0096338,0.023072,-0.029009,0.17139,0.067336,-0.087165,-0.037665,0.0042197,0.026872,0.078632,-0.069068,0.070923,0.028084,0.015547,0.12414,0.031554,0.017618,0.074264,-0.039988,0.02634,0.058822,-0.034434,0.10887,0.18455,0.20789,0.05692,-0.0051431,-0.032494,0.14762,0.078086,0.076929,-0.017361,-0.1464,-0.03217,0.12761,-0.054872,0.08986,-0.13689,0.025928,0.040136,0.093051,-0.1836,-0.02574,0.011949,-0.17897,-0.018768,-0.060834,-0.030653,-0.14041,-0.065541,0.041414,-0.029844,0.067043,-0.011186,0.065851,-0.03428,0.15338,-0.10601,0.18848,0.19335,-0.017744,-0.045561,-0.02265,0.23094,-0.087073,-0.1026,0.046215
-0.0041981,-0.11976,-0.031897,0.16686,-0.037964,0.24321,0.0004646,-0.038209,0.017927,-0.010761,0.11183,0.077736,0.062711,0.21484,-0.094323,0.16584,0.026792,-0.019686,0.022949,0.0081097,0.089323,0.060195,0.014216,-0.0015255,0.17782,-0.04018,0.085256,-0.19625,0.02994,0.027216,0.50375,0.049989,-0.053172,-0.0083598,0.030363,0.073676,0.13266,-0.062703,0.052676,0.024005,0.15316,0.010233,0.067861,-0.084012,0.069921,-0.020035,0.19883,-0.064528,0.16843,-0.11063,-0.044193,-0.11184,0.18047,-0.19293,0.15972,-0.034136,-0.084725,0.086971,0.14957,0.046017,-0.0076049,-0.11023,0.082675,-0.015357,0.08742,0.089087,-0.19751,-0.093341,0.022182,0.040056,0.0040343,-0.15291,-0.1983,-0.088135,-0.054163,-0.18483,-0.025079,0.033535,0.068884,-0.086515,0.047024,0.19289,-0.081897,0.10074,0.028395,0.0059648,-0.13422,-0.15901,0.11295,0.1028,-0.053397,0.031062,0.36945,0.046629,0.061239,-0.052765,-0.054221,-0.056716,-0.15226,-0.19637
0.11741,-0.0017574,0.091279,0.15285,0.029885,0.2247,0.058888,-0.040376,0.16593,-0.030709,0.044984,-0.093502,-0.063467,-0.01671,0.0051732,0.013218,0.099557,-0.13258,-0.055352,-0.020303,-0.0060714,-0.025076,0.032327,-0.31089,-0.065839,-0.19942,-0.031411,-0.090773,0.024262,0.079086,-0.20159,-0.15404,-0.081692,0.05486,0.06997,0.066143,0.16444,0.027558,-0.16274,0.083142,-0.03056,-0.11562,-0.051566,0.10066,0.11748,-0.11186,0.027022,0.17562,-0.10284,-0.070615,-0.24695,-0.013455,-0.060401,0.055884,0.047365,0.022343,0.093429,-0.0097784,-0.062334,-0.06542,0.16969,0.0043921,0.066622,0.048866,0.033387,-0.0695,0.1765,0.071689,-0.31573,0.0029556,-0.033308,0.20277,0.2081,-0.13454,-0.1191,-0.17417,-0.0013784,0.050025,0.015053,0.03814,0.05421,0.075701,0.0085442,0.11974,-0.014562,-0.060305,-0.011591,-0.046416,-0.11372,-0.0045748,0.20734,-0.064782,0.013391,-0.091368,-0.025271,0.018763,0.19155,-0.0062516,-0.035292,0.050494
0.0042642,-0.035245,-0.16301,-0.16106,0.1376,-0.00089291,-0.043576,0.16447,-0.099453,0.063532,0.12467,-0.070311,-0.053072,0.15329,-0.026814,-0.06422,0.18895,-0.016078,-0.099348,0.09567,-0.042785,-0.11592,-0.0025337,0.0033102,0.054085,0.20907,0.071672,0.10633,0.010418,0.2396,0.2289,-0.094504,-0.068804,-0.028103,0.061874,-0.034365,-0.016869,-0.028622,-0.040176,0.096391,0.065952,-0.023075,0.089749,-0.091679,-0.054454,-0.12306,0.014203,-0.095705,0.18018,-0.14358,0.19821,0.023433,0.092479,-0.030337,0.12384,-0.13274,-0.17966,0.14566,0.010267,-0.01887,-0.042935,0.051278,-0.043815,0.039582,0.030437,0.13744,-0.09614,0.11545,0.10726,0.043062,0.025599,0.016429,0.015355,-0.11076,-0.0492,0.11433,0.12953,0.021989,0.081597,0.03942,0.013114,-0.045366,0.23491,-0.053684,0.21706,-0.15883,-0.087753,-0.14474,-0.12725,-0.019596,-0.06254,0.10853,-0.044713,-0.0053843,0.074499,-0.052489,0.16595,0.094122,0.074373,0.081158
-0.089629,0.0084035,0.17375,0.1368,-0.081099,0.072742,-0.17304,0.010992,0.052396,0.17058,-0.028621,0.0070586,0.098264,-0.0086098,0.0086238,-0.090413,0.065319,-0.14423,0.0019517,0.12822,0.033931,0.017254,0.097689,0.13325,0.0096869,0.072079,0.11766,0.026764,0.080948,-0.022613,0.052365,0.173,0.037491,-0.046389,0.18008,0.18614,-0.041411,0.056251,0.099826,-0.086044,-0.030854,-0.11913,-0.064351,0.044928,0.05257,-0.088688,-0.037738,-0.0014839,-0.12579,0.10774,0.20769,0.060221,0.037344,-0.011439,-0.054577,-0.20199,-0.058027,0.010223,0.11422,0.19612,0.16297,0.10469,-0.049973,0.0057759,-0.027352,0.14642,0.0020166,0.14069,-0.0044074,0.09738,0.18344,-0.033859,0.097385,-0.070053,0.060508,-0.01048,0.20547,-0.094391,-0.095916,0.067307,-0.025772,-0.12098,0.062037,0.10997,-0.079597,-0.17927,0.11427,-0.095558,-0.034673,-0.021156,0.0138,-0.19067,-0.049322,-0.038869,0.0202,-0.13997,-0.027693,-0.11778,0.12049,0.069323
0.0071991,-0.084901,0.011138,-0.031651,0.14297,0.0073581,0.0061583,-0.12676,-0.091549,0.099915,0.15152,-0.065848,-0.015043,-0.073229,0.06632,0.036207,0.060656,0.049137,-0.12799,0.044222,-0.12168,-0.095309,-0.21077,0.26263,0.080888,-0.0093469,-0.092882,0.16649,-0.080932,-0.10038,-0.075074,-0.10871,0.00044066,0.1202,0.15527,0.13666,-0.027533,0.076367,0.032785,-0.12654,0.07881,-0.16019,-0.03629,-0.093486,0.082749,0.18932,0.078338,-0.22101,0.021956,-0.22759,-0.18035,-0.017809,-0.033144,0.17291,-0.017464,0.097019,0.035478,-0.063788,-0.018092,0.21287,0.056915,0.043607,-0.1121,-0.12512,0.11463,0.21271,-0.085033,-0.096511,-0.14975,0.035235,0.093224,0.011096,0.039099,0.079987,-0.027761,-0.066535,0.081853,0.0061242,-0.069243,-0.17198,-0.025204,-0.14317,0.088951,0.1661,-0.053634,0.1438,0.093316,-0.019536,-0.06528,0.032961,-0.11795,-0.089558,-0.081099,-0.10127,0.11465,-0.024295,-0.050362,-0.05066,-0.058764,0.070699
-0.097261,0.040878,-0.098431,-0.089038,-0.12715,0.13087,-0.044604,0.054019,-0.10534,0.1974,-0.11033,-0.015139,0.084961,0.029611,-0.084449,-0.089469,0.063318,0.091952,-0.17427,-0.067379,-0.1192,-0.030897,-0.010508,-0.014978,0.013033,0.0012167,0.0473,-0.13041,0.028572,-0.079615,0.0077286,-0.20476,0.082978,0.063652,0.13156,0.10558,-0.12815,0.093401,-0.079246,-0.054634,-0.055532,-0.054185,0.12946,-0.042559,-0.0438,0.092351,0.14976,-0.064835,-0.046968,-0.037391,0.12242,0.10923,0.11039,-0.054116,-0.008347,0.11349,-0.016911,0.0092712,0.03233,-0.048535,0.15064,0.23717,-0.14323,-0.011265,0.011037,-0.13107,0.16617,0.01513,0.0098373,0.025333,0.085175,0.0116,0.054684,0.069404,0.029411,-0.029881,0.053469,-0.078325,-0.049531,0.0081835,-0.15924,0.057086,0.022565,-0.032365,0.052405,-0.016325,-0.14791,-0.12567,0.12441,-0.075145,-0.0092119,0.07998,0.17811,0.11618,-0.059655,0.061606,0.1233,-0.071391,-0.15551,0.0045484
-0.072024,-0.047342,0.10851,0.0028041,0.20745,-0.13413,0.089114,0.15597,-0.022627,-0.08744,0.16528,0.081259,-0.085906,0.10834,-0.0021585,-0.13257,-0.18364,0.0069268,-0.1865,-0.11296,-0.059827,0.17289,0.048888,0.028809,0.050632,0.02086,0.16101,0.13951,0.00079481,-0.0065996,0.092891,-0.25977,-0.12801,-0.05908,-0.03996,0.12109,0.13327,0.18815,-0.028868,0.01523,-0.023219,0.040978,-0.093683,-0.060387,-0.12967,0.018836,-0.14354,0.045108,0.10799,0.23375,0.030602,-0.17832,-0.051508,-0.086068,-0.052262,0.090826,-0.0087054,0.054045,0.01431,-0.0033952,-0.094144,0.047749,-0.15174,-0.020746,0.040802,0.090745,0.16691,0.094641,-0.06473,-0.023183,-0.21338,0.015962,-0.00017926,-0.11087,0.084362,-0.15634,0.0062862,0.073123,-0.03558,0.00087093,-0.12314,-0.050802,-0.0049421,0.082347,0.1548,-0.026398,0.22879,-0.0047841,-0.049771,0.12905,0.16617,0.059813,0.01288,-0.0098586,0.085247,-0.024819,-0.11318,0.040127,-0.048632,-0.094613
0.15028,0.049103,0.050185,-0.073797,-0.030058,0.098834,-0.016445,-0.030034,-0.041982,0.32091,-0.0159,0.0082799,-0.067019,-0.07115,-0.081913,-0.090815,0.0043896,-0.021647,0.019668,0.16624,-0.095301,0.015968,0.064549,0.068324,0.167,0.085476,0.13252,-0.0074985,-0.081355,0.039314,0.0037311,0.057812,-0.13366,0.11719,0.035145,0.22084,0.017729,0.05237,-0.073901,-0.0064539,0.051208,0.10065,-0.01189,0.12461,-0.12005,0.21113,0.0042041,0.056055,-0.051842,0.046048,-0.031062,-0.0085887,-0.12268,-0.0054288,0.11087,0.076294,0.087322,0.044439,0.10684,0.1545,0.10816,-0.073923,-0.078271,0.19675,-0.1178,0.0888,-0.22581,0.0042048,0.067272,-0.00037879,0.0069542,0.13094,0.034644,-0.18983,-0.044744,0.23781,-0.025611,0.011774,0.0045191,-0.022483,-0.065828,-0.046808,-0.046869,0.10236,-0.064953,-0.091295,-0.050485,-0.049499,-0.091536,0.014283,0.018371,-0.0034893,-0.15465,0.016256,-0.12893,-0.15162,0.092967,0.079367,-0.029718,0.11516
-0.18364,-0.11097,-0.094132,0.078633,-0.010687,0.02716,-0.008742,-0.096401,-0.088337,0.057811,-0.053036,-0.085825,0.077099,0.1918,0.10388,0.025328,0.048332,0.078678,0.22624,0.025352,-0.11188,-0.1657,0.23078,0.030418,0.21376,-0.15971,0.10161,0.11905,-0.048473,0.041011,0.070234,0.088037,0.11605,0.13609,-0.065562,0.071005,0.10934,0.00516,-0.076408,0.15217,0.023087,-0.023887,0.16409,0.17972,-0.020169,-0.10443,0.037065,0.11524,-0.032374,-0.10661,-0.035604,-0.010367,0.092929,-0.047023,-0.079421,0.041443,-0.09252,-0.038546,0.13792,-0.045378,0.14905,0.10031,0.14233,0.041245,-0.073339,-0.048971,0.037927,-0.27711,0.077984,0.044983,-0.089833,-0.063157,-0.066407,0.075653,-0.22111,0.036066,0.091964,-0.059686,-0.038538,-0.11294,-0.10482,-0.13536,0.027324,-0.068826,-0.083747,-0.023576,-0.1447,-0.14401,-0.064929,0.086602,0.088652,0.11649,0.1253,-0.074492,0.050436,0.040991,0.052004,-0.060102,-0.02463,0.016756
-0.22278,-0.24617,-0.070094,0.074818,-0.069352,0.016276,0.064095,0.096017,0.00063866,0.024734,-0.010494,0.05484,-0.024503,0.076006,-0.077355,-0.094614,-0.021292,-0.047761,0.038227,-0.090691,-0.082939,-0.083655,0.11931,-0.10611,0.043748,0.25657,0.075459,-0.18439,-0.11157,-0.093539,-0.10714,-0.026169,-0.27274,-0.0067525,-0.040943,0.14089,0.12792,0.18835,-0.012068,0.041408,0.049904,0.059473,-0.017553,-0.1529,-0.0061962,-0.0090361,0.0098074,0.069176,-0.030475,-0.0097887,-0.071479,-0.19023,0.043812,-0.01973,-0.03013,-0.013157,-0.12029,-0.033649,0.18581,0.061271,0.069831,0.10735,0.0065324,0.0021288,-0.028598,-0.017584,-0.027732,-0.012023,0.0071094,0.0033967,-0.14027,-0.0079449,0.067598,-0.053574,-0.10675,0.13535,-0.047041,-0.021422,-0.047432,0.031314,-0.029733,-0.01678,-0.039403,0.022362,0.0093979,0.079483,0.0052638,0.16672,0.043564,0.023406,-0.016323,-0.024481,-0.00040813,-0.068599,0.091262,0.016318,0.067523,0.015316,0.058208,0.08027
0.046442,0.19702,0.076629,0.0091926,0.0047841,-0.10806,-0.031493,0.013709,-0.021465,0.041421,0.058044,0.056064,-0.038235,-0.012951,0.03983,0.12029,0.0065961,-0.038624,-0.066831,-0.023166,-0.0062482,-0.04562,0.12314,-0.030303,0.063359,-0.17428,-0.02021,-0.13774,0.017956,0.063365,-0.015573,-0.085338,0.08641,-0.089175,-0.28393,-0.03801,-0.064198,0.14393,0.071162,0.073773,-0.068632,-0.013199,0.10668,-0.012893,0.046997,0.0077868,-0.099923,0.05712,0.045188,0.13626,-0.085506,-0.010567,0.074967,-0.22978,0.012046,0.28929,0.015171,0.081423,-0.045389,0.06314,-0.0080839,-0.16965,-0.050487,-0.046716,-0.01115,-0.080711,0.11502,0.0082442,-0.018259,-0.065841,0.060055,-0.062336,-0.14771,0.02595,-0.098633,-0.16475,-0.11912,0.048917,0.076616,-0.079727,-0.064873,0.0046906,0.062176,-0.15979,0.082555,-0.056708,0.13751,-0.090149,-0.099593,-0.16276,0.12966,0.028309,0.17763,-0.035841,-0.092439,-0.0070925,-0.049359,-0.041722,0.043883,-0.0051579
0.19319,-0.096559,-0.012691,0.051173,-0.016269,0.11788,-0.066665,0.066686,0.22911,0.059055,0.080856,-0.0092891,0.12501,0.021365,0.010708,-0.026585,-0.15362,-0.012008,-0.039909,-0.14956,-0.11051,0.20999,0.061685,0.097888,0.016057,-0.013062,0.012137,-0.063958,-0.1241,-0.021917,0.04331,-0.020825,-0.10781,0.13427,0.0063824,0.027398,0.036218,0.006429,0.042132,-0.07427,0.0075789,0.16667,-0.1275,-0.038214,0.06514,-0.038654,-0.05473,0.10887,-0.056531,-0.026783,0.074142,-0.012237,0.090876,-0.10676,0.05674,-0.01082,-0.10663,0.013799,-0.064764,-0.17067,-0.13553,0.0064915,-0.014387,0.13543,0.13083,0.0092767,0.04863,-0.11079,0.046265,-0.021435,-0.00084369,-0.060307,0.07326,0.066431,-0.027312,0.00084082,-0.12248,-0.055346,0.049365,0.027558,-0.031785,-0.18455,-0.051503,-0.073875,0.10143,0.11724,0.084775,-0.035308,0.015622,-0.2171,0.041037,-0.011508,-0.084139,-0.038397,-0.053722,0.025285,-0.023747,0.025681,-0.10424,0.0030119
-0.096036,0.050033,0.19455,-0.10758,0.022227,-0.16423,0.030335,-0.14477,0.090608,0.037467,-0.0056187,0.14167,0.11502,0.040248,-0.066294,-0.10476,0.21946,0.05022,-0.1929,-0.17628,-0.12127,0.019702,0.10743,-0.036729,-0.095897,-0.013982,-0.039779,-0.060051,-0.021589,-0.01689,0.035435,0.15631,0.15084,-0.063913,0.10157,-0.07833,0.027582,-0.081186,-0.039653,-0.049536,-0.070346,-0.024017,-0.011027,0.031348,0.09378,0.01667,0.096984,-0.14903,0.26635,-0.034508,-0.12541,0.080571,0.0833,0.034432,-0.17633,0.095625,0.15374,-0.086415,-0.035687,-0.045157,-0.1724,-0.13144,0.078759,0.01545,-0.14569,0.15162,-0.084239,0.086049,-0.03457,-0.012438,-0.17134,-0.090482,-0.091344,0.2059,-0.024926,0.10459,0.087044,0.072202,0.057149,-0.047713,-0.077712,0.037677,-0.11082,-0.1529,-0.033066,-0.19128,-0.021162,0.036619,0.15084,0.15301,-0.064692,-0.056923,0.047778,0.072116,0.042474,0.093583,-0.022981,-0.020855,-0.076384,-0.024938
-0.17737,-0.042527,0.062675,0.17587,0.089147,0.042158,0.014252,0.038819,-0.025341,-0.0013594,-0.094527,-0.017471,0.029181,-0.036456,0.11681,-0.11124,-0.11418,-0.098643,-0.046555,-0.11019,-0.1438,-0.013035,-0.027621,-0.20363,-0.02895,0.062005,0.069546,-0.046643,-0.11139,0.098514,-0.092651,0.020388,-0.032527,0.028472,-0.11456,0.047672,-0.030262,-0.044095,0.044803,0.059075,0.10849,-0.053851,-0.13838,-0.10745,-0.072407,-0.10737,0.024691,-0.013833,-0.071541,0.023445,0.14138,-0.024908,-0.039491,0.2625,-0.16644,-0.13721,0.017935,-0.12427,0.087863,0.057658,-0.032555,-0.05075,0.12174,-0.18411,-0.03511,-0.12616,0.0085655,0.3014,0.01824,0.039731,-0.028838,0.11817,0.12169,0.085596,-0.16093,-0.11238,-0.019993,-0.10608,0.13362,0.0081751,0.024838,0.036692,-0.060604,-0.063777,0.046557,0.10262,-0.10838,-0.025126,-0.039457,0.092159,-0.022313,-0.10261,0.024364,-0.060569,0.036999,-0.096203,0.053018,-0.11967,0.010989,-0.10364
0.041924,-0.03413,-0.00027587,-0.098806,-0.090654,-0.054965,-0.029106,-0.16681,0.040456,-0.044786,0.10478,-0.17075,-0.03293,-0.19324,-0.012205,-0.014634,-0.032229,-0.090519,0.078655,-0.047185,0.029334,0.099302,0.05439,0.0091027,-0.096065,-0.079951,-0.0045513,-0.11229,0.11127,-0.10699,0.12893,0.030924,-0.06258,-0.00027001,0.0052648,0.032109,-0.081104,0.17393,-0.079424,-0.051143,-0.075658,0.16292,0.034934,0.018417,0.0019243,0.082815,-0.16184,-0.051983,-0.11864,-0.032531,-0.047448,0.20089,-0.048799,-0.014319,-0.02826,0.074385,0.15557,0.15639,0.14525,0.12118,0.0059561,-0.11916,0.078953,-0.12362,0.025537,-0.083504,0.020363,0.083798,0.017099,-0.034516,-0.10151,-0.24812,0.042482,0.038734,0.021814,0.023372,0.092979,0.099279,0.085937,0.13067,-0.035232,-0.074438,-0.18902,0.048345,0.095582,0.012499,0.011494,0.0523,-0.084336,-0.077939,0.11326,0.0042719,-0.025592,-0.11879,0.0174,-0.065162,-0.0059848,0.19104,-0.045845,0.0010797
0.033402,0.027462,0.12412,0.075117,0.02094,0.12307,-0.030636,0.2038,-0.019215,-0.096618,0.14187,0.028443,-0.17629,0.085329,0.12895,0.0095679,-0.077881,0.06517,-0.016624,-0.0014718,-0.1267,-0.047858,-0.066758,-0.11438,-0.18508,0.22718,0.070759,-0.047413,-0.064027,-0.03049,-0.027482,-0.011621,0.04683,-0.10221,0.068127,-0.089035,-0.019384,-0.022187,-0.28119,0.056842,-0.12792,-0.057386,-0.10057,-0.039812,-0.086974,-0.055002,-0.10684,0.063187,0.093169,-0.033517,0.12876,-0.006504,0.010624,0.047143,0.091119,-0.10473,-0.041254,-0.16996,0.0074489,-0.011531,-0.073328,-0.17011,0.17443,-0.003503,0.16312,0.035644,-0.014848,0.14267,-0.029538,0.068086,-0.085271,-0.11883,0.060881,0.082475,0.029068,0.035257,-0.1157,-0.0082564,0.023847,0.061225,-0.098326,0.14294,0.033029,-0.14064,-0.073438,-0.11685,-0.14322,0.1009,-0.14787,0.075686,-0.16881,-0.068263,0.01175,-0.012932,-0.1116,0.17695,-0.032611,0.12203,-0.077283,-0.15594
-0.037129,0.040931,-0.030845,0.043287,-0.076718,0.01936,-0.13012,-0.022799,0.035106,0.014706,-0.089041,-0.00028465,-0.0526,0.075647,0.051976,0.019385,0.12062,0.086582,-0.010699,-0.036094,0.041572,0.099077,-0.059864,0.063964,-0.26966,-0.015991,-0.19366,-0.16252,-0.10691,-0.22407,-0.14633,-0.017921,0.2392,-0.11044,-0.026823,0.059254,0.10712,-0.069196,-0.010118,-0.046039,0.027814,-0.017548,-0.051489,0.095419,0.14042,-0.010517,-0.15265,0.079974,0.059773,-0.067798,-0.053178,-0.059125,0.057586,0.088417,-0.05569,0.060829,-0.050958,-0.043516,-0.00077769,0.17981,-0.046861,-0.22701,0.071899,-0.14034,0.033961,-0.016908,-0.18253,0.022317,-0.29379,-0.094994,0.091564,-0.048423,0.078824,-0.1914,-0.012637,-0.16892,0.052094,-0.13723,-0.046,-0.013142,-0.06568,0.058523,0.011224,0.04741,-0.064938,-0.20935,0.038151,0.030061,-0.10516,-0.17144,-0.00292,-0.098653,-0.0075286,-0.044615,-0.085452,0.020242,0.11085,0.022746,0.12171,0.10034
-0.04725,0.1537,0.13784,-0.075322,-0.074329,-0.12904,-0.0056778,-0.037885,-0.09722,-0.085809,0.07015,-0.15127,-0.069875,-0.087925,0.064474,0.079582,0.022611,-0.17979,0.09238,0.17289,0.032229,-0.055983,-0.089796,0.051829,0.15516,0.077445,-0.068204,-0.015275,-0.020139,0.17788,0.12274,0.052966,-0.1136,-0.077577,-0.0071454,-0.1921,0.12962,-0.14828,-0.087157,0.083406,0.19809,-0.16277,0.052011,-0.083143,0.073267,0.12722,-0.084375,0.037563,-0.015678,0.075313,-0.088017,-0.084285,0.097337,0.10829,0.10044,0.005166,0.10676,0.015597,-0.12744,0.12464,0.038623,0.029586,-0.11555,-0.076313,0.074668,-0.11679,-0.017027,-0.095806,0.058572,-0.012338,0.016543,0.0092838,-0.038026,0.11907,0.034963,0.023307,-0.05645,-0.23068,-0.048351,0.14401,-0.14401,-0.082595,-0.0435,0.11045,0.098204,-0.0068624,-0.055472,-0.057423,-0.0051725,0.18308,0.11604,0.097522,-0.076249,-0.023886,-0.0016073,-0.016029,-0.053528,-0.071585,-0.00068402,-0.022099
0.054128,0.14874,0.060793,-0.035503,0.06279,0.013561,0.13464,0.058379,0.029494,-0.069245,0.01869,-0.089798,0.099459,0.11472,0.054871,0.10602,0.021286,-0.00093372,-0.064936,-0.017815,-0.17028,-0.017589,0.078807,-0.016778,-0.22659,-0.066994,0.11196,-0.071045,0.052063,-0.035055,0.108,0.078121,-0.057507,-0.021185,0.019624,0.057778,0.061529,0.054675,-0.085743,-0.0023364,-0.10056,0.33381,0.025034,0.0037853,-0.0037976,0.10988,-0.023707,-0.038624,-0.054501,0.23845,0.011972,-0.15308,0.080093,0.10698,0.015408,-0.088353,-0.036025,-0.17949,0.039628,0.13688,0.14011,0.0017693,-0.19331,0.11379,0.16423,0.079817,-0.042908,0.069606,-0.078077,-0.0053814,-0.0038517,-0.080939,0.010497,0.10033,0.0072773,0.14094,0.10957,0.13487,-0.047118,-0.097366,-0.073764,0.14472,-0.098299,0.01534,0.039022,0.0074897,-0.044764,0.087158,0.037732,-0.16429,-0.052812,-0.056158,-0.032296,0.043762,-0.17851,-0.016679,0.036422,-0.0017708,-0.022084,0.051448
-0.12577,-0.057439,-0.040358,-0.14333,-0.1088,-0.021111,0.020571,0.0059608,0.021211,-0.17264,-0.033618,-0.18054,0.086565,0.18777,-0.060265,0.018478,-0.014668,-0.18938,0.030156,-0.15089,-0.0053711,0.057133,0.021174,-0.20639,0.0033142,-0.030996,-0.008878,0.073898,0.0082075,-0.051862,-0.079975,0.0066363,0.054355,0.10181,0.091297,-0.014173,-0.031029,-0.089142,0.24326,0.094469,0.048245,-0.0009472,-0.15439,-0.17068,0.02896,-0.045472,-0.1562,-0.1617,0.010276,-0.063475,-0.10203,0.060059,-0.046825,-0.029691,0.025697,0.022202,-0.030889,0.052433,0.081387,0.032264,-0.017433,0.027266,0.043123,0.064474,0.048856,0.11266,0.20834,-0.16069,-0.1547,0.16804,-0.11428,-0.019579,-0.09364,-0.098906,-0.020553,-0.058483,0.11469,0.22342,-0.097807,0.084275,0.11895,-0.04911,-0.028147,0.038963,-0.007092,-0.098557,-0.089303,0.020762,0.015492,-0.074125,-0.07924,0.058491,0.055553,0.027753,0.020296,-0.070893,0.1027,0.038852,-0.086851,0.12533
-0.22171,0.18046,0.017288,-0.062099,-0.04098,-0.073593,-0.087764,-0.12237,0.092729,-0.118,-0.13049,-0.023362,-0.04059,-0.11779,-0.1004,0.091705,0.096216,0.09609,-0.094149,-0.026466,0.30239,0.10006,0.024837,-0.083145,0.010952,0.041317,-0.20104,-0.15587,-0.040073,0.10222,-0.10307,0.12663,0.12324,0.04861,-0.13449,-0.090227,0.081053,-0.0029538,0.045504,-0.13611,0.051555,0.044177,-0.046426,-0.092407,-0.13853,-0.049982,0.015811,0.016709,-0.030043,-0.10304,0.10919,-0.10618,0.13601,0.12377,-0.037815,0.043811,0.054422,-0.027534,-0.075825,-0.059293,-0.014106,0.10522,-0.020353,-0.084253,0.0095909,0.022712,-0.13825,0.052473,0.061823,-0.088371,-0.013892,-0.035792,0.13675,0.21219,0.13468,0.070563,0.058087,0.033378,-0.066424,-0.10472,-0.11146,0.030229,-0.039052,0.056041,-0.01023,-0.08427,-0.07767,0.070943,0.094629,-0.00053693,-0.20491,0.23182,-0.23306,0.24088,0.098826,0.035557,-0.001363,0.2021,-0.039724,0.0064245
0.0016903,-0.11643,-0.089452,-0.085598,-0.0089526,0.038593,0.045471,0.18152,0.058544,0.16749,0.065645,0.11904,-0.0078374,-0.040007,0.033562,0.13342,0.048146,0.041728,0.018302,0.015826,0.031589,-0.056287,0.079212,0.10663,-0.10328,-0.0014107,-0.038723,-0.053464,-0.053478,0.18534,0.074698,0.019805,0.05741,-0.021521,0.020269,0.099996,0.094443,-0.024188,-0.11077,0.092896,0.016569,0.10201,-0.17145,-0.10252,0.014158,0.16535,0.010711,-0.023777,0.0062572,-0.039472,0.039293,0.13532,-0.027116,-0.097117,-0.12935,0.08576,0.062386,-0.010355,-0.05986,-0.012768,-0.12661,-0.013679,-0.044594,0.10228,0.0050122,0.034254,-0.035384,-0.0092068,-0.02212,0.044201,-0.07267,0.084727,-0.0020864,-0.01689,0.074001,-0.026656,0.087421,0.10166,0.027188,0.20701,-0.011109,-0.061767,0.059292,0.13327,0.034195,0.030275,0.15427,-0.050846,-0.02183,-0.16129,-0.17146,0.064314,-0.15457,0.071516,-0.10789,0.17754,-0.11768,-0.11538,0.16341,0.024895
0.036681,0.20027,0.00051281,0.14709,-0.053864,0.14546,-0.10163,0.12105,0.012711,-0.016657,0.0074581,0.14844,-0.1571,0.19786,-0.13425,-0.065514,0.10939,-0.14207,-0.071133,-0.03657,-0.016768,-0.26001,-0.15253,0.054668,-0.087732,0.036896,-0.00029266,-0.04905,0.050315,-0.032115,-0.043754,0.063024,0.040605,-0.083155,0.012342,0.021024,0.026243,-0.022815,0.052184,-0.12803,0.16126,-0.046682,0.042702,-0.023146,0.017763,0.099497,-0.005609,0.12303,-0.022005,0.15539,0.19029,0.21729,-0.043694,-0.095528,0.055326,0.039958,0.023929,0.098795,-0.0062234,0.079875,-0.13383,0.12574,-0.16527,-0.079628,0.020233,0.047192,-0.10532,0.04143,0.032281,0.0059915,-0.11563,-0.066134,-0.063142,-0.1332,-0.096629,0.057774,-0.032526,-0.22681,0.071046,0.006077,0.038776,-0.033531,-0.045673,-0.14032,-0.15559,0.085681,0.069035,0.10643,0.052058,-0.031588,-0.01142,-0.10525,0.071897,0.14235,-0.097546,0.028015,-0.076123,0.022454,0.027374,-0.038445
0.079993,-0.048901,0.08908,0.19475,0.050019,0.057034,0.033454,-0.0085546,0.065923,0.098626,0.21804,0.060866,0.017025,-0.18231,0.0021846,0.069573,-0.027337,-0.031112,0.11274,0.055102,0.17423,0.15923,0.0067781,-0.138,0.049969,0.064104,-0.15692,-0.097928,0.065775,-0.091537,0.073534,0.11349,-0.044395,0.03152,-0.20256,0.071659,-0.070302,-0.11597,0.18144,0.03724,0.024266,0.022054,0.078186,0.015369,-0.026474,-0.10197,-0.066885,-0.15851,-0.039309,0.21471,0.063738,-0.020678,-0.0068296,-0.0066231,0.015935,0.015673,0.082093,0.059057,0.23309,0.052888,-0.10554,0.078029,0.21846,0.15367,0.011151,-0.10213,0.09731,-0.05954,0.16206,0.031965,0.0068215,0.040763,-0.0094796,-0.042102,0.020997,-0.2015,-0.062641,0.030678,-0.12136,0.16522,0.068988,0.11056,-0.10443,0.062231,0.014312,-0.10815,0.1012,0.026603,0.13476,0.018387,-0.094048,-0.043645,-0.061509,-0.042325,0.019387,0.042467,-0.071827,-0.11232,-0.0038184,0.14767
0.041101,0.038951,0.097681,0.028973,0.016683,0.038992,0.063862,-0.10917,0.093727,0.082527,-0.060824,0.032372,-0.08948,0.13316,0.060314,-0.05297,-0.048145,-0.055321,0.23993,0.010033,-0.13259,0.14834,0.073375,-0.0081271,0.015545,-0.22433,-0.07315,-0.15742,0.099066,0.11592,-0.032451,-0.08121,0.09474,0.11602,-0.080019,-0.18198,0.099846,0.032815,-0.022224,0.056483,0.011423,0.10227,0.10597,-0.092133,0.006647,0.045499,-0.0093522,0.02532,-0.17932,0.091372,-0.05654,0.10613,0.021696,-0.10247,0.072503,0.025051,0.10007,-0.18184,-0.02594,-0.2069,0.01676,0.025448,0.0903,-0.13178,-0.0040789,0.1402,-0.049232,0.018263,-0.15214,0.16277,-0.0023008,-0.25784,-0.09308,0.035851,-0.095478,0.0079631,-0.11685,-0.053129,-0.016287,-0.054634,0.0030793,0.022552,0.022557,-0.19595,0.14776,0.018515,-0.036859,0.28316,-0.24413,0.048744,-0.022627,0.039208,-0.00048651,-0.070691,0.086571,0.083849,0.048494,0.038459,-0.0038163,0.083079
0.18582,-0.0016665,-0.20668,-0.13742,-0.012845,0.0028466,0.054865,-0.043212,-0.071832,0.093319,0.149,-0.053828,-0.0038113,0.085039,0.1211,-0.10134,0.045891,-0.15849,0.21631,0.0048328,0.03363,-0.0032609,-0.0032218,-0.072269,-0.1077,-0.052293,-0.17444,-0.16344,0.15362,-0.067643,-0.16127,0.10837,0.013323,0.038988,0.26735,-0.010917,-0.038278,-0.086788,-0.007423,-0.029559,0.013901,-0.11204,0.013258,0.079392,0.067435,0.028635,0.056307,0.11166,0.14758,0.1777,-0.027928,-0.0080309,-0.017443,-0.071065,0.044442,-0.023758,0.0091912,0.089296,0.09741,0.024334,1.3854e-05,-0.13789,-0.019964,0.09962,-0.13309,0.068376,0.024573,0.039445,0.078469,0.071411,0.014599,0.10215,-0.010946,0.024379,0.13085,0.17108,0.2082,-0.07528,0.04101,0.0072952,-0.011348,0.0019678,-0.20856,-0.16686,0.027127,-0.14809,0.0079207,-0.065255,-0.045928,-0.093668,-0.20226,-0.20546,-0.15362,0.23181,-0.035538,-0.041921,-0.01632,-0.10992,-0.065568,0.11748
-0.10727,0.020237,-0.073354,-0.047867,-0.062975,-0.032706,0.053624,0.042214,-0.14224,-0.097908,-0.0092915,-0.070975,0.074614,0.031004,-0.045394,-0.024743,-0.10907,0.1393,0.089416,0.14505,-0.058551,-0.15977,0.018717,0.31256,0.0015858,0.12745,0.086428,-0.024926,0.0029013,0.068843,-0.043232,0.11908,-0.038845,-0.005791,0.050905,-0.14757,0.045698,-0.25948,0.091984,-0.14325,0.019998,0.006471,0.11562,0.08553,-0.024791,-0.10489,-0.074244,0.0064407,-0.090844,0.062214,-0.10373,0.0045382,0.031701,-0.078352,-0.062902,0.028754,-0.052989,0.04144,-0.14461,0.068929,-0.0644,-0.098094,-0.066633,-0.097059,-0.029267,-0.12422,-0.15063,-0.15221,-0.049678,0.080785,0.070625,0.021611,-0.16441,-0.11986,0.057203,-0.0048282,-0.079607,-0.090107,-0.16721,-0.0028233,0.095238,0.0028037,0.0075822,0.040204,-0.055305,-0.12819,0.11494,-0.1793,-0.28016,0.14296,-0.045566,-0.15967,-0.03042,-0.028877,-0.088862,0.14314,0.07561,-0.1796,0.12769,-0.10783
0.061928,0.25189,0.023868,0.0098345,-0.021278,0.055164,0.11569,-0.066502,-0.063268,0.15471,-0.0092657,-0.052384,-0.013949,-0.051499,-0.024022,-0.06355,0.0091954,-0.23244,-0.028744,0.052571,0.065281,0.029878,0.073935,0.046768,-0.037023,0.028707,0.014813,0.075578,-0.027668,0.15116,0.11089,-0.0017549,-0.099369,0.18016,-0.066385,0.11062,-0.18383,0.052481,-0.070761,-0.1398,0.03196,-0.030633,-0.28476,-0.094522,0.023862,0.11535,-0.06804,-0.14868,-0.0046766,0.063614,-0.14446,-0.10264,-0.088594,-0.11275,-0.06301,-0.18052,-0.29635,0.16785,0.18035,0.056436,0.085915,0.036829,0.054151,-0.13137,0.077006,0.10474,-0.02241,0.078926,-0.12025,-0.013682,0.0092491,-0.0075723,-0.010394,0.080446,0.09439,-0.068766,0.1453,0.011337,0.1372,0.1981,0.086687,0.081686,0.18263,0.075578,0.039751,0.00015479,0.063077,-0.13477,-0.023303,0.076347,-0.011928,-0.25177,-0.038229,-0.19731,-0.045632,0.04746,0.11049,-0.018162,-0.094267,-0.053285
0.12367,-0.09716,-0.12687,-0.051112,-0.094797,0.052732,-0.20512,-0.11118,0.090624,0.017424,-0.074006,-0.057989,0.040758,0.10699,-0.16114,-0.054867,-0.042394,0.13411,-0.065527,0.10046,-0.12282,-0.088435,-0.15301,-0.070935,0.1044,0.0032766,0.073704,-0.0063617,0.04474,-0.075308,0.13541,0.057807,0.031644,-0.089636,-0.15375,-0.047716,-0.031731,0.064287,0.19237,-0.064243,0.047052,0.074287,0.062509,0.14023,-0.056569,-0.13473,0.070932,-0.039402,-0.034636,0.019622,0.00050395,-0.084487,0.013407,-0.057293,0.082157,-0.074962,0.07017,-0.061634,0.09387,-0.069497,0.04541,0.10491,-0.11441,-0.017018,-0.092532,0.23236,-0.11926,0.034717,0.055262,0.14215,0.10618,-0.12186,0.051325,-0.017203,-0.0062592,-0.070036,0.054206,0.0066872,0.14589,0.043232,-0.066038,-0.22098,0.040758,-0.15433,-0.038534,0.0092826,-0.17099,0.004909,-0.030018,0.06287,0.03554,-0.030881,-0.01943,0.074361,-0.13769,-0.0099446,-0.11087,-0.17012,0.04879,-0.10041
-0.1316,-0.14009,-0.064221,-0.092498,0.047738,0.035345,0.11945,0.10419,-0.018934,0.10023,0.14328,0.065155,-0.079907,-0.081284,-0.03813,0.15,-0.17649,0.107,0.22468,0.10212,-0.018954,0.059965,-0.0037606,-0.048019,0.045383,-0.012833,0.015125,-0.10226,-0.28329,-0.09515,0.091867,0.10507,-0.020672,0.08735,0.056204,0.076151,0.051396,-0.048756,0.10249,0.23244,-0.033684,0.0051609,-0.14943,-0.063281,-0.25918,-0.093366,-0.0089774,0.043059,0.036677,0.28085,0.036386,-0.0304,-0.026951,0.066525,-0.092951,-0.016971,-0.12734,0.11848,0.081926,0.030756,0.019167,0.11134,0.028289,0.022166,0.043862,-0.032159,-0.027734,-0.024416,0.16269,-0.01144,0.043501,-0.2256,0.1507,0.045495,-0.11407,-0.11809,0.093273,-0.0031183,-0.0097424,-0.0050577,-0.1696,-0.10242,0.013806,0.058696,0.026937,-0.14847,-0.026171,-0.047055,0.020442,-0.034983,-0.013986,0.019273,-0.067391,-0.0026095,0.026276,-0.031842,-0.057546,-0.15758,-0.074381,0.13076
0.11295,-0.065852,0.038819,0.1434,0.074005,-0.078845,0.017508,-0.13651,0.15491,0.10334,-0.048682,-0.026799,0.039762,-0.050807,-0.21125,0.092513,0.199,-0.022484,0.016702,-0.24548,-0.051807,-0.0019593,0.058527,0.05508,0.096301,0.051733,0.031792,-0.047718,0.13776,0.13452,0.046622,-0.091032,0.066007,-0.10337,-0.18218,0.0083716,0.086125,0.057462,0.095545,0.082723,0.13595,-0.025561,0.022797,-0.028844,-0.0253,-0.075235,0.023204,0.13049,-0.11262,0.070597,-0.16607,0.14214,0.077007,0.091642,-0.024473,-0.015185,-0.032429,0.15614,-0.022711,0.13966,0.093236,0.012991,-0.046195,0.1554,-0.008815,-0.13202,0.022402,-0.12455,-0.0090988,0.024863,-0.044199,0.064231,-0.012004,-0.059739,0.071907,-0.092808,0.087023,0.042947,-0.16915,-0.18302,-0.083105,0.1275,0.025096,-0.1192,-0.021794,-0.059516,-0.069191,-0.0019389,0.13086,0.11282,0.013553,0.010503,-0.063861,0.02238,-0.0067509,0.048011,-0.2093,-0.0087996,-0.038214,0.044053
0.051048,0.091542,0.075768,-0.095592,0.051496,-0.097011,-0.035025,0.11834,-0.016956,-0.091064,-0.059879,-0.078103,0.027683,0.013028,0.0086514,-0.063326,-0.027019,0.18137,0.2074,-0.021561,0.062237,0.028166,0.017301,-0.10384,0.056487,-0.047156,0.027051,-0.011245,0.15031,-0.050337,-0.027812,0.054306,-0.081423,-0.097837,0.046323,-0.069306,0.033493,0.11003,-0.0029485,0.047002,0.15794,-0.093057,-0.0048998,-0.059495,-0.24689,0.069663,-0.083897,-0.028451,0.082027,-0.067251,0.075091,0.088121,-0.020945,-0.028268,0.14121,0.053712,-0.19905,-0.063895,-0.055533,-0.020245,-0.12825,-0.05116,-0.004855,0.14714,0.14862,0.01298,0.013992,-0.076191,0.076744,-0.10639,-0.060629,-0.034395,0.001187,0.015737,-0.012927,0.07318,-0.090581,0.050134,0.02868,-0.041601,0.029506,0.050076,-0.0084537,0.15274,-0.064842,-0.053675,-0.083602,-0.025256,0.083869,0.047166,-0.032424,0.10947,-0.19858,0.1051,-0.047786,0.11564,0.012246,-0.060923,0.094507,0.032483
-0.0206,-0.1013,0.11596,0.1185,-0.052799,-0.01349,0.10899,-0.090983,-0.01324,0.050387,-0.16658,0.059936,-0.13548,0.24301,-0.053159,-0.057741,0.13472,-0.042424,0.090146,-0.0028094,-0.17502,0.080438,-0.18731,0.089298,-0.013599,-0.15702,-0.10909,0.033902,0.1134,-0.071548,0.1248,0.16417,-0.081346,0.025063,0.035362,-0.090543,0.039336,-0.022806,-0.036297,-0.017969,0.052076,-0.033077,-0.18636,-0.038149,0.053066,0.051314,0.068893,-0.12301,0.029783,0.05131,-0.04245,-0.20188,-0.02133,0.13787,-0.084762,0.045886,-0.19646,-0.12208,-0.064603,0.16715,0.01272,-0.13996,0.17669,-0.10269,0.039309,0.047168,-0.19006,0.10669,-0.06488,0.0060305,0.10868,0.13365,0.089278,0.052619,-0.058332,0.044777,0.05804,0.056743,0.19511,0.24616,0.10689,-0.28018,0.062808,-0.096554,0.12257,-0.095195,-0.12833,0.05982,0.13064,0.015471,-0.027769,0.046818,0.10361,0.075212,-0.091685,0.0093198,-0.04224,-0.014433,-0.031537,-0.020321
0.12092,-0.12812,0.0061622,-0.033563,-0.12816,-0.012963,0.039811,0.012115,0.12634,-0.06933,0.031186,-0.15744,-0.012292,0.072529,0.041574,-0.11156,-0.15368,0.069431,0.085337,0.14255,0.042224,0.069115,0.047324,-0.044267,0.030538,-0.065918,-0.10529,-0.057744,0.0038568,-0.16861,0.10108,-0.053029,0.036184,0.10291,-0.091439,-0.10609,0.11489,-0.064881,-0.083546,0.066634,0.06982,-0.032763,-0.035475,-0.046123,-0.040776,-0.17869,-0.0085716,-0.083122,0.082241,0.072711,0.033743,0.15121,0.13148,-0.028771,0.11696,0.0074177,0.12124,0.0033589,0.10826,-0.14128,0.0037262,-0.061377,-0.010527,-0.01452,0.12337,0.078301,-0.087024,-0.15658,0.20713,0.040278,-0.021886,-0.059589,-0.1003,0.084173,-0.096693,-0.035557,-0.001992,0.034824,-0.041621,-0.0047162,-0.027825,-0.029267,0.17755,0.054338,0.17314,0.046771,0.046451,0.063496,-0.15293,-0.073906,-0.18285,-0.033414,0.099613,-0.085309,0.069872,-0.070975,-0.11922,0.064554,0.05546,-0.13655
0.022457,0.082725,0.087842,-0.036102,0.035632,-0.064793,0.045128,-0.16594,0.063362,-0.094262,-0.033476,-0.12693,-0.13378,0.040728,0.21438,-0.068642,0.052353,0.0096559,-0.052781,-0.034644,-0.039871,-0.10476,-0.013768,0.017036,-0.0092094,-0.0469,-0.074993,0.032097,0.21048,0.023462,0.026093,0.031316,0.05355,0.038994,0.13329,-0.059989,-0.068353,-0.07877,-0.12528,0.14315,-0.018969,-0.16416,-0.040344,-0.1425,-0.12935,0.010857,-0.04318,0.055249,0.10479,-0.031933,0.051712,-0.026826,-0.15432,-0.015955,-0.11516,-0.036197,0.24042,0.044095,-0.1382,0.024807,0.099001,0.099513,0.027749,-0.082766,-0.0063262,-0.042793,-0.019513,0.0031337,0.02851,0.078879,-0.034995,-0.027573,-0.12797,-0.05572,-0.031379,0.0079757,0.0028161,0.0257,-0.070048,0.086942,0.12174,0.14703,0.058033,0.065127,0.096766,0.040369,0.043378,0.12609,0.0029255,0.051463,0.096375,-0.066299,0.074335,-0.030195,0.002366,-0.27439,-0.014383,0.050087,-0.12577,0.091221
0.01617,0.033571,-0.035874,-0.035698,-0.11062,0.20636,-0.10756,0.26405,0.29772,0.024897,-0.11461,-0.047457,0.20059,0.021171,0.062079,-0.075399,0.074349,0.12353,0.18378,0.063188,-0.074907,-0.056882,0.04393,0.061375,-0.035054,-0.12338,-0.0047005,0.13378,-0.10878,-0.068893,-0.34512,0.14235,0.040865,-0.067888,0.060409,0.041403,0.088892,0.078005,0.061616,-0.020977,-0.26936,0.019237,0.12463,0.052503,-0.1209,0.15108,-0.037383,-0.051058,-0.17033,-0.06314,0.0059322,-0.063913,-0.060269,-0.045816,-0.10922,-0.050224,-0.11349,0.085857,-0.078131,0.011647,-0.15936,0.034722,0.018198,0.043936,0.0096188,0.036,0.087478,0.024189,0.0014361,-0.01914,0.082567,-0.035529,0.042424,0.062037,0.081846,0.21437,-0.095998,-0.15059,-0.0038968,-0.021248,0.076348,0.046758,0.02131,0.078971,-0.20611,-0.011841,-0.017582,-0.02664,0.070545,0.080786,-0.086005,0.0038121,0.14175,0.11566,-0.0045688,0.032049,-0.18025,-0.1004,-0.026807,-0.11781
-0.042875,-0.04993,-0.016757,-0.063004,-0.069471,-0.06701,-0.047855,-0.15401,-0.011733,0.040664,0.089676,-0.037291,0.032738,0.022398,0.038473,-0.10933,-0.089035,-0.064151,-0.052571,0.12883,-0.019279,-0.068669,0.10267,-0.0037454,0.11591,0.12629,-0.18102,-0.088549,0.080649,0.03096,-0.015772,-0.034329,0.020248,-0.011514,0.062827,-0.064943,0.057486,-0.11609,0.03521,0.11665,-0.12151,-0.063452,-0.066168,-0.1726,-0.16792,-0.19745,0.10223,-0.11977,0.057331,-0.023102,0.19739,0.048449,-0.22999,0.042813,0.050096,0.08213,0.11312,-0.0026179,-0.0092019,-0.1319,-0.033546,-0.14545,0.014212,0.011017,0.11941,-0.11225,-0.14842,-0.054299,0.093815,-0.09265,-0.036418,0.0629,-0.1985,0.13254,-0.084583,0.013325,0.13924,0.12793,-0.10962,-0.0091037,0.021876,0.0008104,-0.098393,-0.027427,0.083479,0.2667,-0.1007,-0.15777,-0.091545,-0.037948,-0.11364,-0.076015,0.1028,0.0033561,0.11102,-0.032433,-0.12992,0.076174,0.074121,0.053297
-0.0010698,0.017467,-0.16801,0.14142,-0.096679,-0.28012,-0.063241,0.011905,0.095103,-0.20849,0.11507,-0.06905,-0.15382,0.013406,0.011853,0.10816,-0.21129,0.095091,-0.0051688,-0.039396,0.0048843,-0.014549,0.18769,-0.030497,-0.065987,-0.0017967,-0.1072,0.12974,0.089649,0.12539,0.081123,-0.049244,-0.051203,0.083593,0.11386,-0.035073,0.048446,-0.044227,0.21488,-0.079003,0.023036,-0.04782,0.022787,0.033975,0.059936,0.099789,-0.0014713,0.13261,0.083108,0.020792,-0.042113,0.084988,-0.027431,0.046349,-0.019171,-0.06082,0.029858,0.025614,0.10378,-0.03973,-0.036235,-0.16141,0.044792,-0.0089728,-0.032388,0.092255,-0.096195,-0.031092,0.13898,0.051115,-0.04981,-0.088423,0.070967,0.055705,0.098038,0.1015,0.12274,0.053248,0.30516,-0.12343,-0.0033164,0.034657,0.13888,-0.025104,-0.08599,0.052611,-0.038347,0.080926,-0.0065852,0.034999,0.070258,-0.10851,0.039885,0.062137,0.12325,-0.0075928,0.070977,-0.074016,0.092617,-0.13071
-0.19335,0.042693,0.050207,0.04142,-0.16778,0.14035,0.019423,4.9686e-05,-0.11547,0.094465,-0.0090912,0.056535,-0.020788,0.085285,-0.13705,-0.022252,0.089179,0.085484,-0.075598,-0.050627,-0.058358,0.00021763,0.07812,-0.030922,-0.096721,0.0088265,-0.037084,-0.026981,0.065606,0.095993,0.015369,-0.002375,0.01216,0.14925,-0.066089,0.0026975,0.15038,0.0040884,-0.14363,0.13224,0.16919,-0.07604,0.14226,0.0074848,-0.094383,-0.19154,-0.058788,0.081099,0.23195,0.025199,-0.063395,-0.14096,-0.0099071,-0.116,0.066063,-0.097794,-0.086072,0.016812,-0.063258,0.042471,-0.052497,-0.037451,-0.12862,-0.14381,-0.10668,0.086474,-0.16556,0.068392,-0.095658,0.035247,0.05012,-0.15268,-0.0048508,-0.077266,0.15318,0.010274,-0.069257,0.18146,-0.15904,-0.011114,0.1727,0.18787,0.11794,-0.013193,0.031729,0.056183,-0.050858,0.031485,0.14116,-0.11116,0.030447,0.019346,0.00057516,0.045323,0.10573,-0.056745,0.14205,0.088712,0.00031452,-0.15564
-0.039124,0.0023802,0.077928,-0.016334,0.14254,-0.14057,0.058041,0.023982,0.01859,0.15651,0.02339,0.22494,-0.10741,0.055986,-0.20771,-0.12753,-0.14234,-0.00014489,-0.16121,0.0055307,0.024442,0.12741,-0.19038,0.21571,-0.027951,-0.13152,0.041887,-0.064323,0.12917,0.077805,0.19081,0.031383,-0.12445,-0.1591,-0.10306,-0.01407,-0.10731,-0.027685,-0.044864,0.1361,0.048656,-0.056416,-0.031619,0.1042,0.025811,-0.095276,0.017917,-0.081231,-0.096384,-0.12549,-0.050473,-0.15217,0.092748,-0.11147,0.076899,0.16442,0.016845,0.14422,0.040899,-0.095547,-0.0050699,-0.035012,0.044616,-0.12158,0.19287,0.10657,-0.081144,0.0095,-0.055764,0.031012,-0.19627,0.029452,-0.053139,-0.0743,0.026868,-0.077625,-6.5573e-05,0.064281,0.22965,0.044332,-0.10224,0.14978,-0.1017,-0.0031789,0.0052404,0.18932,-0.13927,-0.034644,0.019179,-0.12037,-0.10787,-0.172,-0.14472,-0.068539,0.038203,-0.068851,0.11371,0.060345,0.099837,0.10954
-0.015121,-0.12972,-0.0074579,0.16748,0.053676,0.17993,-0.042352,0.032927,-0.0053195,-0.16955,0.1981,-0.0045424,0.048939,-0.025215,0.0019411,-0.1634,-0.057964,-0.12197,-0.13172,-0.10868,0.085433,-0.046723,-0.043733,0.013953,-0.066654,-0.056829,-0.17922,0.050723,0.06577,-0.064514,-0.021171,-0.058544,-0.03468,0.02612,-0.20883,-0.028939,-0.0030098,0.11698,0.22686,-0.014456,-0.047331,-0.052193,-0.046048,-0.10131,0.013906,-0.19084,-0.045733,0.11077,0.060989,0.016169,-0.060293,-0.11014,0.063322,-0.023223,-0.031618,0.33171,-0.11157,-0.14913,0.050163,0.036168,0.06399,-0.058534,0.038166,0.065667,0.12119,0.011081,-0.08928,-0.0046462,0.1083,0.14701,0.05293,0.018716,0.11681,0.091031,-0.11759,0.080298,0.1497,-0.078041,0.11935,0.015546,0.1228,0.12824,0.018649,-0.15531,0.058062,-0.0047734,-0.1995,-0.019301,-0.028932,0.064207,-0.040369,-0.084215,0.13005,0.2924,-0.07605,-0.078994,-0.05415,-0.081396,0.036325,-0.10651
-0.013793,-0.065741,0.095504,0.02004,0.04604,-0.059616,0.142,-0.10353,0.050547,0.045819,-0.042709,-0.0079453,-0.12859,-0.05968,0.03771,-0.11264,0.032171,0.043595,-0.063964,0.067955,-0.08368,0.049878,-0.0071349,-0.013748,0.10536,0.0069063,0.081021,-0.005471,0.075144,0.15845,-0.0065491,-0.019953,0.14278,0.043662,-0.13771,-0.075137,0.11369,-0.13469,0.10008,-0.020521,-0.039088,0.043615,-0.083423,-0.039187,-0.038141,-0.053196,0.096647,0.06643,0.054211,-0.1202,-0.004034,0.028987,0.24845,-0.20756,-0.077278,0.14883,-0.10883,0.106,0.023483,0.1094,-0.10382,0.068907,0.064464,-0.10719,-0.22551,0.049012,0.016547,0.026097,0.0085322,-0.050304,-0.012695,-0.012591,-0.013935,-0.14368,-0.046191,-0.028059,-0.12964,0.054675,-0.097071,0.080876,0.23579,-0.024115,-0.15272,0.047779,-0.051659,-0.10542,0.021474,0.23541,0.11494,-0.0021966,-0.074549,-0.032183,-0.072033,-0.19301,0.10228,0.091404,0.094993,0.16418,0.012852,-0.039279
0.016373,-0.014574,-0.066277,-0.078823,-0.15668,0.1377,0.1305,-0.019746,-0.16505,0.017891,-0.050292,-0.081354,0.10067,0.047411,0.00055562,0.0591,-0.14644,0.078467,-0.17179,-0.089127,-0.048395,0.15159,0.12447,0.056995,-0.20874,-0.042823,-0.026133,-0.013141,0.040388,-0.082069,0.27233,-0.0073812,-0.20216,-0.035217,0.036,-0.10164,0.12224,-0.030511,0.0040374,-0.050525,-0.084757,0.16655,0.18997,0.032872,-0.20476,0.012198,-0.055148,-0.13409,0.10838,0.058697,-0.061555,0.056994,-0.10715,0.051949,0.013847,0.020104,0.015551,-0.02495,-0.10434,0.13232,0.025296,-0.1217,-0.19316,0.086929,0.034755,-0.051466,-0.075913,-0.046385,-0.035849,-0.04905,0.093672,-0.16223,-0.21176,0.028032,0.010787,0.025247,-0.023362,-0.13454,0.10292,0.17427,-0.0088282,-0.0026198,0.012662,-0.028169,0.1054,-0.010463,0.060043,-0.047792,-0.22801,0.031695,0.21476,-0.087911,0.12628,-0.12512,0.057607,-0.025822,0.16942,0.033614,0.091425,0.21877
0.032283,0.11053,0.059204,0.1126,0.10699,-0.071868,0.20604,-0.0082804,-0.074855,-0.11974,0.26417,0.10422,-0.0082207,-0.056491,0.10455,-0.022306,0.11537,-0.020828,-0.035313,-0.095804,0.025825,0.0014278,0.13746,-0.0030934,0.19979,-0.075027,0.073232,0.11169,-0.04035,0.003906,-0.067685,-0.076605,0.0043555,0.053745,0.10307,-0.015065,0.010311,0.050452,0.11195,-0.07196,-0.051255,0.070366,0.040886,-0.0092919,-0.063327,-0.09213,0.11109,-0.18336,0.022182,0.058682,-0.057888,-0.1271,-0.068797,-0.02735,0.1193,0.13635,0.090144,0.079654,0.17534,-0.062541,0.024033,0.11658,0.057484,0.023181,-0.16328,0.085239,-0.16515,0.041177,0.014948,0.18995,0.052373,0.13907,0.093203,-0.026415,-0.12422,-0.083179,-0.09736,0.022035,0.033433,-0.1444,0.019957,0.075288,-0.018631,-0.042008,0.081479,-0.10209,-0.01402,0.12381,-0.00772,0.09506,0.1347,0.029435,0.038125,-0.12055,-0.0060257,-0.0090733,-0.048237,0.11174,-0.086212,0.11844
0.039177,0.12693,0.067841,-0.07968,-0.093093,-0.15313,0.00093629,-0.049019,-0.038402,0.067195,-0.087815,-0.020544,-0.03726,-0.24012,-0.12365,-0.0095688,-0.028865,0.038406,-0.11795,-0.088524,0.0010276,0.17466,-0.03591,0.077013,0.025552,0.013472,0.12684,0.037765,0.024533,0.011526,-0.024201,0.064602,-0.18709,-0.04379,0.013353,-0.015587,0.073877,-0.10506,0.11484,-0.0084169,-0.02735,0.204,0.036908,0.16786,-0.078452,-0.086332,-0.082065,0.08061,0.076334,-0.035836,0.054608,-0.14824,-0.0025464,0.052873,-0.040114,-0.1414,-0.23272,0.14484,-0.10739,0.017696,-0.090679,0.056407,0.10148,0.10363,0.20602,-0.14293,-0.093603,0.054754,0.048153,0.028801,0.0016518,0.1462,-0.11598,-0.0208,-0.088712,0.020869,-0.010082,0.048731,-0.094689,0.1208,0.30369,-0.063934,-0.10373,0.015682,0.069989,0.089942,0.038067,0.006628,-0.20228,0.072128,0.027979,0.025865,-0.084347,0.11398,-0.019983,0.002317,-0.06288,-0.018945,0.031591,-0.027926
0.010176,-0.010918,-0.077429,-0.024097,-0.063348,0.07978,-0.14057,0.12365,-0.13043,0.046726,0.022079,0.066238,-0.06168,0.028961,0.14493,0.034864,0.10387,0.14222,-0.046709,0.060983,0.057945,0.0095243,0.22296,0.098134,-0.065959,-0.03406,0.19478,0.047478,-0.068842,-0.065422,-0.016172,-0.043356,-0.036113,-0.015088,-0.10926,0.053668,-0.02883,-0.053536,0.056984,-0.04369,0.11191,0.090838,0.09626,-0.0031519,-0.08789,0.059786,0.11906,0.10171,0.069347,0.091182,-0.22329,-0.032489,-0.096958,0.012158,0.14458,0.11153,0.075069,0.021481,0.10321,0.021363,-0.13122,0.047292,0.063432,-0.20111,-0.033173,-0.12839,0.031909,-0.0044696,0.20058,0.16497,0.058222,0.068852,0.040835,-0.0036281,0.077118,0.046519,0.21228,0.0082557,0.00041309,-0.095227,-0.098819,-0.035876,0.060682,-0.070377,-0.0033804,-0.17195,0.12154,-0.1137,0.03925,-0.074327,-0.16814,-0.1753,0.060863,0.25915,0.036777,0.22508,-0.031348,-0.1024,-0.0026246,0.065312
0.083577,0.038134,-0.012261,0.086073,0.087324,0.028933,-0.043865,-0.013245,-0.021643,-0.056286,0.068894,0.086069,-0.049401,-0.11665,-0.037932,0.02039,0.062276,0.096139,-0.19396,-0.10928,-0.091283,-0.066568,-0.0019692,0.008425,-0.11614,-0.12447,-0.13423,0.14217,0.12594,-0.068763,0.072639,-0.10863,0.023588,-0.083819,-0.050084,0.030301,-0.047592,0.12377,0.033335,0.047571,0.043963,0.0022833,0.04577,-0.064142,0.0096995,0.072589,0.19382,0.010702,0.051223,0.063061,0.1147,0.13025,0.072703,-0.0060853,0.08631,-0.16874,-0.052455,0.056864,-0.10749,0.045969,0.081464,0.11768,-0.2128,-0.048731,-0.092189,0.10142,0.11633,-0.063382,-0.0021618,-0.040772,-0.13216,-0.073331,0.17721,0.18505,-0.11913,0.090169,-0.0064179,0.089685,0.070186,-0.2487,-0.049908,0.085825,-0.027807,0.19971,-0.17745,0.04526,0.055011,0.07571,-0.062916,0.038082,0.088479,0.0023278,0.12412,0.22549,0.080719,-0.13004,-0.01627,-0.11701,0.13189,0.087593
-0.059938,0.010304,-0.13213,-0.0012642,0.094618,-0.20499,0.042471,-0.070987,0.084889,-0.084395,-0.26905,0.10034,0.0082475,0.12014,-0.079707,-0.053369,0.031449,0.059266,-0.19551,-0.016256,0.02222,-0.11225,2.0685e-05,0.022857,-0.031669,0.17597,-0.18481,0.10462,-0.098216,0.0036686,-0.12913,0.2866,0.097192,0.10642,-0.034209,-0.2254,0.10041,0.0060559,-0.027629,-0.010071,0.085951,-0.12072,0.11092,0.0031405,-0.001863,0.17455,0.069429,0.057752,-0.034478,-0.096128,-0.25551,0.017273,-0.091749,-0.020358,-0.084477,-0.015373,0.15457,-0.11609,-0.0037586,-0.11367,0.09274,-0.059354,-0.021332,-0.11687,0.16254,-0.061519,-0.00050827,-0.1267,-0.14982,0.067637,-0.1049,0.077192,-0.051132,-0.054345,-0.032322,-0.077378,0.042258,0.14466,-0.060952,0.037406,0.014524,0.058903,-0.087506,-0.045397,0.14181,0.020797,0.077799,0.017589,-0.026202,-0.0039829,-0.04143,0.17998,-0.18878,-0.028006,-0.0011564,0.05254,0.034446,-0.19275,-0.03362,0.11217
0.012777,-0.20513,0.057661,-0.022926,-0.042025,-0.11633,-0.020086,0.15997,-0.11501,-0.090064,-0.10294,0.16038,-0.12364,-0.14951,-0.063409,0.058344,0.051708,-0.031811,-0.033725,-0.04987,-0.063099,0.084402,0.091181,0.16792,0.035659,0.069645,-0.088448,-0.11586,0.13803,0.17873,0.045538,-0.080154,-0.1088,-0.23401,-0.0062286,-0.05775,-0.015894,0.024397,-0.027894,0.076201,-0.10816,-0.072851,0.0056349,0.077748,-0.065791,0.015395,-0.018356,-0.076236,-0.13359,-0.081104,0.16411,0.011076,0.025938,0.11668,0.26932,0.089467,-0.06355,0.18568,0.16095,0.13394,0.079166,0.014541,-0.01911,-0.02151,-0.17418,0.0069749,0.0085501,-0.033221,0.076049,0.22522,-0.092096,0.099322,0.15168,-0.16571,0.010945,-0.090774,-0.036608,0.041935,0.13128,-0.089663,0.079789,-0.075662,-0.040943,-0.02863,0.12375,-0.0061832,0.073192,0.089866,0.023234,-0.053575,0.039712,-0.017982,0.069891,-0.14326,7.6522e-05,0.15381,-0.13311,0.0076155,0.19061,-0.11716
0.091312,0.054025,-0.1354,0.046645,-0.026393,0.073236,0.22336,-0.060773,0.11284,0.098634,0.06436,0.057133,0.041691,-0.1308,0.035549,-0.022521,0.070515,0.089202,0.14702,0.025113,-0.093077,0.13391,0.081516,0.021315,-0.079853,0.044805,-0.015899,0.11052,0.11295,-0.052687,0.1484,-0.10142,0.085926,-0.0038135,-0.033724,-0.18977,0.11742,-0.0011897,-0.082618,-0.10564,-0.023373,-0.0051372,0.054085,-0.19517,-0.018568,-0.064466,0.030261,-0.19442,0.1695,-0.072222,-0.086029,0.13668,-0.041872,-0.14272,-0.13146,0.17248,-0.073179,0.019339,0.085777,-0.10688,-0.14853,0.12014,0.051624,0.049309,0.012112,-0.013243,-0.06324,0.016679,-0.042037,-0.11293,-0.018445,0.0027832,0.011245,0.0735,0.047013,-0.001183,0.088934,-0.14679,0.042633,0.062715,-0.10852,0.053883,-0.047932,-0.039344,0.17788,-0.058067,0.0028503,0.0025833,-0.024174,-0.067054,-0.030194,0.14817,-0.16353,0.076299,-0.10613,0.056447,-0.067831,0.061381,0.066815,-0.04112
-0.13136,-0.10059,-0.089222,-0.038833,-0.051873,-0.0071532,-0.20107,0.18365,0.023186,0.13532,0.044654,-0.01429,-0.11106,0.057639,-0.01247,-0.042942,-0.036449,0.0059706,-0.12675,0.0504,0.16037,0.052997,0.057406,-0.19012,0.070933,-0.099348,-0.11216,-0.038938,0.12019,-0.014901,-0.060335,-0.049428,0.066625,-0.1857,0.032478,0.0229,0.011812,0.055346,-0.022249,-0.037222,0.11795,-0.032601,0.060557,-0.049327,0.031312,0.076406,0.079976,-0.016446,0.014315,0.098563,-0.10182,-0.13877,0.064662,0.073674,-0.15897,-0.20925,0.015667,0.011829,-0.026337,0.0060485,0.095301,-0.15958,-0.082228,0.047531,0.054321,-0.047586,-0.0051223,0.018499,-0.13061,0.17162,-0.072079,0.1043,-0.21836,0.0491,0.012001,0.053328,0.13402,-0.23473,0.044913,-0.0059527,0.025715,-0.084055,0.10976,0.095053,0.16344,-0.041166,0.046414,-0.083683,0.0050496,0.060423,-0.0056185,0.086621,-0.036594,-0.042744,-0.11667,0.022593,-0.0075251,-0.0042086,-0.055606,-0.033489
0.12381,-0.071747,0.13688,-0.012158,0.0036204,-0.13245,0.02327,0.083898,-0.0046505,0.21308,0.038529,-0.029679,0.050182,0.10964,-0.058172,-0.00080236,-0.059519,-0.2072,0.062862,-0.063466,0.10394,0.13136,-0.137,-0.14734,-0.073814,-0.17328,-0.13958,0.088422,-0.1464,-0.08915,-0.025505,-0.027613,0.0043043,-0.0031792,0.097588,-0.15543,-0.0078783,0.050076,-0.054237,0.03731,0.045471,-0.06824,0.035565,-0.067754,-0.029218,0.025927,-0.13605,0.0072846,0.084132,-0.03286,0.060395,-0.012637,0.099377,0.01126,0.081179,0.082526,-0.0094793,0.091436,-0.1507,-0.040433,-0.018448,0.059867,-0.052706,0.027772,0.043232,-0.017403,0.095641,-0.10217,-0.048818,0.03532,0.12038,-0.079611,0.096657,0.013733,-0.19639,0.07566,-0.12805,-0.011286,0.20554,-0.088524,-0.044654,0.056851,-0.009295,0.064677,-0.073628,0.017762,0.047581,-0.027404,0.031193,-0.070525,-0.14441,-0.11847,0.13696,-0.11081,0.029903,0.032234,0.001887,-0.09828,-0.062889,-0.0375
0.088114,-0.077296,0.011894,-0.00090767,-0.095795,0.1042,-0.28135,0.2084,0.0001628,-0.050747,-0.080104,0.098476,0.093974,-0.1468,0.0058635,-0.001874,-0.18711,0.01153,-0.052559,-0.052198,-0.12639,0.16596,0.034789,-0.045564,0.13531,0.028476,0.078363,-0.057445,-0.041931,-0.076233,0.055284,-0.12832,0.023209,0.22388,0.068499,-0.019244,-0.021081,-0.069817,0.059791,0.063863,-0.022392,-0.16079,0.029638,0.18936,-0.036699,0.010121,-0.089563,-0.019186,0.17724,-0.027913,0.050448,0.050139,0.14591,0.0023456,0.052804,0.020599,-0.046584,-0.07299,0.036687,0.08326,-0.13868,0.00021605,0.042124,0.05314,0.078572,-0.10054,0.023318,-0.013228,0.12007,-0.15936,-0.10235,-0.16854,-0.0095306,0.087255,0.12533,-0.096881,-0.015185,-0.041942,0.15959,-0.0036467,-0.087938,0.070365,-0.0062432,0.053418,0.050569,0.06221,0.035605,0.14612,0.09718,0.024082,0.066991,0.12026,-0.1499,-0.17541,0.14829,-0.061648,-0.12674,-0.061209,0.065816,0.012146
-0.025459,0.17632,0.02057,-0.18586,0.010518,0.0065364,0.025244,-0.04412,0.056182,0.067813,0.14068,-0.023143,-0.09761,0.21836,-0.05147,-0.1485,0.12202,0.038101,0.070852,0.019149,0.1235,0.16883,-0.024293,0.05145,-0.10365,0.015528,0.097251,-0.065559,0.096233,-0.015756,-0.032453,0.14555,-0.1173,0.061399,-0.010281,-0.0024546,-0.10137,-0.052799,-0.031239,-0.040094,0.025004,0.010181,-0.25069,-0.10737,-0.076391,-0.06205,0.023494,0.050274,-0.033742,-0.0051124,0.040816,-0.18581,-0.05373,-0.14666,0.02977,-0.03141,-0.13933,0.095064,0.027379,0.056849,-0.025015,-0.02051,0.026422,-0.21409,-0.0093359,0.090091,0.16608,0.13165,-0.072307,0.1764,-0.021519,0.079537,0.18988,0.12757,0.030469,0.052844,0.0087648,-0.092914,0.095095,0.055484,-0.11281,0.009856,0.20471,-0.11047,0.11613,-0.0030489,0.016001,0.098873,-0.16553,-0.070055,-0.075977,0.21941,-0.02793,0.11589,0.05602,0.021467,-0.18161,0.12599,0.103,0.068503
0.024056,0.04356,0.067819,-0.0085622,-0.07637,-0.19574,0.026361,-0.10033,-0.004797,-0.0026974,0.068896,0.16651,-0.029359,0.011728,-0.001096,-0.081623,-0.1148,-0.067087,0.10261,-0.11616,-0.012978,-0.040518,-0.20345,-0.054635,-0.22485,0.061397,0.00099246,0.12831,-0.037582,-0.024889,-0.10317,0.06778,0.03099,0.12227,0.07697,-0.0042002,0.065994,-0.084087,0.002698,-0.05891,0.021933,-0.064064,-0.14021,0.19899,-0.067436,0.16107,-0.012903,0.081344,-0.03429,-0.091388,-0.047774,-0.10482,0.086639,-0.058924,-0.147,0.096493,0.00231,-0.087613,0.01667,0.027809,0.25744,0.22857,-0.084844,0.05532,-0.038337,0.042565,-0.015331,0.12249,-0.053002,-0.033764,-0.00086101,-0.019802,-0.009415,0.18843,0.077846,-0.089989,-0.033119,-0.061276,0.21075,0.044597,-0.20043,0.061052,0.12823,0.061289,-0.025565,0.045624,0.050899,0.0027935,-0.029233,0.059951,0.031367,-0.059125,-0.11429,0.019852,-0.035354,0.08027,0.0073975,0.0059308,0.048406,0.052693
-0.14849,0.0023993,-0.070341,0.077702,-0.013837,0.0091127,-0.25428,-0.11904,-0.093129,0.1021,-0.15018,-0.11902,-0.04791,0.086709,-0.0023086,-0.03073,-0.14717,0.13911,0.0004247,-0.044907,0.029189,-0.042119,0.060182,0.026443,0.15369,0.021838,0.13833,-0.1209,0.093651,-0.10619,0.032779,0.081419,0.077621,-0.066445,-0.16554,0.095934,0.058658,0.13017,-0.018455,0.062051,0.13372,0.02181,0.0476,-0.14904,-0.053053,0.014015,-0.089929,0.068166,0.0045492,-0.18648,0.087964,-0.042615,-0.096804,-0.05585,-0.0737,-0.00085281,-0.22662,-0.0084457,-0.1313,-0.11172,0.036111,0.12096,0.066073,0.13858,-0.059899,0.18691,-0.13154,0.13656,-0.032504,0.0094241,0.042407,-0.11111,-0.17794,-0.06434,0.1389,0.21632,0.062305,-0.036764,-0.076778,-0.31614,-0.12574,-0.099954,-0.098479,-0.060915,-0.11907,-0.09125,0.07319,0.024093,0.17108,-0.057564,0.033058,0.010994,0.026828,0.067138,-0.058674,-0.052659,0.0065708,0.017058,0.17047,-0.098189
-0.060154,0.063055,0.061953,-0.04486,-0.080553,0.03844,0.10597,-0.0022956,-0.040571,0.11895,0.099661,0.076476,-0.011643,0.0012936,0.031003,-0.17752,0.14685,0.032293,0.13485,-0.07699,-0.066696,-0.11602,0.0060468,-0.09126,-0.013554,0.014407,-0.030061,-0.025296,0.037555,-0.099104,0.084624,0.24824,-0.1717,-0.11912,-0.057599,-0.037474,0.049924,0.09876,-0.13454,0.039706,0.023848,0.14531,0.098744,0.13896,-0.072223,0.0095016,-0.072723,-0.0011497,-0.14827,0.044166,0.14433,-0.047948,0.24649,0.097818,-0.1145,0.087761,0.11353,-0.080533,0.0091455,0.080048,0.021725,0.0070611,-0.053186,0.0083023,-0.038681,0.089238,-0.10678,-0.10537,0.062398,-0.16641,-0.061964,0.074252,0.11695,0.092184,-0.062687,0.21974,-0.0025175,-0.028049,-0.0058113,0.15542,-0.00082342,-0.043902,-0.2067,-0.081494,0.1835,-0.063159,-0.040485,0.19084,0.13396,-0.027717,-0.047329,-0.098932,0.0065177,-0.050553,0.096198,-0.06693,0.013321,-0.069025,-0.076421,-0.056753
-0.070147,0.068547,0.010839,-0.10758,-0.046687,0.0038068,0.061923,-0.1239,0.050816,-0.10555,0.0093946,0.19001,0.14654,-0.10297,-0.069305,-0.03861,0.037264,0.13112,0.0132,-0.014504,-0.023,0.15206,-0.11054,-0.035381,0.18299,-0.17717,-0.0076007,0.24819,-0.011762,0.022641,-0.007073,-0.019418,-0.0011481,0.060301,0.12414,0.066086,0.034073,-0.065669,0.055036,0.099376,0.0088221,-0.163,0.022976,0.0090698,0.064387,0.18977,-0.067937,-0.093229,0.031724,-0.25587,-0.0016997,-0.1004,-0.15124,0.1458,0.18046,0.030371,-0.020064,0.084035,0.018709,-0.17293,0.0047426,-0.21169,-0.1128,-0.089138,0.053077,-0.012188,0.022113,-0.0092682,0.10309,-0.0029161,-0.071259,-0.031682,0.074158,-0.032051,-0.01631,0.045619,0.040078,-0.084737,0.088177,0.021793,-0.045174,0.14464,0.012239,0.031182,-0.032258,-0.076134,-0.22639,-0.26382,-0.011689,0.058775,0.20279,-0.0062014,0.080567,0.1119,0.17535,-0.18226,-0.024287,0.076205,0.093892,-0.025836
0.10071,-0.20421,-0.085697,0.066353,0.075001,-0.098551,-0.026759,0.16282,-0.025421,-0.079085,-0.084628,0.051039,0.088802,0.093271,-0.0031883,0.079171,0.083316,0.039486,-0.098295,-0.13182,0.051437,0.10119,-0.10782,-0.064175,-0.057804,-0.0015619,-0.11969,-0.098093,0.13122,-0.055049,0.082206,0.016216,-0.11375,0.14771,0.01288,-0.032268,0.0071947,-0.085255,0.15375,0.069704,-0.088318,0.16263,0.03806,-0.14563,0.02649,-0.007449,0.016365,-0.062441,0.13175,0.1254,-0.035031,0.099733,0.12224,0.035251,0.13959,-0.089617,-0.011696,-0.083795,0.043512,0.093221,0.011841,0.019363,-0.086072,0.27964,0.12922,0.05664,0.1178,-0.14368,-0.062263,0.0065218,0.12412,-0.012494,0.01312,0.13991,0.089459,-0.055335,0.15571,-0.082369,-0.21285,-0.0095857,0.016679,-0.033145,0.22019,-0.041111,0.045395,0.24171,0.011591,0.031139,-0.069104,-0.15191,-0.074644,0.15308,-0.1158,0.078825,0.18664,-0.016375,0.036647,-0.0096735,-0.042407,0.09011
-0.21209,-0.14185,-0.1809,0.060713,0.14691,-0.017975,0.055918,-0.037604,0.05344,-0.045632,-0.085053,-0.2423,-0.14319,0.0036021,-0.042222,0.097713,0.10156,0.077453,0.093752,0.15577,-0.038917,-0.061558,0.031601,-0.050591,-0.084821,0.12405,0.049841,0.079194,-0.08361,-0.10266,-0.012633,0.19395,0.18349,0.047565,-0.11676,0.0092333,-0.02577,-0.17188,0.0228,0.067061,-0.063481,0.072306,-0.21544,-0.0015586,0.13576,-0.16302,0.080091,0.059708,-0.021759,-0.05978,-0.17122,0.071555,-0.10159,0.02639,-0.030918,-0.036004,-0.027216,0.043209,0.078766,-0.01232,-0.02242,0.076631,-0.11374,-0.14367,-0.14336,0.059468,0.068647,-0.041058,0.0061641,-0.14343,-0.01262,0.22532,0.10294,0.14607,0.062661,0.058851,-0.012032,-0.060776,0.048071,-0.011576,-0.12162,0.057171,0.22071,-0.075474,0.1333,-0.041928,-0.17163,-0.085894,-0.14421,-0.00035353,0.13804,0.07421,-0.064026,-0.22843,0.017474,-0.0059834,-0.075043,0.31645,0.16518,0.065748
0.14955,-0.084025,0.18469,0.032486,-0.17842,-0.088233,-0.0057474,0.079737,0.0893,-0.26158,0.021591,0.09737,-0.13064,-0.0036022,-0.13368,-0.24894,-0.054156,0.10742,-0.24689,-0.0092091,-0.065259,0.10113,-0.24096,0.050601,0.083383,0.21535,-0.016422,-0.032715,-0.025562,0.034221,-0.00088427,-0.07508,-0.0064688,0.053896,0.015934,-0.023769,0.065559,-0.034251,0.051369,0.081666,0.056214,-0.074904,0.1205,-0.081928,0.018479,-0.020962,-0.10447,-0.10919,0.078578,-0.085641,0.00059209,0.072054,0.0027739,0.093367,0.03013,-0.01671,-0.053151,0.12549,0.10219,-0.10765,-0.11612,0.10709,0.02506,-0.057316,0.18486,0.062794,-0.068159,-0.012469,0.020009,-0.004941,-0.18285,-0.0064798,0.14453,0.0076832,-0.017264,0.074639,-0.064356,0.021016,0.10195,-0.06001,-0.022825,0.09545,-0.034092,-0.1842,0.044425,0.02097,0.14858,0.042987,0.035986,-0.053647,-0.0082092,-0.19571,-0.10829,0.022195,0.099572,0.051933,-0.013697,-0.13074,-0.093852,-0.062991
0.087093,-0.072911,0.11809,-0.095448,0.022309,-0.060363,-0.079294,-0.074342,0.11962,0.16095,-0.10995,0.046013,-0.030814,-0.020165,-0.027552,0.08061,0.074964,-0.038294,0.20037,0.15794,-0.0091541,0.13206,0.15324,-0.025059,-0.095911,0.16162,0.011834,-0.016583,0.083601,0.032231,-0.052067,0.019547,0.0027771,0.0011618,0.16224,0.020655,-0.020932,0.10529,0.062702,-0.027248,0.22141,0.1107,0.1341,0.033717,-0.05622,0.086391,0.050678,-0.029214,0.11231,0.16458,0.017375,-0.011788,0.01839,-0.073696,-0.1421,0.054119,0.0030011,0.023401,0.24233,-0.070948,-0.090094,0.079516,-0.022525,0.066719,0.0025132,-0.097207,0.043435,-0.025526,0.048311,-0.025157,-0.057731,-0.075661,0.094923,-0.0026401,-0.085796,-0.11298,-0.037846,0.14568,0.0234,-0.083096,0.14413,-0.065614,0.028813,-0.10757,0.065784,0.017304,-0.0019857,-0.17818,0.089109,0.11473,0.083504,-0.015453,-0.023102,0.050818,0.024121,0.10569,-0.084321,-0.025238,-0.16805,-0.06528
0.090707,-0.078367,-0.12741,-0.060247,-0.0059912,0.034658,-0.033156,0.034005,0.048707,0.0062688,-0.1296,-0.062495,-0.036388,0.019865,-0.04687,-0.073402,0.17555,0.061832,-0.057494,-0.070557,0.055233,0.026767,0.21228,0.021054,0.056811,0.050461,0.0014371,0.023903,-0.12163,0.0081325,0.052299,0.010052,0.011692,-0.037908,0.049329,-0.16924,0.025567,-0.054361,0.041184,-0.21791,0.16298,-0.14985,0.03266,-0.11669,-0.020849,-0.0029354,-0.019066,0.097193,0.026124,-0.25488,0.07092,0.12208,-0.063029,-0.023231,0.10382,-0.12067,-0.0166,0.21567,-0.096375,-0.12218,-0.18533,0.072919,0.36529,-0.045646,-0.012618,-0.058437,-0.060103,-0.066204,-0.10896,-0.045162,-0.10953,0.1596,0.2364,-0.011947,0.051594,-0.11474,-0.053246,-0.027484,0.071722,0.0053727,0.12597,0.055116,-0.1051,-0.18303,0.11647,0.079741,0.15466,0.060591,-0.24421,-0.13024,0.060331,-0.14383,-0.03601,0.0008477,0.012299,0.086971,-0.010946,-0.10296,-0.072568,-0.087022
0.017492,-0.090461,0.042984,-0.081076,0.063202,0.021798,0.038668,-0.082949,0.22209,0.045303,-0.12585,0.04434,0.087087,0.044548,0.056603,-0.069287,-0.0085003,-0.12829,0.038836,0.049646,0.16295,-0.16544,-0.1237,-0.036965,-0.020929,0.058458,0.095835,-0.11428,0.091398,-0.058467,0.007634,-0.2281,0.06634,0.11203,0.18379,0.010152,0.11747,-0.0018788,0.11979,-0.015304,0.1218,-0.0033949,-0.042272,-0.11801,0.13361,0.027229,0.017402,0.062283,0.15751,-0.032857,0.1097,0.10936,-0.0035331,0.19641,0.033817,0.10845,0.061852,0.088112,0.13873,-0.064469,0.045108,0.015457,-0.08066,-0.085248,-0.075958,-0.033938,0.032262,0.086464,-0.14632,0.060446,-0.059419,0.020368,-0.054765,-0.14055,-0.048177,-0.12497,-0.058908,0.030639,0.12469,0.21995,-0.0014043,0.064937,0.018101,-0.027403,-0.098956,-0.12964,-0.15003,0.014456,-0.050281,0.023729,0.11845,-0.077689,-0.070262,0.12909,-0.099237,0.017993,0.001315,0.0089013,0.01117,0.047308
-0.020375,0.025978,0.073726,-0.0079879,-0.072717,-0.0085974,0.1675,-0.045006,0.093058,0.14394,0.063728,-0.10252,0.092953,0.089026,-0.11597,0.2372,0.18141,0.11765,-0.21145,0.0049172,-0.013138,0.060299,0.17224,-0.10429,0.15433,-0.038686,0.018273,-0.10107,0.088012,0.10262,0.14258,-0.19694,0.06788,0.03026,0.041204,-0.099434,0.066815,-0.094463,0.15622,-0.061482,-0.0067159,0.12208,0.023726,0.042466,-0.096543,0.083642,-0.084163,0.010752,0.055495,0.16424,0.11237,0.015094,0.034527,-0.064651,0.054005,0.040445,-0.20211,-0.17,-0.038887,0.10518,-0.0020731,-0.062925,0.02716,-0.089848,0.046942,-0.073099,0.013424,-0.0034754,-0.0021969,-0.007617,-0.058884,0.093946,0.15482,0.035252,-0.20689,-0.05613,-0.15413,-0.16067,-0.021395,0.039836,0.086137,0.024058,0.1306,0.075893,-0.040542,-0.09776,0.038203,0.15232,-0.028188,0.00016099,-0.092157,-0.13596,0.04647,-0.048324,-0.037638,0.072047,-0.12829,-0.18362,-0.025709,0.24259
0.080399,-0.028878,-0.02829,0.077223,0.061663,0.050969,-0.07191,0.094344,-0.054662,-0.0342,-0.0048861,-0.010071,-0.15726,-0.058191,-0.058548,-0.048677,0.027527,-0.040638,0.13247,0.089754,0.001086,-0.01231,0.16544,0.067444,-0.088394,-0.042283,-0.14218,-0.14474,0.14653,0.052991,-0.11377,0.041216,0.10495,-0.032201,0.14033,-0.13319,-0.12079,-0.042496,0.054825,-0.14993,-0.0045766,-0.076931,-0.09416,0.020842,0.0018194,-0.14806,0.04395,0.1303,-0.1013,0.048203,-0.02416,0.033645,-0.10722,-0.11072,0.0072586,-0.035646,-0.0052834,0.13358,-0.040113,0.092517,0.2494,-0.025203,0.030497,0.10828,-0.24185,-0.15856,-0.037141,-0.17895,-0.13471,0.081922,0.047086,-0.087253,0.040705,0.087507,-0.094652,9.4503e-05,0.0068209,0.15989,-0.022815,-0.07072,-0.028213,-0.037114,0.024358,0.18923,-0.12133,-0.00014992,-0.10616,-0.0070482,0.019216,0.10239,-0.02344,0.12147,0.10636,-0.12595,0.092146,-0.054356,0.020653,0.17816,0.093963,-0.18608
-0.080759,-0.044728,-0.064765,-0.040407,0.010159,-0.073666,0.043483,0.024164,0.1144,0.15346,0.1167,0.1843,-0.027538,0.11776,-0.070001,0.2414,0.014849,-0.15436,0.082395,0.11171,0.15471,0.11242,-0.03977,0.017265,0.050617,0.050463,0.023143,-0.013183,0.02555,-0.11484,0.046906,0.16264,0.13772,0.0082825,-0.14609,-0.028682,0.01945,0.094526,0.040319,-0.12086,0.081016,-0.029999,-0.11658,-0.11166,0.05633,-0.1104,-0.03874,-0.013368,-0.083478,0.093348,0.07439,0.18919,-0.12864,-0.13269,0.04654,-0.11148,-0.09452,-0.087939,0.060279,-0.022451,-0.093538,0.068061,0.066557,0.075359,-0.010954,-0.011319,0.080915,0.028348,0.083185,0.06616,0.076074,-0.068441,-0.017316,0.035101,0.064192,-0.020879,0.11793,-0.032271,0.12018,-0.10093,0.095793,-0.031217,0.12082,-0.099351,-0.21235,-0.15258,-0.048649,-0.041594,0.0758,0.042112,0.088293,0.094794,0.086962,0.011454,-0.014652,0.026291,0.058238,0.13971,-0.11739,-0.13507
0.13803,-0.015904,-0.1056,0.02111,0.0055524,-0.058242,-0.0999,0.085031,0.00073489,-0.046812,0.058807,0.0033546,-0.18381,-0.0078277,-0.10762,-0.059545,0.076915,0.00032203,0.057665,-0.053492,0.15478,-0.1764,-0.060335,-0.087143,-0.1114,-0.17751,-0.043643,-0.025339,0.073124,0.0077362,-0.028285,0.027802,0.22718,0.007563,-0.045496,-0.22003,0.078269,-0.018998,-0.11797,-0.10902,0.14585,-0.079103,-0.16915,0.064358,0.080165,0.095408,0.039476,-0.036262,-0.075206,-0.17447,-0.068554,0.016001,-0.0069413,0.0081684,0.086229,0.12476,-0.19349,-0.097699,0.029296,0.06187,0.035375,-0.026085,0.0979,0.091228,-0.04517,-0.01148,-0.0071458,-0.081678,0.10603,0.047372,0.090726,0.14591,0.0019227,-0.083457,0.060241,-0.042162,-0.022386,0.050398,0.0054192,0.11842,-0.01172,-0.1114,-0.00093207,-0.004201,-0.15813,0.13771,-0.011456,0.082009,-0.09794,-0.085328,0.066481,-0.061812,-0.11518,-0.10185,-0.069389,-0.30416,-0.14938,-0.17594,0.14633,0.091079
-0.091704,-0.098295,0.096037,0.03216,-0.080332,-0.038067,0.15106,-0.036631,0.076877,-0.21195,0.03425,-0.055985,-0.015432,0.11068,0.12973,0.092282,0.11172,0.065166,0.04363,-0.12683,-0.13968,-0.08291,-0.080539,0.11582,-0.044668,0.013826,0.068877,-0.05937,0.043646,0.069052,0.051714,0.08573,-0.060656,-0.03545,0.081468,0.011509,-0.16769,0.022681,0.033258,0.053562,0.056938,-0.18873,-0.0033516,0.0016736,-0.082842,-0.034484,-0.2526,0.19287,0.040415,0.20285,-0.11921,-0.055118,-0.024481,-0.07812,0.021496,0.087487,-0.19731,-0.08438,-0.081904,0.0089249,-0.12445,-0.036617,-0.045885,0.055405,-0.085913,-0.011189,-0.26209,-0.030729,0.066429,0.13085,0.2061,-0.032623,-0.13826,0.046997,0.13002,-0.02102,-0.046916,0.065156,-0.15479,0.038009,-0.011981,0.0051035,-0.042946,0.16398,0.00092851,0.2348,-0.013826,0.1353,0.037811,-0.02038,0.073284,-0.0058064,-0.062529,-0.027492,0.065262,0.13419,0.074501,-0.026656,-0.08465,0.11762
-0.18535,-0.039024,0.20865,-0.0087631,0.21041,0.078904,-0.0086696,0.093607,-0.20079,-0.20693,-0.035132,0.12249,0.097244,0.035991,-0.0063034,0.067223,0.036097,0.054281,-0.13974,0.13619,-0.11952,-0.15991,-0.04099,0.051148,0.095448,-0.07159,-0.13187,-0.14726,0.10509,0.039079,0.025659,-0.012155,-0.084711,0.065765,-0.14873,0.045767,0.084407,-0.037049,0.10838,0.11132,0.15293,0.073933,0.1554,-0.02355,0.093329,-0.081573,0.027721,0.036132,-0.12541,0.11676,0.013452,0.034568,0.053341,-0.13726,-0.1357,0.065723,-0.12964,-0.0046064,-0.11208,0.12169,0.19474,-0.13376,0.0086953,-0.01134,0.059319,-0.044169,0.052958,0.09825,-0.037341,0.011603,-0.01462,-0.15485,0.023667,-0.12185,0.029239,-0.060004,-0.10582,-0.046222,0.14607,-0.041201,0.14603,0.10031,-0.20855,-0.17454,0.079373,0.012582,-0.03019,-0.055653,-0.081369,-0.065854,0.12174,-0.20746,-0.29405,0.020739,-0.21597,0.016333,-0.0026218,-0.11888,-0.07007,-0.14887
-0.11126,0.10169,-0.097223,0.085535,0.030013,-0.035051,0.061156,-0.10867,0.023268,0.0018733,0.053889,-0.059855,-0.064772,-0.064969,-0.093336,0.019595,-0.061585,0.093719,0.1534,-0.21537,-0.090782,-0.12123,-0.16695,-0.018713,0.0098399,0.018022,0.067482,0.16294,0.064755,-0.11826,0.010685,-0.20361,-0.019767,-0.1241,0.037701,-0.073666,-0.18782,-0.16494,-0.0082175,0.014982,-0.053459,0.0057053,-0.11352,-0.057767,0.0574,-0.11711,-0.092676,-0.020333,-0.041793,0.08159,0.11946,0.090217,0.072125,-0.016722,-0.083662,-0.077768,0.12415,0.038594,0.034756,-0.10227,0.083184,-0.054633,0.052417,0.10716,-0.065493,0.038115,0.033552,-0.056179,-0.0022215,0.081578,0.039018,0.083936,-0.011157,0.02073,0.0024041,0.17327,-0.25078,0.068254,-0.06678,0.099777,0.017746,-0.13643,0.1222,0.16869,-0.18167,-0.12118,-0.058749,-0.11589,-0.10455,-0.080067,-0.0097593,0.03468,-0.30103,0.013112,0.047827,0.030343,-0.0037466,-0.16271,-0.062977,-0.18237
-0.014086,-0.037227,0.015366,0.089883,0.00062058,-0.038252,-0.066918,0.040503,-0.010479,-0.078255,-0.068501,0.019861,0.10394,0.029885,0.10491,0.029797,-0.07512,-0.24719,-0.10497,0.062858,-0.0027265,-0.104,-0.12651,0.0093576,0.12882,-0.054403,0.042977,0.0049678,-0.088517,-0.01668,0.23414,0.20006,-0.25726,0.10836,-0.12451,0.07726,0.075403,0.10737,-0.093967,0.061407,0.029917,-0.029085,0.0083076,0.038564,0.03267,-0.05756,-0.18738,-0.044746,0.034645,-0.072171,-0.086119,-0.22561,-0.085384,0.024217,0.12688,0.014742,-0.03934,0.00025429,-0.10623,0.048364,-0.010058,-0.023012,-0.0092707,-0.11877,-0.0093335,-0.097915,0.065838,-0.091329,0.15768,0.064657,0.0023647,-0.025514,0.055104,-0.060299,-0.062641,-0.016391,-0.054502,-0.087925,-0.023993,-0.068268,0.0071887,-0.027988,-0.02028,0.026978,0.033858,-0.0015292,-0.050227,0.20444,0.021382,0.01497,0.0013876,-0.059629,0.045131,0.10452,0.057554,-0.068416,0.053887,-0.10838,-0.12512,-0.063437
0.093773,0.072686,0.11383,-0.11969,0.055608,0.19267,-0.1947,-0.0092475,-0.10652,0.065715,-0.057826,-0.07563,0.004791,-0.016774,-0.090693,0.011201,0.073333,0.022303,0.001522,-0.044383,-0.24531,-0.047967,-0.11466,-0.0096824,0.049738,-0.017941,0.09531,0.0084668,-0.030882,0.018967,0.073814,0.045125,-0.10716,-0.050702,0.099513,0.21204,0.02715,0.0090137,-0.036476,0.092238,-0.14839,0.16414,0.021176,0.017312,-0.048592,-0.11478,0.19451,0.022351,0.013866,0.21046,-0.081055,0.01173,-0.1342,-0.1039,0.001879,-0.10146,0.0067729,0.21742,-0.024375,-0.063192,-0.038086,0.030041,0.034598,0.13716,0.047722,-0.015435,0.15207,-0.042399,-0.0010382,-0.13672,-0.10121,-0.090827,-0.010712,0.028514,-0.16281,-0.061677,0.02522,0.018205,0.11872,0.056348,-0.069744,0.11611,0.038445,-0.047791,0.068392,-0.097795,0.05815,0.14819,0.040017,0.045967,0.21684,0.16737,-0.15142,0.10996,-0.11255,-0.090811,0.031112,0.080051,0.18201,0.057193
0.056893,-0.10403,-0.20521,0.18958,0.072543,0.14592,0.026801,0.016672,-0.071306,0.14005,0.012851,0.16346,0.039725,0.11948,0.043518,-0.029732,-0.10435,0.10085,0.015717,0.00042794,-0.018712,0.013606,0.18244,0.075229,-0.16152,-0.08332,0.051082,0.093969,0.063878,0.12807,0.011753,0.0020948,0.042055,0.0049531,0.1792,-0.020693,-0.15382,0.030228,-0.034758,-0.11423,0.094867,-0.037417,-0.029739,0.069746,-0.043654,0.15941,0.026105,-0.12472,0.088103,0.045799,0.03337,0.081388,-0.1175,-0.029012,0.15507,0.21135,0.16319,-0.028925,-0.16387,0.058977,0.028028,0.043935,-0.0018326,-0.091855,0.07633,-0.025346,0.08778,-0.10731,0.0059943,0.13619,0.055183,0.037572,-0.078621,0.070536,-0.15981,4.0205e-05,0.035322,0.038583,-0.10841,-0.09254,-0.13239,0.1188,-0.029749,-0.16927,-0.011217,0.11156,0.43648,0.066228,0.017029,0.071753,0.12526,-0.095631,-0.013253,-0.051248,0.056792,-0.14227,0.14017,0.065988,-0.066941,-0.028991
0.17406,0.053631,-0.071014,0.078923,0.026157,-0.020126,0.10715,0.084553,0.20668,0.14247,0.057169,0.12982,0.21241,0.11358,-0.15214,-0.0013362,-0.1165,0.084831,-0.033696,0.051475,-0.20172,-0.018985,-0.20178,-0.14408,0.094238,-0.069668,0.13984,-0.061157,0.091093,0.030144,0.038161,-0.056593,0.088516,-0.074567,0.12512,0.0040759,-0.15459,0.043438,-0.072934,0.0195,0.08122,-0.0068878,0.13541,0.034912,-0.16945,0.032468,0.0096761,-0.072818,-0.096147,-0.019401,0.022048,0.139,-0.023881,0.16057,-0.12867,-0.13779,-0.042068,-0.055798,0.25695,-0.15272,0.0048298,0.13258,0.0069269,-0.083966,0.034564,-0.092534,-0.053367,0.044127,-0.029311,0.0089448,-0.014481,0.052367,-0.13127,0.043969,0.018135,-0.010344,-0.063724,0.055294,-0.030619,-0.23828,0.056892,-0.041794,-0.034116,-0.053856,0.031628,0.1738,0.055218,-0.10711,0.01114,-0.01096,-0.042491,-0.085362,-0.088572,0.17664,-0.032533,0.059506,-0.13164,-0.037093,-0.012692,0.013178
-0.0088074,-0.07779,0.035184,0.057175,0.00061255,-0.12669,-0.029435,0.087344,-0.07029,-0.058105,0.14197,0.14695,0.067107,0.012727,-0.075758,-0.14466,0.014872,-0.00874,0.078006,-0.10855,-0.10083,-0.072542,0.02089,0.018249,-0.0006133,-0.027258,-0.12861,-0.066344,0.070173,0.070009,0.051378,-0.017845,0.075075,0.11618,0.038948,-0.1334,-0.11759,0.12477,-0.075557,0.066729,-0.095041,0.075474,0.024265,-0.028738,0.042769,-0.066308,-0.021525,0.10449,-0.099335,-0.0090864,-0.11899,0.098486,-0.13554,-0.025889,0.042044,-0.0096646,-0.045536,0.021833,0.011363,-0.054613,-0.013977,-0.020565,0.013984,-0.023213,0.032893,-0.0046908,-0.037762,0.042024,0.12623,-0.0037944,-0.037591,0.024236,0.0069532,-0.089118,0.024883,-0.0052027,-0.0089873,0.049721,0.024801,-0.21448,0.25993,0.095164,0.20836,0.059067,-0.030955,-0.0017071,-0.052123,-0.067244,-0.031745,-0.048251,-0.039904,0.024031,-0.054263,-0.16939,-0.06503,-0.17907,0.065512,0.015558,-0.0075672,-0.13488
-0.049925,0.042871,-0.069884,-0.20597,-0.07202,0.07429,0.10946,0.015919,0.1017,-0.0076808,-0.026784,-0.090994,-0.12612,0.10047,0.0020878,-0.17126,0.020573,0.076137,-0.038447,-0.028115,0.12999,0.024025,-0.047779,0.066515,0.018448,0.044857,0.0027729,0.065555,-0.11851,0.20996,-0.11897,0.12276,0.070084,0.0015524,0.1349,0.030858,0.17243,-0.014205,0.029517,-0.030011,0.11047,-0.058821,-0.056995,-0.062697,-0.024389,-0.12339,-0.030835,-0.012738,0.06476,-0.06107,0.13775,-0.13729,0.0061221,0.17792,-0.18159,0.029671,-0.045157,-0.049681,-0.011287,0.072895,-0.1209,0.085194,-0.15199,-0.21842,0.19312,-0.16249,-0.068372,0.01116,0.043802,-0.025688,0.077017,-0.066199,0.10494,-0.033756,0.045631,0.030875,0.16023,-0.0042045,0.040717,0.10753,-0.15443,0.0037361,-0.051634,-0.059571,0.14089,-0.017339,0.011492,-0.0052571,0.097286,-0.032016,0.07547,-0.083289,0.0037125,-0.12712,0.1825,-0.046235,-0.082642,0.073933,-0.048742,0.00047146
-0.13413,-0.018416,-0.092096,-0.071044,-0.0059532,-0.21005,-0.069798,0.041569,0.15424,-0.00084714,0.23158,-0.038806,0.14521,-0.009198,0.11475,-0.10286,-0.027818,0.13235,0.0374,0.023414,-0.061695,-0.039067,0.053359,0.1649,-0.082285,0.024054,0.10868,-0.093202,-0.039339,0.031028,0.042119,-0.14282,-0.1844,0.078702,-0.1367,-0.015249,0.17602,0.13167,-0.18722,0.06835,-0.05111,0.13891,-0.050631,-5.8096e-05,0.049249,-0.1391,0.19315,-0.081488,-0.073847,0.014893,0.12812,-0.05624,0.109,0.0029447,-0.04639,0.039244,0.038309,-0.27974,0.22753,-0.15629,-0.057877,-0.049808,-0.085743,0.019079,0.036268,0.19929,-0.0057904,0.065429,-0.067715,0.0090148,0.041796,0.2374,0.07193,-0.1072,-0.063531,-0.056307,-0.095091,0.050911,0.11591,0.11077,-0.082521,0.11333,0.15158,0.025857,0.041516,0.037845,-0.046961,0.056281,-0.05619,-0.0014065,0.0073381,0.15879,0.0853,-0.09553,0.03334,-0.10325,-0.11561,0.080065,0.0054466,0.0046638
-0.070471,0.0066323,-0.031423,-0.08173,0.094354,0.1543,0.0019258,0.1243,-0.12439,-0.036005,-0.12502,-0.08884,0.00022349,-0.087583,0.0013541,0.090398,0.11558,0.023011,0.060163,0.18671,0.022779,-0.17695,-0.096438,-0.046456,-0.049646,-0.19358,0.077324,0.012143,-0.017283,-0.14925,0.029702,-0.0096875,-0.031762,-0.058016,0.080549,-0.14479,-0.19973,0.126,0.010593,-0.046334,0.0064708,-0.14749,0.13676,-0.045764,0.035691,-0.025038,-0.082801,-0.10384,0.035802,0.041869,-0.14302,0.043935,0.090738,-0.014657,-0.20755,0.016527,-0.0086,0.12594,-0.11682,-4.8229e-05,-0.057073,-0.084735,-0.11455,0.046927,0.060172,0.041267,0.16297,0.014568,0.046194,-0.035955,-0.036957,-0.12674,0.034236,0.045084,0.12612,0.081113,0.076679,0.037157,0.10636,0.025745,0.036025,0.087173,0.011002,0.057288,-0.041322,0.002223,0.081878,-0.021664,0.082659,0.11371,-0.081431,0.035859,-0.021212,-0.04338,0.037947,0.027252,-0.0776,0.11062,0.061304,0.18348
-0.012481,0.035287,-0.076286,0.066812,0.16248,0.067928,0.035714,-0.081224,0.041541,0.024912,0.1038,-0.095606,0.067087,0.050782,-0.053214,0.011712,0.067891,0.078318,-0.01902,-0.073049,0.020097,0.098073,-0.052161,0.23184,-0.011535,0.14829,0.047473,-0.081365,-0.051597,-0.052322,0.10693,0.15163,0.073054,0.19409,0.079587,-0.15771,0.013755,-0.054115,0.025113,-0.042762,0.060897,0.088262,0.095819,0.19399,0.092007,-0.13958,0.10573,-0.078016,0.10141,0.10728,0.050797,0.00029633,-0.24659,0.04185,0.064104,-0.14563,0.10879,0.052439,0.12574,0.09145,-0.056933,-0.12999,0.036702,-0.090383,-0.098486,0.01085,0.010528,-0.15991,0.085191,0.064242,-0.00040665,-0.19767,0.016501,-0.11441,-0.08306,-0.0081487,-0.26918,-0.078843,-0.010314,-0.059849,-0.054862,0.07669,0.053933,-0.17911,0.25868,-0.13914,-0.020636,0.19047,0.075435,0.030699,0.088597,-0.082263,0.0038397,0.056776,-0.0089529,-0.022715,-0.21154,0.024808,0.02301,-0.0055466
0.10245,-0.15967,0.16394,-0.114,0.038335,0.12028,0.16991,-0.056063,0.047977,0.064229,0.032981,0.076968,-0.010189,0.0043951,-0.23063,-0.048406,0.054725,0.16324,-0.081696,0.15208,0.20276,-0.012061,-0.045327,0.0069944,0.11101,0.073219,0.029195,-0.14937,0.14401,-0.15413,-0.12135,0.096912,0.070743,-0.10884,-0.11897,-0.099238,0.027819,0.031477,0.087787,0.20486,-0.1048,-0.011353,0.038475,-0.097315,0.071908,0.11613,-0.10873,-0.11278,0.21842,0.093827,-0.19665,-0.097074,0.15006,-0.064327,-0.010334,-0.31227,-0.026028,-0.069778,-0.012656,-0.12355,-0.13555,-0.15632,-0.074488,0.0093036,-0.035227,-0.10719,0.04448,-0.097419,0.011833,0.019732,-0.13972,0.047466,-0.14967,0.0036004,0.076725,-0.068193,-0.022517,0.10479,-0.099232,0.24106,0.055246,0.10348,-0.11584,-0.11952,-0.066783,0.071052,0.15584,-0.07335,5.4728e-05,0.024307,0.11075,0.053543,0.13268,-0.22542,0.11633,0.012551,-0.010458,0.1816,-0.13369,-0.010332
-0.074295,-0.00014153,0.075385,0.19758,0.26324,0.044812,-0.057413,-0.0037861,-0.16077,0.047408,0.07877,-0.080949,-0.056322,0.095949,0.10105,0.057627,0.13832,-0.1131,0.036455,0.1533,0.12837,-0.032207,-0.013244,-0.11855,0.045416,0.14894,-0.058547,-0.076114,-0.038255,-0.0088314,-0.075121,0.015685,-0.083672,0.025182,-0.02161,0.030591,-0.0012599,-0.10617,-0.052082,-0.04543,-0.085549,-0.062614,0.18584,0.18469,-0.11083,-0.14042,-0.050722,-0.0089476,0.021605,0.092,0.025701,0.20911,-0.042635,-0.029384,-0.15871,-0.014585,0.1518,-0.028465,-0.023807,-0.08488,0.076689,-0.11867,-0.062358,0.033265,-0.059162,0.1645,0.089266,0.0041954,-0.050493,-0.11845,-0.046251,0.054353,-0.17922,0.030762,0.10649,0.021242,0.01654,0.042955,-0.054224,0.09305,0.055646,0.041337,-0.083482,-0.049498,0.019275,-0.026629,0.061201,0.086469,-0.024966,-0.064736,-0.1279,0.0062871,-0.14303,0.166,0.047205,0.027013,0.11132,0.13751,-0.061743,-0.0031421
-0.1394,0.20768,0.0088706,0.0081451,0.10852,0.059858,0.13097,-0.11687,0.15329,0.012442,0.0061241,0.18444,-0.065667,-0.1148,-0.16102,-0.11513,-0.12565,-0.11824,-0.047277,-0.063549,-0.01873,0.10591,0.0052191,0.23971,-0.12527,-0.039993,0.090287,-0.039184,0.022803,0.11251,0.21285,0.053752,0.28921,0.089508,0.055707,-0.042913,0.1566,0.091361,0.0078017,-0.10727,-0.14052,-0.012365,0.09524,0.082611,-0.003133,-0.038442,-0.0088887,-0.025781,0.098907,-0.09985,0.15689,0.10419,-0.0049259,0.025703,-0.030426,0.019737,0.04358,0.023157,0.028082,-0.090043,0.14944,0.0011203,0.062176,-0.036307,0.080098,-0.083698,0.11882,-0.014322,0.16633,-0.052333,-0.034757,-0.13705,0.046186,-0.018302,-0.24411,0.045087,-0.1376,0.11115,-0.064726,0.079861,-0.067552,-0.11136,0.20604,-0.042884,-0.15415,-0.034567,-0.0071835,0.00069972,0.0018578,0.037618,0.16874,0.13442,-0.15814,-0.1095,-0.062363,0.074813,-0.053287,0.13427,0.00094546,-0.081374
0.11232,0.18465,-0.11912,-0.19356,0.072194,-0.15117,-0.027222,0.010557,-0.22125,0.14006,0.0026551,0.12182,0.04933,-0.12707,-0.073675,-0.11034,0.08163,0.013914,-0.10571,0.037165,-0.048636,-0.072522,-0.074693,0.10206,-0.089528,0.013853,-0.019573,0.0083657,-0.028329,0.096372,0.13059,-0.035237,0.022035,0.066949,0.070372,0.2227,-0.071553,-0.11417,-0.012176,0.073592,0.05911,0.073408,-0.053043,-0.073634,0.21165,-0.1493,-0.11802,-0.0090097,-0.062183,-0.015626,0.065113,0.015246,-0.223,-0.17966,-0.073281,0.055839,0.099048,0.14824,-0.1154,0.12097,-0.027261,-0.045828,-0.10863,-0.053012,0.052443,0.011646,-0.070509,0.071762,-0.00089653,-0.12991,0.10399,0.073992,0.070795,-0.048797,0.16279,0.18272,-0.061643,-0.096356,0.020691,0.057481,0.097603,0.12929,0.068262,0.057715,-0.075387,-0.14503,-0.041922,-0.19965,0.027059,-0.0076459,0.053799,-0.033378,0.037574,0.026703,0.13993,0.084092,0.011968,0.061761,0.017982,-0.04786
0.21938,0.11236,0.0385,0.10601,-0.067653,0.04492,0.0027446,-0.13782,-0.053161,0.082833,-0.22181,-0.088055,-0.040857,-0.088743,-0.051403,0.16635,0.066932,-0.10129,-0.065185,0.13469,-0.040454,-0.30848,0.093375,-0.28545,0.014957,0.13628,-0.014483,-0.15626,0.042992,-0.10079,0.10937,0.058597,-0.10462,-0.11824,-0.029356,-0.030797,-0.096622,0.12648,0.078181,-0.011851,0.023779,0.034995,0.0092566,-0.013528,-0.16629,0.12683,0.10639,-0.029633,0.0013831,0.11361,-0.071731,-0.034081,-0.052854,-0.060402,-0.11973,0.12996,-0.073151,0.073364,0.26297,-0.1609,0.087722,0.032187,-0.090302,-0.053777,-0.071318,0.037377,0.17624,0.037232,0.17429,0.16548,-0.069164,-0.060687,-0.14648,-0.1212,0.31378,0.20391,0.08918,0.19667,-0.087761,0.032769,-0.032677,0.017505,-0.033297,0.15475,-0.0019969,0.040866,-0.022397,-0.15215,-0.033653,-0.10577,0.077954,-0.13997,0.094196,0.1127,-0.064692,0.075565,-0.056465,-0.10928,-0.17972,-0.07999
0.09213,-0.018358,0.043067,-0.0033456,0.081868,-0.10408,0.0090842,-0.12677,-0.10295,-0.0088512,-0.10897,0.014363,-0.16592,-0.041523,0.17919,-0.0038917,-0.0075004,-0.061348,0.047607,0.16696,-0.044585,-0.021129,0.10526,0.065781,0.029837,0.10073,0.061243,-0.094675,-0.023414,0.052001,-0.0046391,-0.077433,-0.13581,0.14342,-0.097596,0.014281,-0.079129,-0.11623,0.0046559,-0.079765,0.02396,0.13361,-0.07137,-0.068074,-0.022653,-0.12006,0.05373,0.024299,0.044048,-0.12768,0.013561,0.0011226,-0.10837,0.043716,-0.034117,-0.032463,0.090183,-0.048188,0.083131,-0.063257,0.029257,0.12662,-0.12777,0.068995,0.091895,-0.074383,-0.08284,-0.067927,0.037364,-0.033059,-0.080284,-0.14465,-0.030376,0.054854,-0.092315,-0.1782,0.13657,0.10277,-0.11794,0.068266,0.0066623,-0.03171,0.050928,-0.21624,-0.058887,0.077563,0.072357,0.14638,-0.088077,0.14792,-0.1977,-0.14112,0.17162,0.023976,0.0013763,-0.099994,0.11526,0.16501,0.020974,0.25661
-0.074828,-0.11464,-0.01192,0.026059,-0.077863,0.087208,-0.02755,-0.037614,-0.0011483,0.23722,-0.17683,-0.10582,0.001077,0.0020995,-0.028831,0.12934,0.13059,-0.10596,0.12275,-0.039792,-0.016242,-0.15796,0.045609,0.0098431,-0.20335,-0.0045853,-0.035811,-0.033269,-0.028823,0.12856,-0.011091,0.045363,-0.079055,0.00083857,0.018376,0.052427,-0.076042,-0.021474,0.078558,-0.12946,0.037461,-0.096651,-0.10365,0.13309,-0.057456,-0.048925,0.035789,0.078982,-0.032913,-0.034159,0.048127,-0.14387,0.058331,0.012432,0.073347,-0.10049,0.013882,0.022294,0.14944,0.12498,0.054965,0.058977,-0.015072,-0.187,-0.11165,0.069074,0.22105,0.2095,0.02171,0.074875,0.0051383,0.071633,0.056399,-0.0089641,0.11183,0.021924,-0.023012,0.03632,-0.095286,-0.19618,-0.06302,0.1051,-0.077174,0.030274,-0.095175,-0.066857,-0.14534,-0.071797,-0.027271,0.035387,-0.088007,-0.045096,0.07353,-0.053258,-0.037848,-0.068252,-0.13625,-0.0098743,-0.024483,-0.01381
-0.030267,0.088273,0.049585,0.0652,-0.28986,0.21997,-0.038581,-0.065399,-0.066838,-0.21426,-0.050864,-0.029496,0.0033285,-0.007342,-0.077192,0.047524,-0.11274,0.090392,0.030494,-0.054204,0.025355,0.15779,0.081409,-0.084708,0.060859,-0.11379,0.054581,0.019579,-0.047035,-0.12032,-0.11001,0.065233,-0.017038,0.19209,0.092759,0.23873,-0.0042139,-0.12357,-0.16394,-0.16355,-0.27486,0.063037,-0.081531,0.098862,0.22634,0.10126,0.10626,0.081304,-0.0068463,-0.12817,-0.026901,-0.057733,-0.034546,0.11593,0.064797,0.15001,0.019299,0.1727,-0.031533,0.082896,-0.0054911,0.080696,0.066361,0.1707,0.26851,-0.17501,0.054872,0.02611,-0.08489,0.063388,-0.060654,0.042878,0.19123,0.0021339,-0.006942,-0.10788,-0.085969,0.15685,0.10654,0.040819,0.029151,0.027824,0.14877,-0.045055,-0.1083,-0.0036565,0.19586,0.078138,0.0094952,0.13286,-0.048456,0.027512,-0.076671,-0.060777,0.079462,0.036456,0.031162,-0.072772,-0.040909,0.044366
-0.17992,-0.030765,-0.16178,-0.1921,0.13382,-0.0077715,-0.082139,0.067225,0.22338,-0.0064805,-0.16088,-0.018147,0.0053808,0.1345,-0.06852,-0.042163,-0.13424,0.18796,-0.18726,0.0022135,-0.033476,-0.0063241,0.19854,-0.044414,-0.011935,0.16588,0.059903,-0.080764,0.10931,0.067578,-0.2074,0.1736,0.062766,-0.12786,-0.034739,0.062995,0.22393,-0.0040832,0.087257,-0.034332,-0.042746,-0.0039015,-0.007788,-0.016024,-0.15141,0.15143,0.019372,0.10303,-0.0033625,0.047169,0.042615,0.013574,0.049364,0.10864,-0.071361,-0.24879,-0.032033,-0.061278,-0.18305,0.048802,-0.12565,-0.25864,-0.0013318,0.1984,0.20805,-0.10526,-0.019753,0.12175,0.31206,0.068852,-0.011538,-0.054583,0.021757,0.0028979,-0.029906,0.215,0.042825,0.01113,-0.033071,-0.044582,-0.00087292,0.048248,0.0019871,0.0085131,0.11595,0.021693,0.068853,-0.17022,-0.13505,-0.041875,0.0070689,0.10838,0.043406,-0.021492,-0.022672,0.18341,0.0761,-0.12843,-0.052805,-0.0089131
-0.26377,0.11629,-0.099109,-0.040733,0.11136,0.16854,0.09284,0.013983,-0.0029595,0.067075,0.025795,-0.04112,-0.0084167,0.065293,0.012714,-0.076195,0.0072191,-0.071114,-0.016391,0.057855,0.040774,-0.10782,0.0085951,0.088891,0.12469,-0.0029945,0.013457,-0.028068,0.040166,0.039421,-0.050338,-0.047815,0.070353,0.11866,-0.040361,-0.0079359,0.1228,-0.033129,0.032683,0.097834,0.072094,-0.029449,-0.054422,-0.043513,-0.026092,0.042184,0.17829,-0.087306,-0.12156,-0.067399,0.054214,-0.079395,-0.050777,0.1278,-0.0027241,0.13136,-0.15525,0.054622,-0.070634,-0.040981,0.10411,-0.012537,0.13002,-0.041972,-0.066946,-0.053519,0.077377,-0.0098342,0.20437,0.04742,0.00019355,0.16208,-0.051237,0.17985,-0.055805,0.090681,0.077069,-0.25065,0.13974,0.12768,0.052961,-0.075688,0.0052975,-0.04781,-0.069009,0.016411,0.012563,0.060433,0.0084127,0.080116,0.059204,0.016757,-0.035062,0.018707,-0.064326,-0.016254,-0.07392,0.077187,-0.043685,0.0036739
0.039293,-0.19628,-0.012241,-0.049125,-0.0035192,-0.15988,-0.11161,0.08045,0.22798,-0.0058784,0.080096,-0.049465,-0.14433,-0.084209,0.12871,-0.022082,0.12635,0.14023,-0.12667,-0.097582,-0.18294,-0.028853,-0.020506,0.051845,-0.14817,-0.016455,-0.078646,0.097983,-0.22677,-0.091506,-0.29544,0.0091862,-0.011335,-0.11707,0.14329,-0.12398,-0.04391,-0.048932,0.0020066,0.049563,0.22494,-0.15006,0.088071,-0.077911,0.037531,0.0053587,0.046989,-0.20238,0.2046,0.055657,-0.093984,-0.1199,0.048061,-0.071533,-0.018145,-0.054482,0.015892,-0.082555,0.16256,0.055902,0.23888,0.0053794,0.10606,-0.090048,0.11021,0.059105,0.0013067,0.30549,-0.047037,-0.081627,0.04265,-0.078413,-0.24131,-0.035663,-0.15621,4.6783e-05,-0.081167,0.070135,-0.0057252,-0.012611,-0.062298,0.046134,0.23209,0.13311,0.17971,-0.15859,0.16914,0.0030319,0.15862,0.0069165,-0.034481,0.15514,0.10377,-0.08981,-0.27623,-0.0035547,0.0087968,0.0098508,-0.11149,-0.020839
-0.07331,0.088051,0.023479,0.055656,0.052549,-0.021091,0.074976,0.17663,-0.05414,0.07027,-0.036248,0.16515,-0.057953,0.16399,0.067105,0.059299,0.098805,0.030394,0.14129,0.085697,0.17845,-0.073874,-0.032476,0.10596,0.044575,0.12532,0.2532,0.0080509,0.062771,0.028236,0.15708,-0.023692,0.0033906,0.038834,-0.018637,0.058594,0.1512,-0.014666,0.066527,0.23661,0.12607,-0.01515,-0.14605,0.027191,0.045486,-0.023107,0.0022579,0.039953,0.039619,0.037839,-0.13137,0.13755,-0.053914,-0.091012,0.061387,0.05838,-0.13386,0.0018586,0.083109,0.12369,-0.041938,-0.020918,0.10509,-0.10078,-0.055977,0.082457,-0.12955,0.045126,-0.0021555,-0.054714,-0.090599,-0.056651,-0.19573,0.16072,-0.023956,0.049465,-0.23531,0.21265,0.0061306,-0.068617,0.14482,0.0084592,-0.01668,0.027208,0.026691,0.056334,0.14135,-0.24848,-0.043094,0.036286,-0.23006,-0.013476,-0.087256,0.016654,0.22129,-0.1571,0.023545,-0.040976,-0.049257,-0.072364
0.019263,0.13115,-0.028176,0.019592,-0.072219,0.012769,-0.096169,0.12426,0.084201,-0.031099,0.044841,-0.16335,-0.013468,-0.19486,-0.024626,0.2282,-0.034529,-0.058019,-0.18861,0.14402,0.0050826,0.17187,0.1564,-0.032617,-0.045364,-0.0086481,0.048319,0.031331,-0.18355,-0.018529,0.10185,0.0092418,-0.047854,-0.076966,-0.17824,-0.087337,-0.16243,0.028745,0.047963,0.12045,0.075823,-0.023123,0.058545,0.022398,-0.090778,0.040804,-0.074736,0.0094856,0.19271,-0.011443,0.016043,0.1449,0.063933,0.099423,0.018011,-0.22443,-0.084698,-0.0080713,0.035516,-0.010727,-0.085519,0.046788,-0.034627,-0.089587,-0.069509,-0.22478,0.10456,-0.012708,0.05238,-0.0057568,0.044148,-0.05062,-0.041706,0.053603,-0.03302,-0.20636,0.038017,0.0578,0.032374,-0.060179,-0.0010796,0.020813,0.17723,0.078205,-0.073729,-0.054181,-0.057379,0.086921,0.12003,0.10784,0.12976,-0.058306,-0.056061,0.11126,-0.034464,-0.10425,0.056401,0.010179,-0.12099,0.022986
-0.17844,-0.0083336,-0.08265,-0.23105,-0.037794,-0.16863,-0.20844,0.11465,0.012269,0.033827,0.0020743,0.022625,0.010367,-0.1032,-0.16073,0.072212,0.048146,0.031727,-0.0084514,0.036319,0.14818,-0.045605,0.036217,0.057076,-0.063777,0.07583,0.0066468,0.054946,0.042926,-0.08868,-0.052716,-0.018032,-0.012973,-0.11958,0.032536,-0.12394,-0.052982,-0.10734,0.18801,0.037125,0.022398,-0.03372,0.11426,0.060774,-0.045481,-0.12205,0.011211,-0.0074558,-0.093942,0.11414,-0.063473,-0.26872,0.035164,0.090377,-0.10006,-0.14601,-0.12732,-0.1955,-0.19028,0.1236,-0.10163,0.005102,0.015152,0.028661,0.099313,0.15052,-0.097304,-0.13937,0.014294,-0.033297,0.27444,-0.064756,0.058484,-0.10075,-0.034138,0.042533,-0.042744,-0.059947,0.12237,0.023511,-0.015326,0.098321,0.076477,-0.091854,-0.16624,-0.10894,-0.018224,0.058647,0.080393,0.12272,-0.027481,-0.015463,-0.09637,0.093314,0.0104,0.029056,-0.094362,-0.00067968,-0.035761,-0.0025594
0.14546,0.15628,-0.099169,-0.024303,-0.06512,-0.015409,-0.075724,-0.0637,0.10841,-0.1486,-0.14833,-0.14518,-0.12218,-0.0076997,-0.20124,-0.11802,0.12858,-0.076262,-0.053061,-0.12951,0.026435,0.027154,-0.045498,-0.001449,-0.10894,-0.060775,-0.17082,0.016632,-0.062908,-0.044991,0.043615,-0.14043,0.12706,-0.032814,0.075551,-0.054227,0.13939,0.12259,0.11093,-0.020856,0.10264,-0.053714,0.043751,-0.11778,0.019514,0.10333,-0.0053239,-0.01889,-0.12886,-0.064831,0.1765,-0.26613,0.016712,-0.018682,-0.026761,0.082745,0.14862,-0.22143,0.14148,-0.047173,0.16456,0.11432,0.044195,-0.11497,0.19635,-0.022395,0.015154,0.0021762,-0.028232,0.10669,0.029024,0.021051,-0.12675,0.042766,0.0211,0.048964,0.044047,0.1028,-0.1505,0.21791,0.095017,-0.011902,0.016948,-0.17454,0.10019,-0.023821,-0.055167,0.15569,0.098221,-0.10146,-0.063442,0.027716,0.04084,0.041656,-0.18277,0.085606,0.15281,0.084045,0.09718,-0.020457
-0.0418,-0.034346,0.075432,-0.14329,-0.11434,-0.010994,-0.042702,0.093865,0.11907,0.0032821,-0.11666,0.14994,-0.13981,0.21385,-0.021552,-0.11286,0.08051,-0.10819,-0.013099,-0.14119,-0.052582,-0.075775,0.14606,0.092632,0.11708,0.17384,0.10032,0.081004,-0.22589,-0.0093653,-0.13318,0.1052,-0.0018939,0.10859,0.11608,-0.085963,0.075352,-0.10527,-0.037816,0.14496,-0.086662,-0.04246,-0.16971,0.1909,-0.01665,-0.021733,0.075937,0.02329,0.060147,-0.035965,0.10778,-0.0461,-0.0025204,-0.098251,0.070448,0.028613,-0.069166,-0.0081344,-0.2054,-0.090086,-0.019922,-0.058552,-0.075215,-0.069592,-0.13043,-0.10047,-0.04159,0.14049,0.0011857,-0.061423,-0.051021,0.057109,-0.022262,0.0033248,0.051393,-0.073274,-0.035199,0.099625,0.0049921,-0.015203,0.010969,-0.011799,-0.09954,0.016605,0.10919,-0.012357,0.07295,0.020964,0.080359,0.093529,-0.0026905,0.036413,-0.088242,-0.012985,-0.00072741,0.092368,-0.033911,0.065646,0.082827,0.12455
-0.021554,0.002206,0.088979,0.025355,0.0032774,-0.00070146,-0.058279,-0.073133,-0.14667,-0.0051159,-0.19388,0.045755,-0.0073592,-0.032747,0.091053,0.043981,-0.12539,0.050253,0.061847,-0.12389,-0.19839,0.083866,0.016046,0.037957,0.055887,0.18336,0.12686,-0.11784,0.070725,0.26273,0.040945,0.028633,0.011123,-0.081509,-0.046385,-0.065526,0.01001,0.075553,-0.18713,0.068576,0.048545,0.23799,0.062569,-0.2078,-0.019058,0.038003,0.069296,-0.13409,0.0098454,0.027062,0.16743,-0.10685,0.19042,0.17201,-0.0024556,-0.038481,0.00092173,-0.18039,0.0050537,-0.016291,-0.14766,-0.024161,-0.11217,-0.10162,-0.050995,0.071708,-0.037787,-0.10224,0.027506,0.093255,-0.056049,0.047186,0.080117,0.031661,-0.014384,-0.13596,-0.032158,0.0010674,-0.16725,-0.16786,0.062443,0.027433,-0.053993,-0.027501,0.077263,-0.030787,0.060845,-0.074153,-0.040003,0.20915,-0.048221,0.033874,0.032943,0.058578,0.14532,0.0040012,-0.27362,0.18071,0.15548,-0.054571
0.051167,0.099117,-0.13552,-0.025175,-0.15547,0.11154,0.15824,-0.074776,0.081324,0.03429,0.026804,0.10563,-0.064234,-0.083857,-0.0040207,-0.13686,-0.029771,0.050548,0.10908,0.0048227,-0.1584,-0.1408,-0.0090774,-0.22593,0.13282,0.04395,-0.0010685,0.16129,0.072208,-0.014287,-0.012088,0.077254,-0.032481,0.033965,0.015963,0.0017877,0.18968,0.083228,-0.19887,0.21353,0.086849,-0.10157,-0.029491,-0.020276,-0.023203,0.063439,0.074762,0.045584,-0.01565,0.057641,0.036848,-0.029446,-0.020264,-0.0023731,-0.05873,-0.011225,-0.051748,-0.075929,0.067168,-0.13023,0.083286,0.15244,-0.071054,0.16607,-0.048058,-0.069914,-0.029063,-0.11788,-0.19883,0.097997,-0.030797,-0.041136,-0.23513,-0.1476,-0.0374,0.0092099,0.093797,0.010814,0.12001,0.018381,-0.061104,0.04084,-0.11132,-0.11504,-0.019262,0.17841,0.11383,-0.11099,-0.10586,-0.18942,0.089393,0.084928,0.091339,-0.065567,0.061915,0.1513,0.061286,-0.15223,0.037348,0.015743
-0.1598,0.029686,-0.12778,-0.017608,-0.14472,0.16722,0.28291,-0.080086,-0.076229,0.039962,-0.0093119,0.01964,0.045865,0.23941,0.01744,-0.10557,-0.22769,0.1946,0.088009,0.027092,0.14119,0.089947,-0.088152,0.044973,-0.053496,0.14243,-0.028501,0.017774,-0.046123,-0.065629,-0.15758,-0.021844,-0.057388,0.089391,-0.21609,0.008387,-0.079389,-0.034058,0.10192,-0.06481,-0.20806,-0.1088,0.04356,0.045095,0.050798,0.085839,-0.0231,0.1601,-0.032477,0.0010224,-0.026647,0.058315,0.12693,0.16066,-0.046483,-0.049329,-0.090478,-0.03898,0.031546,0.051203,-0.045221,0.028372,-0.11584,-0.10527,0.27397,-0.033166,0.055896,0.13063,-0.089204,-0.030396,-0.10475,-0.054165,0.14088,0.13495,-0.019199,-0.13354,0.16783,0.018201,-0.068376,0.065196,0.068713,-0.15507,-0.054992,-0.066112,-0.016644,-0.15054,-0.12872,0.096675,-0.090003,-0.14372,-0.18641,-0.022661,0.021563,-0.14039,0.00097993,-0.076295,-0.15911,-0.0025036,0.17067,-0.11096
-0.09483,0.02912,-0.038003,-0.18477,-0.10116,0.10943,-0.14129,-0.12489,0.030077,-0.15202,-0.038927,0.038906,-0.013105,0.083743,-0.044475,0.0071173,0.026759,-0.048766,0.15286,-0.17484,-0.019782,-0.082464,0.028851,0.004243,-0.024175,0.11273,0.021659,0.063764,0.096726,0.062514,-0.03079,0.10528,-0.11999,-0.023131,0.042949,-0.023555,-0.28238,0.099998,-0.1533,-0.028284,-0.15461,-0.036821,-0.042198,0.056684,-0.11517,0.091016,0.2652,-0.18679,0.025793,-0.01515,0.099446,-0.20016,-0.034582,0.052892,0.011431,0.010073,0.14201,0.010311,0.10046,-0.0030599,0.16028,-0.072449,-0.054953,-0.01517,0.06391,-0.10537,-0.0477,-0.011015,0.095331,-0.04415,0.027692,0.1247,-0.042864,-0.1638,0.034714,0.02594,-0.0522,0.12229,-0.087337,-0.072094,-0.038613,0.02664,-0.0066098,-0.021393,0.019554,-0.010028,0.10268,0.041359,-0.15667,-0.13924,-0.037327,-0.057603,-0.01448,-0.059722,-0.022254,0.042628,0.034306,-0.10661,-0.14029,0.057136
-0.20521,0.033595,0.057678,0.068424,0.096097,-0.11694,0.00097406,0.073839,-0.058643,0.056263,-0.06299,-0.026889,-0.011164,0.10834,0.041179,-0.043829,0.036799,0.051484,0.0038189,-0.048368,-0.0035256,0.11907,-0.040313,-0.083505,0.090761,-0.043331,-0.083707,-0.02823,-0.068359,0.047728,-0.0085255,0.10657,-0.20074,-0.016937,-0.013534,-0.025992,-0.028079,-0.070914,0.047283,-0.034705,0.1906,-0.0067421,-0.089128,-0.0020552,-0.089353,-0.16722,-0.001697,0.17005,-0.018103,0.18303,0.025312,-0.11621,-0.060704,-0.011108,-0.083576,0.054446,0.034605,-0.089945,0.016018,0.072329,-0.085891,-0.11592,0.037534,0.0072814,-0.093292,0.091473,0.15027,0.13203,-0.12253,-0.10201,-0.048214,0.077607,0.053902,0.00092462,0.14984,0.091506,0.073591,-0.12938,-0.018465,0.10034,-0.019493,-0.040975,-0.10915,0.025012,-0.17984,0.054836,0.050951,0.050668,-0.092165,0.0041722,-0.13628,-0.16719,-0.03799,0.035983,0.0094461,-0.057245,0.010151,0.069773,-0.021953,-0.01649
0.1095,0.22665,-0.045226,-0.020528,-0.020805,-0.019153,0.0098163,-0.16354,-0.060676,0.015246,-0.057221,0.13224,0.0054758,-0.18209,0.14571,-0.08598,0.12507,0.055263,-0.054376,0.039499,-0.0064218,0.084355,-0.0061709,0.0025338,0.0019443,0.15752,0.069072,0.00010851,0.00051069,0.032046,-0.11235,0.056459,0.059217,0.060275,0.025672,-0.050549,0.095785,0.1673,0.13861,0.0082482,-0.15695,-0.081513,0.038237,0.093694,0.19861,-0.086294,-0.15423,-0.051065,-0.25741,0.00089081,-0.21005,0.13915,0.1046,0.079041,0.064414,0.042947,0.012047,-0.1116,-0.020492,0.11388,-0.0018185,-0.087205,-0.13473,-0.162,0.12183,-0.064577,-0.098676,-0.047781,0.16367,0.064712,-0.077349,-0.088193,0.005942,0.035558,-0.020435,0.24327,-0.0019872,0.057008,0.082,-0.048742,0.1125,-0.17476,-0.0087451,0.046069,0.02691,-0.10159,0.025053,0.020426,0.016939,0.029366,0.0227,0.08751,-0.030784,-0.13266,0.043423,-0.0029106,0.097119,-0.12376,0.047006,0.080021
0.11522,-0.16394,0.08935,0.09157,0.065696,0.059959,0.10486,0.12765,-0.14664,-0.12995,-0.1464,-0.017232,0.12867,-0.0007074,0.057989,0.073573,-0.036843,-0.011668,0.11608,-0.035132,-0.18889,0.059703,-0.062677,0.08801,-0.021975,-0.095605,-0.11204,-0.16037,-0.071315,0.13887,-0.01319,-0.0604,0.11249,0.026725,-0.17003,0.058009,0.0046399,0.021361,0.13596,0.089109,-0.044465,-0.020626,0.039212,0.12222,0.14064,0.086842,-0.15479,0.051664,0.0066121,0.13681,-0.20893,0.13721,0.017036,0.14643,-0.025618,-0.036077,-0.080808,0.02215,0.074241,-0.070449,-0.10812,0.027993,-0.23299,0.21601,-0.071626,-0.042093,0.033889,-0.048763,0.09205,0.058039,-0.12765,0.021502,0.16478,-0.23749,0.16994,0.017499,-0.14388,-0.17478,-0.11592,0.05652,-0.042774,-0.12488,0.14558,-0.066405,0.10623,0.085365,-0.039357,0.0091488,-0.086812,0.031234,0.087064,-0.086533,0.085177,-0.057096,0.11303,-0.19805,-0.18315,0.098659,-0.034001,-0.016691
-0.046032,-0.064121,0.1221,-0.14318,-0.059534,-0.044719,0.008091,0.11869,-0.10456,-0.02642,-0.16076,0.22995,-0.14146,0.095423,-0.074502,0.069199,-0.053128,-0.12585,-0.054961,-0.12233,-0.014746,0.04332,-0.058794,-0.015718,0.025972,0.0036338,0.10338,-0.18854,-0.059914,-0.026502,-0.090054,0.21449,0.0041172,-0.12179,0.084377,-0.02326,-0.0077722,0.063981,0.076205,-0.24038,0.062029,-0.06564,-0.07561,0.089818,-0.090005,0.16686,0.019781,0.025742,0.064844,-0.031063,-0.14906,-0.049813,0.18701,0.15801,-0.07173,-0.023201,0.14544,0.0052031,0.12958,0.096427,0.067929,-0.040456,-0.12878,0.12508,-0.099447,0.031073,-0.060252,-0.11061,-0.19484,0.0083791,-0.13323,-0.0064131,-0.013404,0.13946,0.14189,0.042777,-0.00123,0.045307,0.0066402,-0.18946,-0.12808,-0.086642,0.08364,0.10174,-0.06157,0.028574,0.076189,0.097452,-0.12184,0.00085793,-0.1666,0.24126,0.16466,0.056344,0.15428,0.031044,0.036027,-0.11046,-0.026892,-0.0020044
-0.067045,0.14374,-0.11814,-0.066216,0.091212,0.023057,-0.062947,-0.067843,0.23521,0.19502,0.10024,-0.13772,0.1232,-0.10622,-0.14816,0.12886,0.13976,0.11909,-0.018616,0.088716,0.025411,0.043103,-0.10918,-0.054448,0.12131,0.13411,-0.056276,0.076826,-0.049731,-0.0043251,0.17814,-0.09301,-0.13029,0.11414,0.10454,-0.14039,-0.0033478,-0.014262,0.17166,-0.12775,0.057037,0.093579,-0.035494,0.039694,0.039357,0.072167,-0.014648,0.14995,-0.11026,-0.13412,0.15062,-0.05432,0.10418,-0.048457,-0.00059408,-0.0071454,-0.071368,-0.082567,0.014323,-0.063607,0.059095,-0.059148,-0.021494,-0.12493,0.16228,0.13857,-0.063,-0.049366,-0.059411,-0.019133,-0.050262,0.097892,-0.044193,0.026936,-0.029802,-0.067567,-0.077723,-0.11799,0.014874,-0.17198,-0.060125,-0.11697,-0.0056808,-0.10798,0.14133,-0.019839,0.025716,0.0093296,-0.012694,0.06311,-0.019265,0.027716,-0.016681,-0.07954,-0.11253,0.054894,0.17223,0.069752,0.072575,0.17973
-0.04503,0.049526,0.17572,-0.026669,-0.039815,0.0082536,-0.12205,0.064168,-0.026551,0.019385,-0.026176,0.00074268,-0.077645,0.10442,0.0040639,-0.079269,-0.0063341,-0.075968,-0.0068623,-0.087569,0.16235,0.086529,-0.06946,-0.078092,0.13978,0.071167,-0.22183,-0.068669,-0.014962,0.028259,-0.05452,-0.14268,0.10622,0.036941,0.025418,0.11706,-0.039204,-0.057115,0.070187,0.050415,0.05972,0.054395,-0.047038,0.10532,-0.015992,0.016742,0.12516,0.023248,-0.11051,-0.059481,-0.16527,-0.080907,-0.032516,0.11296,-0.11326,-0.060431,0.016582,0.053912,-0.088493,0.072721,0.067877,0.061422,-0.063573,-0.0078152,0.15403,-0.030478,0.048033,-0.053791,0.023009,-0.07495,0.045813,0.078608,-0.059082,0.06776,0.0086777,-0.13397,-0.0154,-0.074803,0.22125,-0.0010484,0.015006,-0.072256,-0.030991,-0.13164,0.13865,-0.048722,-0.039632,0.072356,0.0032618,-0.016287,-0.086799,0.018619,0.10995,0.099359,0.05271,0.028964,0.013939,-0.23346,-0.13998,-0.076864
0.13216,0.033787,0.031712,-0.043563,-0.059798,-0.046721,-0.18224,0.14269,0.0021495,0.25647,-0.025025,0.0088784,-0.00034351,-0.022473,0.16791,0.003373,-0.055705,-0.035222,0.15378,-0.026849,-0.065958,-0.25142,0.029638,-0.029859,-0.00094481,0.016998,-0.036389,-0.0025053,0.16652,-0.098418,0.048147,0.080819,-0.03096,0.095581,-0.012289,0.10883,-0.080629,-0.037959,0.14412,-0.023286,0.1305,0.066804,0.11775,0.054748,0.11,-0.18805,0.053103,-0.11373,0.11317,0.038826,0.10966,0.12291,-0.23124,-0.031601,-0.0066925,0.087465,-0.17698,0.018334,0.10466,-0.041074,0.071179,-0.078585,0.038957,-0.054256,0.12878,-0.067972,0.16089,0.072581,0.14294,-0.064731,0.050041,-0.20177,0.010101,0.10371,0.040627,0.12177,0.012092,-0.086216,0.012928,-0.0033016,0.0034233,-0.13585,-0.066637,-0.050045,-0.087244,-0.0053005,-0.077097,-0.075545,0.065917,0.055073,0.11118,0.037474,-0.012178,-0.12232,0.11793,-0.087616,0.14358,0.074527,-0.13976,-0.041889
-0.088219,-0.1294,0.071762,0.0061539,-0.013191,-0.01442,-0.15412,0.12123,-0.02206,0.00020863,0.14629,-0.073387,-0.03685,0.072018,-0.019533,0.15035,0.091869,0.12452,-0.048425,-0.033647,0.044427,-0.079607,-0.052946,-0.01059,0.093723,0.080179,0.11117,-0.059327,-0.11001,-0.056448,-0.25213,-0.18705,-0.079884,-0.11498,-0.034914,0.035063,-0.097195,0.032977,0.10922,0.061113,0.067863,-0.13728,-0.065476,0.0039525,0.0043821,0.03033,0.049785,-0.022446,-0.10861,-0.24073,-0.037417,-0.092393,-0.14062,0.15939,-0.086619,0.015284,-0.011475,-0.096976,0.049871,0.13454,-0.086113,-0.019719,0.048169,-0.08947,0.23436,0.030914,0.049607,0.018264,-0.1133,-0.04196,-0.081476,-0.15925,0.17553,0.015501,0.071393,0.090439,-0.075733,0.19146,0.12304,0.010208,-0.12919,-0.11432,0.18106,-0.034971,-0.043946,0.049769,-0.10577,-0.0032106,-0.026027,0.094351,-0.12673,0.0027923,0.10632,-0.1148,-0.033807,0.041874,-0.056535,0.059936,0.11009,0.080246
-0.16934,0.022001,-0.028005,0.034932,0.0031598,-0.064748,-0.090544,-0.093166,0.18139,-0.1732,0.0075595,-0.034615,0.1654,-0.072607,0.0020785,-0.16542,-0.083825,0.073102,-0.026017,0.013283,0.22281,-0.059977,-0.11304,-0.026501,0.1305,0.095683,0.038391,-0.04597,0.051989,-0.017516,-0.033395,-0.036602,0.032676,0.01946,0.087311,-0.1634,-0.035635,-0.031482,0.13273,-0.13813,0.06351,-0.0025688,0.04852,-0.17637,-0.082131,-0.26308,0.24139,-0.027457,-0.033121,-0.011274,-0.067114,-0.056325,-0.040934,0.18424,-0.12611,-0.013874,-0.023924,-0.082402,-0.056722,0.015861,-0.052637,-0.22101,-0.0086253,-0.13891,-0.042693,-0.020931,0.016699,0.0032524,-0.030069,-0.098498,-0.044799,-0.37029,0.043532,0.27748,-0.066913,0.019593,-0.048046,0.055045,-0.052946,0.016838,-0.071266,-0.013266,-0.16548,0.066299,-0.16731,-0.11356,-0.11056,0.043719,0.025522,-0.0045108,-0.11288,0.012438,0.079112,-0.10813,-0.10583,0.098685,0.071318,-0.097423,0.07897,-0.050892
0.19077,0.14122,-0.060992,-0.012153,-0.15024,0.081768,0.1024,0.091813,0.1175,0.012716,0.0093258,0.095607,0.20958,-0.029258,0.00090065,0.13916,0.0080101,-0.032204,-0.20074,-0.055376,-0.077215,-0.014402,0.20461,-0.057504,0.051309,0.023215,-0.12762,-0.2555,-0.090251,0.025662,-0.097257,-0.047007,0.025166,-0.17308,-0.0642,0.10844,0.04383,0.11073,0.072633,-0.042631,-0.21309,-0.050904,-0.083231,0.010974,0.045599,0.041445,-0.0087726,-0.046111,0.053691,0.099015,-0.034311,-0.068525,-0.053855,-0.0069705,0.068851,-0.065076,0.069162,-0.031365,-0.071608,-0.11054,-0.19198,0.0087284,-0.083779,0.097683,-0.050403,-0.1428,0.065985,0.066985,0.0020176,-0.042464,0.15268,-0.07653,0.011132,-0.024608,-0.07599,-0.18272,0.046904,-0.1215,-0.064805,-0.11111,-0.17219,-0.082779,0.032155,0.047364,0.10235,-0.14958,-0.1488,0.14309,-0.058548,-0.12172,0.096494,-0.073537,0.10416,0.045753,0.1126,-0.20448,0.00055816,0.057932,0.0010147,-0.041467
-0.065787,0.19408,-0.023843,-0.045909,-0.19155,-0.0088646,0.11625,0.18544,0.082408,-0.12115,-0.0040261,-0.10806,-0.11702,-0.030763,-0.041201,-0.042841,0.13237,-0.09341,0.025871,0.19832,0.19568,-0.0053375,-0.077657,-0.14081,0.20929,0.047157,0.18359,0.069373,-0.041973,-0.11382,-0.12963,-0.15292,0.093643,0.1075,-0.056916,-0.11373,0.12012,-0.057949,0.0011999,-0.097371,0.015846,0.13544,0.064369,0.20128,-0.13256,-0.038669,-0.0073242,0.09982,-0.02146,0.080891,0.050249,-0.13751,-0.061088,-0.016496,-0.091785,0.017296,-0.11087,-0.037082,0.1917,0.02606,-0.056331,0.030302,0.092215,0.13219,-0.051375,-0.14674,0.067263,-0.12382,-0.098538,-0.021538,0.044265,0.10465,-0.017665,-0.1237,-0.19021,0.037838,0.0046954,0.082008,0.055809,0.19603,-0.13106,-0.096825,-0.059723,-0.085865,-0.0049878,0.096364,0.09703,-0.057351,-0.079446,-0.018867,0.23141,0.13939,-0.073535,0.082971,-0.029979,-0.062694,-0.16538,-0.070072,0.079993,0.10061
0.058142,0.080048,-0.064185,-0.28414,0.055015,-0.066398,-0.11395,-0.06678,0.068302,-0.04559,-0.055096,-0.039576,-0.020354,0.026356,-0.13788,-0.058798,-0.1487,0.055456,0.15814,0.13045,-0.099346,0.11093,0.073226,-0.33754,0.0080321,0.0007794,-0.09367,-0.11327,-0.14557,0.0081354,-0.027562,-0.021653,-0.13719,-0.0088888,0.069491,0.055375,0.10098,-0.13042,-0.21035,-0.044609,0.084709,0.014499,-0.20838,0.007852,0.052223,-0.062382,-0.036888,-0.025553,-0.10459,-0.007954,0.12202,0.1964,-0.01433,-0.13681,0.091393,0.14627,-0.027947,0.020009,-0.14202,-0.075847,0.056897,-0.0067102,0.015397,-0.13836,-0.036276,0.1266,-0.082173,-0.10976,-0.082238,-0.013243,-0.11057,0.029347,0.088837,0.11681,0.046215,-0.045792,0.21165,-0.048489,0.094861,-0.0054784,-0.081636,-0.0029355,-0.093695,-0.080671,-0.098419,0.090185,-0.0025379,-0.079873,-0.01956,-0.062515,-0.17783,0.056776,0.053273,-0.072424,0.12212,-0.04229,0.10234,-0.029358,-0.032725,-0.098845
-0.0051045,0.092133,0.12892,-0.058887,0.0011592,0.096117,0.14846,-0.084419,0.033162,0.064621,-0.13198,-0.12032,0.041796,0.077135,-0.08261,-0.16171,-0.12627,0.060693,-0.067063,0.14504,0.0041873,0.054416,-0.09197,0.25818,-0.0083037,-0.20992,-0.10652,-0.022727,0.00034983,-0.11024,-0.072193,0.13179,0.037137,-0.028105,0.0781,-0.122,0.0037993,0.083705,0.27058,0.041756,-0.13512,-0.12409,-0.093932,-0.032756,-0.015047,-0.067599,-0.0052568,-0.11553,0.069725,0.27052,0.1443,0.011434,0.090415,0.045619,0.021786,0.056889,-0.020779,0.056226,-0.18396,0.095614,-0.019046,-0.14397,-0.0062335,0.1146,-0.10152,-0.081826,0.088978,0.049924,0.11068,0.031635,0.015646,0.12084,0.0055959,-0.087385,0.014261,0.10584,-0.051445,0.023149,-0.13418,-0.16915,-0.1466,0.11152,0.013522,0.032361,0.10926,0.058347,-0.034968,-0.093255,0.010569,0.008548,0.053933,0.10467,0.0078167,0.069731,-0.058094,-0.1013,-0.2692,0.014361,0.17019,-0.075309
0.1563,-0.060902,0.071776,-0.099285,0.14405,0.065329,-0.083825,-0.03356,-0.23519,0.19914,0.086043,0.047559,0.096791,-0.048388,-0.020067,0.047381,0.073204,-0.060101,0.023407,-0.016188,0.030726,0.039254,0.081744,-0.2185,-0.068403,0.062259,-0.15048,-0.057922,0.13237,-0.12596,-0.015768,-0.022331,0.0392,0.13455,-0.033189,-0.25737,0.095851,-0.065574,-0.010849,-0.1196,0.13691,-0.13845,0.075091,0.062517,-0.19114,0.057955,-0.0054776,-0.1023,-0.020396,-0.18976,-0.16867,-0.0076011,0.039803,0.13113,0.14236,0.14457,-0.030778,0.022317,-0.18378,-0.096889,0.055874,-0.075734,0.10031,-0.014209,-0.027994,0.18598,-0.10396,0.12497,-0.068533,-0.25513,0.032877,0.02554,-0.12264,-0.013088,0.038694,0.13158,0.094859,0.023144,-0.13383,-0.033208,-0.073318,-0.010948,0.069528,-0.096488,-0.077776,-0.037553,-0.035267,-0.025675,0.07186,-0.11933,-0.05125,0.083715,-0.14337,-0.12556,0.12928,-0.03302,-0.041198,-0.040487,-0.11389,-0.096894
0.040376,0.046347,-0.016677,0.13468,0.023753,-0.11063,0.085566,0.050036,0.0011694,0.077465,0.0811,0.087717,0.053686,0.024442,-0.070962,-0.017226,0.14508,0.15611,-0.00075344,-0.02758,0.0096055,0.022118,0.17525,0.067619,0.22621,0.0085437,0.17475,0.0057161,0.059611,0.10304,0.015397,-0.042391,-0.0087878,-0.059497,-0.00071864,-0.22321,-0.18315,-0.10502,-0.062927,0.015868,0.1919,0.030436,-0.0016547,-0.020091,-0.064014,0.013066,-0.1109,0.030583,-0.069769,-0.061692,0.1351,-0.034209,0.071544,0.028105,0.17352,-0.054822,-0.038605,-0.063089,-0.017712,-0.14342,-0.0011242,0.040217,-0.23238,0.0057509,-0.22236,-0.077895,-0.11456,0.13331,0.14916,-0.13745,-0.073234,0.066565,-0.20863,0.19277,0.13096,0.13647,-0.004855,0.028738,-0.1531,-0.041346,-0.15665,-0.05565,-0.16443,-0.10462,0.046485,-0.12879,-0.12117,0.0086047,0.022675,-0.037112,-0.099436,0.06413,-0.093655,-0.041412,-0.041506,-0.075696,0.12495,-0.13211,-0.23985,-0.097031
0.13654,0.03023,0.11416,-0.27746,0.0015246,-0.19325,0.060015,0.067155,0.051462,-0.047484,-0.063897,0.012955,0.074848,-0.013193,0.044671,0.13668,-0.091035,-0.16426,-0.13302,-0.057374,0.076959,0.066134,0.0081193,0.051032,-0.080323,-0.069643,-0.017929,-0.12076,-0.085764,-0.060552,0.043699,-0.033392,-0.17133,0.093815,-0.044948,-0.14184,-0.12406,0.1577,0.022677,0.055253,0.01415,0.2257,0.030167,-0.037382,-0.072708,0.15156,-0.031518,-0.051072,0.044936,-0.11629,-0.023145,0.1907,0.20792,-0.14713,0.021867,0.21788,0.04949,-0.079427,0.07853,-0.064505,0.014093,-0.16778,-0.02092,-0.18123,0.047672,0.12364,0.0096245,-0.062495,-0.049032,-0.0006917,-0.031805,-0.1609,-0.19778,-0.066386,-0.013459,0.085395,-0.090786,0.064769,0.0010614,0.018868,0.036942,0.12255,-0.03755,-0.093083,0.0083212,0.21541,0.098767,0.14134,-0.061243,0.30707,-0.039015,0.10376,0.084944,0.043666,0.093385,-0.026897,-0.039943,-0.023753,-0.0057708,-0.017963
-0.16789,-0.10449,-0.061669,-0.09972,-0.058128,0.14779,-0.043515,-0.079958,-0.016214,0.0041973,-0.092939,-0.019552,0.044855,-0.03399,-0.054564,0.11287,-0.25506,0.051996,-0.0063938,0.010617,0.034045,0.099052,0.022018,-0.19828,-0.11998,0.013099,-0.10156,-0.13999,-0.11046,-0.09115,-0.044501,0.20429,0.11894,0.24122,0.11578,-0.0040995,-0.033732,-0.12642,-0.33586,-0.053382,0.027965,-0.09871,0.035262,0.060406,-0.012763,-0.17193,0.051552,0.078693,0.072226,0.11053,0.023911,-0.038381,-0.22466,-0.19727,0.059136,0.045596,0.0068743,0.014507,0.1293,0.25742,0.22144,-0.10841,-0.084926,-0.11082,0.05683,0.082795,-0.12327,0.084027,-0.14013,0.062344,-0.051589,-0.018568,0.066809,-0.090472,0.1243,-0.15755,-0.13772,-0.028465,-0.090511,-0.044217,-0.036939,0.14527,0.042998,0.048521,0.19131,-0.0049129,-0.11017,0.0071171,0.15153,0.012284,-0.14393,-0.063353,-0.070926,-0.0087481,-0.15163,0.0052874,0.0054501,-0.027298,-0.045338,-0.011847
0.062713,0.0049152,-0.058741,0.058284,0.14839,0.16279,0.043618,-0.075499,-0.16782,0.090619,0.12186,-0.046172,0.025179,0.059603,0.033118,0.15257,-0.11617,0.021344,0.021528,-0.0064649,0.027852,0.061211,0.054525,-0.11358,0.02771,0.1009,0.0085581,-0.074144,-0.10161,-0.081552,0.030013,0.1197,-0.23635,-0.023625,-0.029736,-0.010599,-0.055433,-0.0042029,-0.039802,0.10457,0.0057318,-0.014975,0.16412,-0.066923,0.013478,0.11898,0.038022,-0.10239,-0.04065,0.19857,0.044417,-0.13549,0.082221,0.010026,0.051572,0.014451,0.055629,0.033919,-0.17638,0.15608,0.058162,0.14751,-0.095523,0.063409,-0.097359,0.029241,-0.18686,0.19681,0.044598,0.16107,-0.025942,0.030082,-0.089635,-0.027005,0.03897,-0.0025252,-0.013785,-0.16393,-0.11044,-0.1809,0.11099,0.1049,0.10784,0.15175,-0.21183,-0.058235,-0.11726,0.16326,0.038577,-0.0015583,0.11261,0.16521,0.20076,-0.045816,0.15917,0.029408,-0.10292,-0.041578,-0.21782,-0.048439
-0.039477,-0.080468,0.13908,-0.092058,-0.060695,0.0024446,0.045101,0.053686,-0.067276,0.068464,-0.11007,0.032625,0.0020037,0.037107,-0.028274,0.072267,0.070246,-0.093766,0.055422,0.040792,-0.07673,0.089643,-0.15145,0.0037487,0.27086,-0.00451,-0.019003,-0.11779,0.055293,0.12189,-0.071167,0.080066,0.16534,-0.070998,0.011039,0.22646,-0.078771,-0.14919,0.27328,-0.049767,-0.032963,0.040931,-0.017878,-0.22235,0.099233,-0.17925,-0.018127,-0.085327,-0.0757,0.040077,-0.029123,0.00021453,0.1409,-0.09588,-0.062338,0.00019108,0.030854,0.062434,-0.049248,0.18808,0.14961,-0.031691,-0.23009,-0.022178,-0.04074,0.0023857,-0.052017,-0.05682,-0.078268,-0.070207,0.1111,0.015051,-0.20105,-0.08128,-0.11471,-0.11822,0.057925,-0.050315,0.14452,-0.10575,-0.20714,0.013921,-0.13122,-0.017596,0.066756,-0.061668,0.060485,0.037412,0.07358,-0.040697,0.047403,0.032058,-0.062806,-0.10241,0.065339,-0.027969,-0.021939,-0.031755,0.058014,0.13599
0.022378,-0.06191,-0.069267,-0.10678,0.086335,0.025631,0.10192,-0.02855,-0.10044,0.15825,-0.052854,-0.0543,0.037956,0.11515,-0.052577,0.035938,-0.061061,-0.075647,-0.062512,0.028501,-0.025153,0.0042031,-0.1732,0.10441,-0.081511,-0.034601,0.0027084,0.055236,-0.055182,0.16628,-0.02579,0.1003,0.033211,-0.066208,0.010811,-0.0033475,0.081656,0.05234,-0.023048,0.046464,0.13895,-0.29704,-0.27805,-0.10786,-0.13826,0.031607,-0.07595,-0.032703,-0.038859,-0.030011,-0.05925,-0.092262,0.086434,0.020914,-0.068171,-0.14384,0.094,0.11726,-0.044389,0.053743,0.03915,-0.0090559,-0.058078,-0.19251,-0.1348,-0.049722,-0.15733,0.0047746,0.10091,-0.058954,0.026916,0.088373,0.10203,-0.15277,0.090864,0.020055,0.0091057,0.023552,0.1199,-0.065454,0.15032,0.1522,-0.094645,0.083867,0.047945,-0.063262,0.023107,-0.095689,0.12426,-0.14694,-0.0045389,0.079989,-0.19657,0.077197,-0.04938,-0.081706,-0.050118,-0.075015,0.20199,0.011572
0.11169,-0.13646,0.10122,0.020936,0.18363,-0.013436,-0.037798,-0.067413,0.084794,-0.12924,0.0095625,0.035166,0.01039,0.040573,0.081975,-0.051003,0.041618,0.050696,0.10146,0.012627,-0.028786,-0.03337,-0.0057658,0.027676,0.010295,-0.00010173,-0.049414,0.010435,-0.10145,0.087206,-0.012749,-0.13209,0.11356,0.04991,-0.10873,0.0018913,-0.1258,-0.0020263,-0.054042,0.061193,0.099603,0.067183,0.07941,0.038539,0.13285,0.1048,0.13561,0.149,0.10436,0.11043,0.0030148,-0.13454,-0.18418,-0.020895,0.065598,0.068677,-0.011094,0.086797,-0.1898,-0.059077,0.13815,0.17127,0.26587,0.076456,-0.01634,0.062053,0.084278,0.02153,-0.163,-0.14771,-0.037789,-0.072439,-0.16013,-0.050933,-0.088079,0.013653,0.025626,-0.1258,0.026232,-0.018964,-0.0078728,-0.029164,-0.049364,0.12838,0.018065,0.25413,0.0030955,-0.054524,-0.01286,0.086598,-0.13873,-0.1216,-0.046362,-0.093654,0.016251,-0.038015,0.045009,0.13814,0.14767,0.040464
-0.057825,-0.065155,-0.0078522,0.067729,-0.11217,-0.081803,-0.025361,-0.099773,-0.13383,-0.049373,0.079927,-0.12037,0.0085002,-0.025876,0.027363,-0.031433,-0.078204,0.11662,-0.024234,0.091252,0.19243,0.02832,0.0099271,0.11396,-0.055273,0.04801,0.0814,-0.19697,-0.0017262,0.020448,-0.025417,-0.05454,0.11528,-0.027389,0.077881,0.2843,0.071756,-0.025555,0.10845,-0.014162,-0.059617,-0.044681,0.14698,0.12905,-0.029179,0.14161,-0.032427,0.038437,0.014923,-0.086416,0.093848,0.032593,0.24024,0.16043,0.029376,-0.12007,0.067818,-0.089382,-0.06382,-0.13057,-0.055605,0.047285,-0.064935,-0.0067515,0.028695,-0.11343,-0.078576,-0.11108,-0.066348,-0.023935,0.055379,-0.13313,-0.079647,0.038302,0.077199,0.18876,0.049809,0.037792,-0.15263,-0.23433,0.15185,0.043662,-0.043125,-0.0041115,-0.012501,-0.037774,0.0073597,-0.067348,0.061172,0.090957,-0.0023144,-0.18582,0.13114,0.098411,-0.041473,-0.061562,-0.0095248,-0.024806,0.0054234,-0.15186
0.15527,0.014002,0.02481,-0.0054481,-0.031753,-0.054864,0.019193,-0.16017,-0.052293,0.15972,-0.010454,-0.031544,0.14351,0.071883,0.11233,0.060543,0.0026288,-0.1302,0.16647,-0.0080676,-0.061903,0.094759,0.1052,-0.083079,0.032806,0.11299,0.012486,-0.052556,-0.03061,-0.010531,-0.11718,-0.15296,0.028598,-0.041531,0.11373,0.040402,-0.10263,-0.18742,-0.10607,-0.104,0.0035191,-0.045308,-0.12407,-0.19137,0.014866,-0.25171,-0.15083,-0.025716,0.039257,0.04589,0.051747,-0.095277,-0.02113,-0.0134,0.0085929,0.032032,0.077624,0.010961,0.0011182,0.034608,0.071377,0.24095,-0.012279,0.18025,0.22593,-0.017255,-0.13365,-0.0012871,-0.020395,-0.072416,-0.1626,-0.077199,-0.054541,0.081873,-0.044389,0.10175,0.035185,-0.048368,-0.2188,-0.087223,0.018373,-0.21363,-0.012667,0.023937,0.024303,0.036505,-0.03781,0.095664,0.086761,0.13414,0.050325,-0.09637,0.15145,-0.015537,-0.14064,0.064572,-0.069754,0.077971,0.0124,-0.082752
-0.040041,0.032144,-0.025469,0.039521,-0.12207,-0.13483,-0.11383,-0.036874,-0.14397,0.16283,-0.068041,0.023565,0.23143,-0.14149,-0.093513,0.053313,0.12457,0.16633,0.2169,-0.040233,0.063265,-0.10826,0.034684,-0.11189,0.14559,0.12051,-0.043377,-0.023882,-0.0068614,-0.05074,-0.11109,-0.019002,0.072707,-0.13341,-0.073473,-0.088824,0.042627,-0.0062836,-0.053425,0.072073,-0.0011894,-0.032585,-0.11154,0.12234,-0.011399,0.045267,0.17454,-0.027236,0.054282,0.042759,-0.060151,0.044091,-0.054808,0.0068755,-0.21351,0.22502,0.04659,-0.053807,0.026187,0.15406,-0.025016,0.062301,-0.13535,-0.062533,0.010633,-0.27649,-0.11301,-0.090683,-0.050008,0.16253,-0.125,0.16069,-0.076564,0.094236,0.072085,-0.21817,0.13291,0.19367,-0.10697,0.17863,-0.10849,0.010735,-0.068878,-0.086681,-0.042255,-0.15109,0.029223,0.084942,-0.0027463,0.012897,-0.1999,0.012394,-0.028327,0.12507,-0.25297,-0.043848,-0.091154,0.05926,0.064224,0.10651
-0.098176,0.095248,0.087381,-0.18865,-0.021198,0.023247,0.050677,0.029863,0.11859,-0.039302,0.12732,0.0079013,0.16122,-0.17704,-0.058471,-0.082109,0.08317,-0.016686,0.084632,0.20687,-0.080695,0.07487,0.0078119,0.022808,0.12036,-0.019391,0.052306,-0.14657,0.026446,0.12916,-0.016695,0.17703,-0.083046,-0.0033088,0.032371,0.011411,-0.076496,-0.10097,0.10378,-0.0076895,-0.10938,-0.051204,-0.046769,0.19237,-0.12907,-0.11201,-0.054795,0.029318,0.1161,-0.099009,-0.12138,0.13857,0.070972,-0.065291,0.15628,0.0083109,-0.053688,-0.035215,0.065372,-0.0042448,-0.18457,-0.040801,-0.11772,-0.12876,0.021805,-0.036372,9.8409e-05,-0.073424,-0.096241,-0.073631,0.10359,0.23373,0.073057,-0.069345,0.0098066,0.05468,-0.030212,0.016402,0.0089053,-0.054573,0.0021853,0.089545,-0.093312,-0.066046,-0.010194,-0.092502,0.015594,-0.034952,-0.001011,0.09945,-0.032612,-0.037289,0.15164,-0.20178,0.15428,-0.016115,0.058595,-0.073871,0.0096218,0.034937
0.0098532,-0.039506,0.034884,0.041048,0.078218,0.14215,-0.10271,-0.019129,0.090134,-0.10906,0.095311,0.034197,-0.12769,-0.14645,0.15019,-0.10508,0.10627,-0.0084635,0.044816,-0.22179,0.20737,0.18078,-0.090178,-0.045553,0.053251,0.075408,-0.10728,0.03526,-0.060158,0.030875,-0.10444,0.23731,0.034228,-0.18378,-0.1312,0.0015212,-0.049179,0.082159,0.086346,0.044849,-0.12484,0.021956,0.028222,0.039726,0.035952,-0.072739,-0.032832,-0.10674,-0.037283,-0.082126,0.1439,-0.055843,0.03682,0.069243,-0.18345,0.023648,-0.051384,0.090968,-0.0055819,-0.11278,-0.044529,-0.13903,-0.024183,0.2248,0.066029,-0.07443,0.049636,0.038227,-0.14433,0.086484,0.018066,-0.036975,-0.0093009,-0.016945,-0.0027057,0.080635,-0.0002417,-0.22187,-0.0099777,-0.14055,0.043371,0.16036,0.020035,0.0075274,0.11946,0.02771,0.22509,-0.10228,0.11555,-0.039025,0.080484,-0.17034,0.098133,-0.1217,-0.0045915,0.085237,0.0023925,0.16726,-0.14748,-0.072266
-0.076131,-0.16426,0.062223,-0.027271,-0.14544,0.077073,-0.24033,0.017615,0.09091,-0.066142,-0.09207,-0.07381,0.097436,-0.055794,0.012166,0.030753,-0.045237,-0.0029433,-0.042571,0.05813,-0.024751,-0.020347,-0.074435,-0.027974,0.14642,-0.040104,-0.11815,-0.090944,0.035399,-0.0040759,-0.21206,0.00046604,-0.032581,0.097276,0.053193,0.0011643,-0.040467,-0.0049904,-0.024144,0.011977,0.016801,-0.21048,0.034629,-0.078458,0.072414,-0.047316,0.13674,-0.05556,-0.0072631,0.034586,0.023145,0.039172,0.14657,0.026073,0.084776,0.042694,0.055069,0.032175,-0.094838,0.15287,-0.35076,0.037563,-0.079082,0.071691,-0.11543,-0.14208,-0.11714,0.038219,0.035641,-0.14695,-0.019795,-0.047478,0.081045,0.024528,-0.14478,0.050461,-0.061282,-0.05968,0.0064434,-0.062317,0.20428,-0.040117,0.021099,-0.22796,-0.071088,-0.19302,0.16657,0.072506,-0.044646,-0.035122,0.056714,0.084158,0.097502,-0.10558,0.0053257,0.025612,0.035829,-0.15909,-0.036063,-0.11273
0.040551,0.0090232,0.088502,-0.16087,0.13896,0.047752,-0.12631,0.18613,-0.097823,-0.089415,0.10755,-0.033702,-0.12975,-0.11087,0.022966,-0.14189,0.079045,0.16129,-0.05084,-0.049613,0.09025,-0.14541,0.057026,0.12563,0.022099,-0.14405,-0.049528,0.00046102,0.065316,-0.044008,0.066583,-0.079897,0.052275,-0.047181,0.1649,0.070066,-0.012766,0.10927,-0.075064,-0.079971,0.016321,0.026719,0.028533,0.039415,0.063921,-0.010327,0.043658,0.07183,0.23817,-0.016779,-0.0036761,0.0043223,0.067119,-0.010774,-0.027143,-0.031144,-0.19296,-0.024578,0.0020701,-0.22116,0.096647,-0.073573,0.023294,0.10927,0.13399,-0.034067,0.095501,0.036151,0.066757,-0.1197,0.074854,0.099401,-0.15949,-0.059346,0.12494,0.066832,0.21086,0.073924,0.034525,0.015157,0.041767,0.070906,0.093199,0.073151,-0.039475,-0.11447,0.064821,-0.039654,0.01707,-0.0011,-0.085929,-0.031929,0.083585,0.1268,0.047238,-0.062021,-0.06261,-0.075734,-0.051001,0.085921
-0.14442,0.11437,-0.018562,-0.1626,-0.01049,0.0022451,-0.028361,0.20542,-0.065542,-0.069138,0.11442,0.12109,0.030342,0.11424,-0.14132,0.067743,0.075638,-0.050061,-0.011606,-0.1728,-0.099505,0.013752,-0.0082714,0.085665,0.12953,0.033945,-0.090033,0.10032,0.19705,0.17406,-0.079913,0.033677,0.021022,0.061599,0.053973,0.031437,-0.081447,-0.049764,-0.030035,-0.05721,0.017269,0.087073,0.0066666,0.062866,0.13675,0.051336,-0.059484,0.039588,0.084076,-0.063305,-0.023018,-0.008089,0.013585,0.16181,0.0053704,0.069622,-0.10306,0.074582,-0.052308,-0.14649,0.11628,-0.0010802,-0.03565,-0.025042,-0.11693,0.0041928,0.032849,-0.093401,-0.00065948,-0.065638,-0.00039278,-0.012779,-0.018203,0.1196,0.0048359,0.052812,0.07592,-0.050852,0.097,0.017532,-0.12518,-0.14566,-0.046699,0.038054,0.11099,-0.26451,0.0029718,0.034274,-0.040731,-0.036432,0.059664,-0.07143,0.206,-0.08864,-0.066062,-0.03459,0.077231,0.02037,-0.024656,-0.03005
0.096039,-0.19848,0.2045,0.184,-0.063035,0.1358,0.0041547,0.0030333,0.059126,-0.010664,-0.084713,-0.053572,-0.031457,0.088328,0.055954,0.088206,0.032418,-0.052779,0.11917,0.091414,-0.071412,-0.035145,0.20005,0.02338,0.18599,-0.017557,-0.10594,-0.0074934,0.08633,-0.027067,-0.048551,-0.23444,0.1074,0.051189,0.15632,0.17661,0.046067,-0.044253,-0.1338,0.080436,-0.21736,-0.0094723,-0.094031,-0.02806,0.060318,-0.051021,0.032103,-0.0082356,-0.019965,-0.065106,0.013137,0.033066,0.0182,-0.013099,-0.11916,0.015349,0.039446,0.17913,0.018382,0.11382,-0.14736,0.080231,-0.050002,0.037387,0.1155,0.0024038,0.061167,0.079638,0.12645,0.0026997,-0.0039086,-0.15617,-0.014141,0.081564,-0.1757,-0.058628,0.16685,-0.022077,0.013303,0.088806,-0.09547,0.1153,-0.018234,-0.010316,-0.056179,-0.18495,-0.01243,0.1126,-0.12576,0.079745,-0.10587,0.010748,-0.075068,0.031808,0.1076,0.0037199,-0.063413,-0.07051,-0.12287,-0.1276
0.023817,-0.040023,-0.038583,0.16523,0.0067624,0.12004,-0.09329,-0.084594,0.078621,0.02422,-0.074429,-0.071317,0.032908,0.046003,0.0089752,0.14735,-0.078474,0.010608,0.0055441,-0.19685,0.035877,-0.086959,0.10573,0.040734,0.074092,-0.11432,0.11174,-0.15116,-0.06132,-0.0072263,-0.013131,0.089605,-0.0031001,-0.11961,-0.13884,0.1357,-0.16219,-0.0016343,0.11369,-0.032283,-0.20359,0.13972,-0.022986,0.081036,-0.078315,-0.14001,0.074117,-0.13549,0.10313,-0.082578,0.15108,-0.17318,0.071294,-0.11391,-0.11847,-0.0043859,0.091042,0.011526,-0.1524,0.034472,0.046019,0.12299,-0.12292,0.19329,0.027229,-0.033934,-0.099034,-0.19493,0.096262,0.099875,-0.11057,0.064096,0.16743,-0.2306,0.06561,0.19344,0.037352,0.084828,-0.12265,-0.018394,0.058486,0.089952,-0.042293,0.012358,0.057438,-0.030725,-0.26357,-0.017863,0.053532,0.043011,-0.19092,0.076833,0.011587,-0.00058442,-0.1541,0.0076192,0.0051234,-0.065218,0.011635,0.11876
-0.10753,0.22572,-0.031183,0.058168,-0.087919,-0.01098,0.16273,0.042781,-0.063549,-0.12996,-0.14982,0.11235,0.094629,0.055288,-0.029907,0.147,0.052535,0.038888,-0.019912,-0.082949,-0.046097,0.014628,0.034679,-0.045052,0.0010587,0.032367,0.09539,-0.00088283,0.20274,-0.17584,-0.023073,0.01284,-0.10276,0.028474,-0.045333,0.025942,-0.19411,-0.16412,-0.050889,0.16929,-0.040097,-0.020536,-0.05247,-0.0068519,0.14375,0.025327,0.063409,-0.09666,-0.099942,0.041351,-0.035801,0.12387,-0.1191,-0.004246,0.0077611,-0.03025,-0.012861,-0.0091835,-0.065227,-0.079416,-0.075724,-0.15585,0.24988,-0.012973,0.079101,0.021819,-0.0088921,-0.16738,0.065558,-0.039492,0.014116,0.069438,0.066272,-0.16327,-0.1031,0.052766,-0.13214,0.030029,-0.11008,0.010818,0.1366,-0.092563,-0.050511,-0.13569,-0.07332,0.037127,-0.21929,-0.14007,0.16052,0.10386,0.043524,-0.010046,0.11838,-0.079984,0.10717,0.0027295,0.013692,-0.017659,-0.15229,0.10804
0.066998,-0.010109,0.083918,-0.090154,0.10436,-0.13502,0.17241,0.082737,-0.052208,0.10704,-0.18985,-0.029834,0.27389,0.13036,0.12929,-0.058064,-0.085922,0.073366,0.060207,-0.035892,0.15465,-0.039832,-0.11374,-0.095329,0.061531,-0.048129,-0.079395,-0.020014,0.038445,0.035266,-0.14113,0.1404,-0.14911,-0.10838,-0.053968,0.0090421,0.18845,0.1411,-0.031532,0.070612,0.011661,0.032877,0.061862,0.02673,-0.1408,0.061243,-0.069217,-0.043151,-0.11912,0.12971,-0.12262,0.21854,-0.042281,-0.27546,-0.019003,0.1245,-0.024103,-0.056888,0.023649,-0.015321,0.088446,0.026266,-0.17186,0.037696,0.025513,-0.021764,-0.022041,-0.062582,0.16833,0.059696,-0.0071387,-0.21591,0.086277,0.02083,-0.19383,-0.034178,0.21978,-0.12104,-0.12075,0.10985,0.1457,0.12538,0.044141,0.12133,-0.1279,-0.0423,-0.14661,0.11836,0.16703,-0.11435,-0.01743,0.060335,-0.28039,0.02557,-0.15692,0.034021,-0.031413,0.021862,0.12928,-0.081377
-0.15714,0.027448,-0.075662,0.033865,-0.083477,0.0070368,-0.00019002,-0.033849,0.037138,0.089027,0.0039247,0.00037379,-0.096701,-0.0018437,-0.045962,-0.013737,-0.17029,-0.12057,0.029417,0.14676,-0.011633,0.0079679,0.078182,0.12822,0.072383,0.2429,-0.15021,-0.056689,-0.059333,0.058433,0.090648,0.034592,0.20183,-0.090116,-0.0024859,-0.039241,0.13134,0.0081581,-0.060219,-0.066376,-0.15339,0.11288,-0.1039,-0.088277,0.040037,0.16879,-0.0033699,-0.17916,-0.012303,0.16235,0.10048,-0.044786,-0.057207,0.066437,0.16609,-0.068264,-0.1555,0.23488,-0.063307,-0.091886,-0.20548,0.14695,0.19909,-0.023714,0.023932,0.048017,0.0030879,-0.088442,-0.15486,0.075961,0.041095,-0.032557,0.10657,0.063356,0.038113,0.024151,0.069733,-0.060025,-0.26275,-0.15068,-0.061314,0.075825,0.012554,0.087047,-0.08276,0.15375,-0.049765,-0.02019,0.035764,-0.11282,0.23159,0.041412,-0.032683,-0.1826,-0.15525,-0.0044296,-0.03371,0.033404,-0.14306,-0.061164
-0.089733,-0.04733,0.11666,-0.048599,0.089821,0.043663,0.071653,-0.0024922,-0.1288,-0.06256,0.0058823,0.10157,0.06372,0.08826,0.0061371,0.034206,0.12522,0.15012,0.020105,-0.26348,-0.084448,-0.010047,0.014488,0.022459,-0.32006,-0.01856,-0.25119,-0.099467,0.089061,0.028993,-0.090918,-0.14954,0.015887,-0.12467,-0.042457,-0.17901,-0.019803,0.011674,-0.039773,-0.055629,0.079977,0.10615,0.0088339,-0.15806,0.106,0.03128,0.092344,-0.12201,-0.11236,0.098221,0.097528,0.19048,-0.21014,-0.052252,0.14066,0.0030857,0.036671,0.083015,0.11515,-0.073898,0.11441,0.049729,0.11368,0.038962,0.058023,-0.19845,0.24008,0.075468,0.053032,-0.22347,-0.14058,0.24653,-0.00060049,0.0043173,0.15777,-0.048333,-0.15914,-0.087778,0.092862,0.2229,0.0064119,0.034304,-0.028726,-0.10865,-0.045544,0.097423,-0.047196,-0.12751,-0.031506,0.12091,0.098188,0.095946,0.24705,-0.15828,-0.13493,-0.10715,0.018551,-0.040467,-0.13967,-0.11368
0.033547,-0.12964,-0.017462,-0.16261,-0.015811,-0.006059,0.05007,0.094893,-0.051504,0.20104,0.023829,0.044938,-0.030052,-0.024747,0.13173,0.0047365,-0.19213,0.2884,-0.23692,0.1155,-0.032378,-0.0057667,-0.092941,-0.070882,0.013969,-0.042921,0.092944,0.05199,-0.042127,0.11387,-0.20957,-0.081502,0.077623,-0.024488,-0.026796,-0.17765,0.090004,0.071484,0.038447,0.028729,0.13636,-0.024767,-0.081678,-0.15715,-0.086573,0.057601,0.19731,0.067565,0.026527,0.0034672,0.16774,0.018117,-0.038899,0.011966,0.030851,-0.031591,0.037426,0.1262,0.10395,0.17462,-0.00038738,-0.15406,-0.026573,-0.17256,0.055311,0.032057,-0.070781,-0.21849,-0.0019211,0.091498,-0.089751,0.0018916,-0.0028885,0.17607,0.067021,-0.091344,0.15568,-0.082709,0.086223,0.094497,-0.050099,0.23949,0.026152,-0.11573,-0.2511,0.081963,0.033011,-0.041497,-0.13347,-0.083011,-0.022728,0.044772,0.082733,-0.097929,-0.060003,0.12221,-0.088732,-0.031562,0.25626,-0.13551
-0.14379,0.20867,-0.17936,0.067858,-0.17685,0.12853,0.16534,0.10486,-0.15808,0.0044988,0.10026,0.0029648,-0.18692,0.13881,-0.024696,0.074851,-0.13946,0.05289,0.060332,-0.029405,-0.020883,-0.13651,0.037061,-0.08353,-0.030898,-0.065688,0.048001,0.036418,0.005812,-0.068239,-0.14746,0.040337,-0.072243,0.17377,0.037391,0.1172,0.098878,0.0014172,-0.028187,-0.030049,0.054878,0.079237,-0.0026914,0.040475,-0.077542,-0.068426,0.17097,0.024569,-0.045784,0.079297,-0.036076,0.21519,0.0013682,0.036429,-0.069885,0.10545,0.0090991,-0.082778,-0.049016,-0.059157,0.12311,0.040769,0.025212,-0.0021271,-0.057747,-0.017909,0.20977,0.025672,-0.030535,0.048324,-0.20397,-0.0019712,-0.072159,0.0038317,-0.004864,-0.063708,0.048403,-0.063032,-0.11682,0.016731,0.011125,-0.033,0.05384,0.1399,0.13057,0.09756,0.064325,-0.032737,-0.048268,-0.013641,0.087001,-0.15042,0.027492,0.16988,0.20406,-0.041864,0.013342,-0.12699,0.10732,0.10387
0.028555,-0.014559,0.018259,0.094915,0.060478,0.065459,0.094124,0.055055,0.16352,-0.13137,-0.086462,-0.013543,-0.048123,0.12122,-0.011571,0.14929,0.055977,0.13439,0.013644,0.0227,0.048786,0.012686,-0.076674,0.15517,0.050267,-0.04614,-0.0054306,0.17369,0.072655,-0.049261,-0.10665,0.01701,-0.014437,-0.0080512,-0.10234,0.076494,0.1084,0.011576,0.050367,0.14086,0.0042713,-0.0094634,0.055513,0.12377,0.070402,0.090466,0.034023,-0.064618,0.060408,-0.10864,0.027661,-0.032176,-0.063739,0.058564,0.059099,-0.013292,0.071353,0.072705,-0.12332,-0.18115,0.038641,0.045779,-0.24056,0.018932,0.032732,0.0045364,-0.056674,0.10934,0.052123,-0.029605,0.14314,0.026065,0.08194,-0.096433,-0.044782,0.10755,0.017574,-0.10762,0.040813,0.013079,-0.12461,-0.056279,0.10034,-0.052634,-0.12566,0.024031,0.045952,0.16142,-0.0542,0.051196,-0.092765,0.13343,0.093459,-0.11491,-0.077124,-0.07951,-0.027647,0.097637,0.028143,-0.005988
0.087376,-0.11374,0.016609,-0.0086526,0.036092,0.012627,0.054382,0.10813,-0.15789,0.11726,0.0039394,-0.22214,-0.16353,0.0026773,0.14037,0.065086,0.11463,0.16126,-0.080252,0.088394,0.017469,-0.027635,-0.029023,0.02953,0.10578,-0.12537,0.050688,-0.10689,-0.040598,0.027454,0.10476,0.080937,0.1011,-0.17181,-0.03236,0.031055,-0.024732,0.11131,0.0051874,0.067072,-0.038317,0.095642,-0.067556,0.078719,-0.11761,0.094981,-0.1498,-0.12071,0.18452,0.012754,0.069448,0.070851,-0.028839,-0.14319,-0.031798,-0.15255,0.047391,0.15835,0.0062349,-0.016951,0.041294,-0.084547,-0.054967,0.016681,-0.162,0.075378,-0.012181,0.083565,0.072934,0.061906,0.30246,0.10278,0.01209,0.042271,-0.13947,-0.093645,-0.13435,0.098914,0.11869,0.027642,0.17786,-0.014392,0.015215,0.079837,0.01829,-0.14,-0.022701,0.15404,-0.11564,-0.1489,-0.0031477,0.093974,0.088469,-0.14409,-0.00039327,0.14081,-0.01996,0.03413,0.0063404,-0.1424
0.13254,-0.05081,0.074962,-0.00088336,0.18167,-0.16458,0.12467,0.11286,-0.046421,0.063535,-0.14515,-0.083239,0.20741,0.1016,0.16904,-0.10487,0.066957,0.1232,-0.17535,0.022292,-0.030867,-0.070027,0.22785,0.11849,0.0050038,0.049271,-0.031766,0.072462,-0.19351,0.028742,0.012078,0.0019296,-0.026973,-0.0012765,-0.022817,0.0056075,-0.027375,-0.12059,0.017334,-0.09642,-0.029812,0.011974,-0.060571,-0.14068,0.040437,0.044334,-0.10743,0.013044,0.0077167,-0.12291,0.056197,0.024134,-0.022742,-0.013617,0.062854,-0.18239,-0.11176,0.038181,-0.017715,-0.11672,0.0074201,0.033941,0.17027,-0.11441,0.12504,-0.025329,0.033165,-0.048188,0.021591,-0.043351,0.085759,0.070776,-0.1764,0.10093,-0.050659,0.026634,0.058118,0.0048644,0.055486,-0.079496,0.16334,-0.032506,0.089227,0.12252,0.080846,0.1353,-0.015869,0.051822,0.093324,0.078083,0.16413,3.8105e-05,0.047012,-0.037692,-0.068021,-0.077735,0.064313,0.10154,-0.091629,-0.09507
-0.12366,-0.1021,-0.062277,-0.018021,-0.14184,0.052913,-0.036865,-0.032135,0.0063101,-0.062174,0.064625,-0.046254,0.13436,0.031051,0.037417,-0.17803,0.033992,0.067431,-0.053016,0.045845,-0.013092,0.22771,0.043341,-0.014762,0.1345,0.01467,-0.019029,0.023387,-0.18134,0.0063048,-0.054627,-0.018094,0.14638,-0.013676,0.0052778,0.20191,-0.039624,0.064565,0.16651,0.1653,0.052096,0.049223,-0.14045,-0.3186,-0.005403,-0.011454,-0.11476,0.039035,-0.13266,0.06911,0.14786,-0.069473,-0.036031,0.10712,-0.06261,0.05625,-0.031342,0.01673,-0.18248,0.16238,-0.033566,-0.096493,0.10034,0.025978,0.037696,0.11862,0.058804,0.11218,0.07038,0.17629,-0.038004,-0.14615,0.089293,0.25762,0.017772,0.019602,-0.20415,-0.0014328,0.027132,0.017334,0.17698,-0.14409,-0.20121,0.027099,0.0050557,-0.0016605,0.11227,-0.026529,-0.058584,-0.047567,-0.086411,0.0099411,-0.0004892,-0.11875,-0.071235,-0.1777,-0.022627,-0.15342,0.036015,0.083671
0.04449,-0.0095313,-0.068413,-0.050457,-0.026151,-0.044889,0.090582,-0.030102,0.11247,0.027512,0.0031386,-0.0069107,0.010435,-0.034315,0.057113,-0.00055418,0.15913,-0.044022,0.097618,-0.12157,0.1239,-0.046818,-0.07133,0.090074,-0.060114,-0.22267,-0.10177,0.14098,-0.15834,0.034616,-0.092672,0.019306,-0.041461,-0.13098,0.02223,-0.041466,-0.14499,-0.14944,0.21216,0.14815,-0.11665,0.056131,-0.067364,-0.052677,0.028713,-0.016956,0.26975,-0.013729,0.057795,-0.03648,-0.058918,0.067714,0.12434,-0.0080732,0.11524,-0.14474,-0.16019,-0.17149,-0.093227,0.0052294,0.24208,-0.026224,0.0050132,0.03961,0.073066,0.24691,-0.026282,0.05678,-0.0035943,-0.026271,0.11986,-0.22296,0.06397,-0.00054424,0.0263,-0.093047,0.11893,-0.041442,-0.010549,0.075667,0.13262,-0.017003,0.043083,0.055844,-0.061835,0.029156,-0.072334,-0.34253,-0.041632,0.075468,-0.26759,-0.0016399,-0.22508,0.013937,0.026642,0.039044,-0.044193,0.087378,-0.13099,0.0034799
0.012824,0.041864,0.03295,0.12387,-0.13389,0.031289,-0.31145,0.17816,0.10111,0.071873,0.1297,-0.061364,0.049738,-0.064858,0.10807,-0.097265,0.084527,0.083239,-0.12778,-0.0046703,0.18307,-0.00037439,0.093007,-0.18407,0.018071,0.037664,-0.18324,-0.18336,0.16442,0.25432,-0.060009,0.023644,0.085201,-0.050575,-0.042775,0.13516,-0.16694,-0.16154,-0.16265,0.025029,-0.069912,0.010825,-0.044015,0.11443,0.017575,0.12804,-0.059017,-0.16016,0.041347,0.18888,-0.20399,0.16232,-0.054153,-0.0022708,0.031886,-0.0046471,0.17216,-0.049819,-0.026674,0.19244,-0.0094565,-0.10327,0.094838,0.14018,0.067027,0.19613,0.055475,-0.11384,0.16618,-0.10915,0.11577,0.044429,-0.11606,0.043789,0.019212,0.01048,0.035946,0.21097,-0.017924,0.039274,0.031417,0.04528,0.11251,0.22397,-0.14238,-0.03887,0.12254,0.032064,-0.027455,0.068402,-0.049356,-0.046357,0.17351,-0.08815,-0.15479,0.1729,-0.048839,0.046721,0.1747,-0.024223
-0.04433,0.00066985,-0.0079926,-0.02517,-0.058191,-0.086462,0.15741,0.096191,-0.023933,-0.011642,0.16369,-0.050942,-0.14945,0.24617,0.018823,0.070394,0.018001,0.010926,0.056385,-0.17199,0.030321,0.068981,-0.10277,0.074891,-0.062269,0.0059956,-0.019915,0.071953,-0.15493,0.017509,-0.036106,0.001861,0.082476,0.020863,0.14136,-0.008509,-0.0002559,-0.27018,0.032741,0.096318,-0.16507,0.032891,0.10358,0.072597,-0.07052,-0.16839,-0.028155,0.066541,-0.14909,-0.1185,0.050615,-0.034272,0.027488,-0.064985,-0.039463,-0.085054,-0.13433,0.030447,0.046451,-0.024202,-0.10984,-0.041473,-0.022776,-0.048614,0.3347,-0.07452,0.14463,0.013708,0.098195,0.12511,0.13373,-0.049909,0.071231,-0.021381,-0.0074751,-0.2389,0.017241,0.020946,-0.00085901,0.1203,0.021026,0.14913,0.037731,0.051277,0.058862,0.10605,-0.066876,0.075425,-0.18038,0.15107,0.050846,-0.023548,-0.034968,0.1211,0.052507,-0.0070934,0.12952,-0.040732,-0.08879,0.099536
-0.051042,0.070439,-0.0091766,-0.11227,-0.030519,0.06285,-0.06532,0.048785,-0.15078,0.047033,0.055143,0.094784,-0.040595,0.029621,0.039666,0.071745,-0.090078,-0.0058036,0.017224,-0.043438,0.046589,-0.02028,-0.10569,-0.066809,-0.061281,-0.052822,0.14564,-0.026683,0.2004,0.0026672,-0.091856,0.016311,-0.21508,0.095253,0.032716,-0.029928,0.01822,-0.1016,-0.031565,0.09092,0.018213,0.057288,-0.018647,-0.0058139,0.00024772,-0.012254,0.00073812,-0.057882,0.1944,-0.093499,-0.029172,-0.031467,0.096311,-0.094077,0.094218,0.05867,0.057735,-0.029578,-0.15743,0.10602,0.0099023,-0.062131,0.038271,-0.16841,-0.063485,-0.0094296,0.069871,-0.028693,-0.10775,0.018537,-0.10426,-0.11302,0.068354,0.011435,-0.032095,-0.019908,0.095922,0.1351,-0.0029836,0.061624,-0.005417,0.020795,-0.097002,-0.15963,0.042901,0.049808,-0.16171,0.095048,-0.083176,0.090547,-0.1277,-0.10375,0.039005,-0.12866,-0.10498,0.0083913,-0.049216,0.045534,-0.030405,-0.057515
0.0079271,-0.1164,0.029772,0.062226,-0.028787,0.12302,0.00921,0.081525,0.16748,0.02835,0.15,0.12665,-0.20194,-0.052393,-0.038716,0.11613,0.01308,0.073218,0.092076,-0.20078,-0.12238,0.21613,0.011244,0.082022,0.0054884,-0.12948,0.086003,-0.11885,-0.064097,0.16497,-0.10629,-0.0013864,-0.132,0.10594,0.037553,0.21049,-0.16739,-0.0088322,0.041121,-0.02544,-0.041354,-0.16035,-0.11884,0.051111,0.060711,0.035164,-0.14243,-0.084084,0.091365,0.073404,-0.11632,0.10224,-0.2353,0.049503,-0.092122,0.0078432,-0.052713,-0.017039,0.06209,-0.04622,-0.035942,0.15437,0.14783,0.084177,0.10693,0.17126,0.12153,-0.1853,0.024251,-0.066424,-0.088259,-0.0014647,0.024514,0.10338,-0.0030011,-0.19843,0.041433,-0.075866,0.12514,0.046261,-0.072424,0.17931,-0.10036,0.13511,0.21156,-0.05838,0.0090727,-0.11724,0.10627,-0.010469,0.010864,0.086607,-0.019676,0.012865,0.089924,0.039738,-0.10939,0.069818,-0.012999,0.035137
0.078435,-0.046744,0.14492,-0.021258,-0.13916,0.078376,-0.036387,0.014554,-0.020992,-0.15692,-0.10385,-0.077686,0.24204,0.0076692,0.14667,0.20894,0.0078792,-0.045048,0.1184,0.011831,-0.052545,-0.22858,-0.047148,0.036607,-0.061978,0.025396,-0.15017,-0.00863,-0.077124,-0.079107,-0.19593,-0.066068,0.079155,-0.018438,-0.058224,-0.015567,0.026443,0.1177,0.12577,-0.026438,-0.036103,-0.053299,-0.12035,0.037802,0.099799,-0.024856,-0.18611,0.0040664,-0.047016,-0.02816,-0.046795,-0.081614,-0.14245,0.061657,-0.069504,0.017542,-0.12574,-0.011026,-0.024831,-0.080862,0.11616,0.089006,-0.10961,0.028058,-0.048718,-0.095977,-0.14128,-0.13571,0.085072,0.061411,0.098952,0.032226,-0.0081155,0.15965,-0.16576,0.083672,-0.18912,0.037343,0.15572,-0.024525,0.089717,-0.096902,0.0049733,0.0027671,0.12143,-0.13966,-0.009566,0.2095,-0.038702,-0.055737,0.0063898,0.0845,0.24176,-0.094464,0.023854,0.097145,0.094094,0.093825,-0.11858,-0.051891
-0.048096,0.086656,-0.2027,-0.014818,0.15722,0.01194,-0.11034,-0.016654,-0.082226,0.069982,-0.071036,0.089987,0.13891,-0.11347,0.0060842,-0.086669,0.07928,-0.017924,0.067152,-0.13798,-0.0669,-0.095085,0.010062,-0.05897,0.014226,0.10155,-0.058034,0.0039003,-0.085086,0.10294,-0.23588,0.05949,0.12051,-0.0076784,0.16069,-0.22363,-0.0016787,0.11206,-0.048592,-0.062051,0.12865,0.021991,-0.10639,0.031158,0.19167,0.23098,-0.026017,-0.064528,-0.11848,0.0092031,0.18429,0.18668,-0.21331,-0.074839,0.1539,0.068036,0.092106,0.16912,0.0075205,0.14047,-0.11969,-0.079172,0.064591,0.12461,-0.20909,0.13995,0.12803,-0.038472,-0.19047,0.090832,-0.16355,-0.0014149,-0.33082,0.03055,0.081491,-0.069596,-0.0722,-0.0048266,-0.082537,0.066279,0.068794,0.042835,0.22401,0.077669,0.12516,-0.036973,0.26513,-0.062599,0.055776,0.056932,-0.066552,-0.18534,-0.060502,-0.049224,-0.20046,-0.031166,-0.10066,0.042289,-0.034715,0.15813
0.1125,0.13765,-0.0059708,-0.12176,-0.088369,-0.12506,-0.064416,0.060454,0.015178,-0.049721,0.0063824,-0.061751,0.12002,-0.035773,-0.12107,-0.0067949,0.021115,0.084369,-0.0053428,-0.0044699,0.027666,-0.029385,-0.071685,-0.14401,-0.093197,0.079655,-0.063095,0.041975,-0.012071,-0.061925,-0.20952,-0.029859,0.049957,0.035263,-0.16556,-0.040039,-0.10073,0.066432,0.031239,-0.0069797,-0.14578,0.12345,-0.022678,-0.014985,-0.068306,0.022659,-0.1411,-0.078681,-0.13199,0.092154,0.047879,0.095303,-0.030983,-0.11589,-0.08489,0.064521,-0.053978,0.050984,-0.044882,-0.13967,-0.01689,0.13014,-0.033293,0.062851,-0.026317,0.026694,-0.042242,0.013032,-0.1103,-0.097293,0.053814,0.057455,0.2051,-0.0082872,0.13149,-0.038704,-0.0085167,-0.11198,-0.1233,0.055261,-0.085211,0.063232,0.10024,-0.079342,-0.063169,0.026373,-0.2255,-4.4054e-05,0.10339,0.037523,0.0053055,-0.013332,0.020861,0.01489,0.069639,0.092053,-0.17141,0.19795,0.0064757,0.074604
0.09985,0.22087,0.011077,0.0098386,-0.054782,-0.082863,-0.01934,0.030172,-0.097157,-0.028074,0.030669,0.10439,0.090791,-0.15069,-0.047375,-0.17746,0.10305,0.06211,0.11016,-0.0098422,0.048181,0.13399,0.1726,0.017089,-0.057312,-0.092709,-0.0024722,0.0026507,0.053537,-0.021026,0.068709,0.25882,-0.082973,-0.11586,-0.09892,0.060509,-0.02196,-0.092763,-0.011698,-0.14638,-0.19231,-0.060536,-0.24144,0.049382,-0.060291,0.22574,-0.019925,0.20118,0.085212,-0.051483,-0.045626,0.018414,-0.078012,0.014826,0.0027268,-0.1047,-0.018767,0.082504,0.054197,0.065324,-0.080694,-0.09584,0.049257,0.06215,-0.085397,0.11234,0.026925,0.005077,-0.038138,0.082978,-0.1757,-0.0032151,-0.051224,-0.22287,0.073996,-0.033263,0.032416,-0.12184,-0.079829,-0.082237,-0.11904,-0.066494,-0.08646,0.013024,-0.050421,-0.050124,-0.2081,-0.041724,0.11897,0.10419,0.12093,-0.095757,-0.050827,0.054805,0.19674,-0.085437,-0.020484,-0.045885,-0.00078654,-0.19896
-0.13067,-0.065951,-0.0041701,-0.10226,0.044623,0.10027,-0.049795,0.066749,0.051952,0.21953,-0.11098,0.062668,0.13084,-0.013836,0.21024,-0.055803,-0.020984,0.058755,-0.12028,-0.0044659,0.067787,0.14033,-0.12612,-0.031766,-0.018349,-0.011363,-0.081585,0.19739,0.02348,-0.17019,-0.07237,-0.0027125,-0.047151,-0.029018,-0.13765,-0.24022,-0.068956,0.062279,-0.21881,-0.021537,0.13576,0.041549,-0.17733,-0.055819,0.050619,-0.099083,-0.042222,0.05781,-0.0062529,-0.10277,-0.034135,-0.053483,-0.0085109,0.092681,-0.10927,-0.046791,-0.11198,-0.029522,-0.06737,-0.065066,-0.13304,0.07313,0.005472,0.030615,-0.059585,-0.075566,0.10558,-0.048488,0.10151,-0.1456,0.052555,-0.10948,0.2176,0.0093323,-0.057004,0.19622,-0.082183,-0.25899,-0.036339,-0.025349,0.0092561,0.06942,0.044444,0.15787,-0.028527,-0.11382,0.067987,-0.035041,-0.074255,0.048115,0.18546,-0.15908,-0.12494,-0.0043809,-0.031794,-0.034225,0.048577,-0.0087088,-0.11851,-0.17472
-0.0080808,0.061079,-0.16648,-0.057684,0.017788,-0.10298,0.067071,-0.0085358,0.088148,-0.056782,0.080424,0.15042,-0.029511,-0.10176,-0.0027901,-0.12441,0.08627,0.011295,-0.020326,0.091212,-0.16936,-0.019509,0.0712,0.20716,0.065399,0.00052772,-0.043716,-0.21103,-0.0079571,-0.001866,-0.091213,-0.01248,0.10504,0.012434,-0.13707,-0.02233,-0.002802,0.14866,-0.12676,-0.20843,0.042491,-0.10952,0.13233,-0.04901,-0.11834,0.11001,0.228,-0.10526,0.00011792,0.081538,-0.058373,-0.011937,0.086743,0.0016611,-0.01959,0.0075507,0.072277,0.094621,0.11272,-0.0039732,0.0089199,-0.0078424,-0.13296,-0.050419,-0.11783,0.081764,-0.017572,0.085897,0.11011,-0.10332,0.11262,0.075024,-0.097487,-0.015561,-0.013243,-0.10903,0.047045,0.11801,0.09123,0.14136,0.054482,0.085354,0.0099521,-0.17714,0.092146,-0.093096,-0.067405,-0.082902,0.012356,-0.073627,-0.11708,0.12584,-0.032451,-0.063002,-0.024805,0.093677,-0.043368,-0.056897,0.086238,-0.019295
0.13621,0.16822,-0.084642,-0.00034909,0.052191,0.01303,0.098494,-0.11652,0.081416,0.025466,-0.05055,-0.12513,0.028943,-0.0004838,0.044958,-0.040969,0.035798,-0.15142,0.11773,-0.049106,-0.083469,-0.051568,0.084117,0.17614,0.18142,0.014919,0.046424,-0.092044,0.14642,0.035767,0.20326,-0.06168,0.074275,-0.076382,0.040971,0.032546,-0.15269,0.12356,0.1974,-0.061749,0.096439,-0.05,-0.11972,-0.04773,0.0631,0.09053,0.037999,-0.05678,-0.045209,0.026214,0.017892,-0.061118,-0.020128,-0.046797,0.024763,0.13022,0.056097,0.039709,-0.10204,0.054013,-0.073693,0.088157,-0.075861,0.094161,-0.028712,0.12379,0.034853,-0.067975,-0.039931,-0.058753,0.066894,-0.17473,0.09181,0.048268,0.055559,0.0025571,-0.074115,0.054558,-0.089042,-0.0062284,0.031415,0.037231,-0.013438,0.12378,0.054656,0.18131,0.038397,0.022345,-0.088294,0.072753,0.026668,0.11272,-0.09547,0.011599,0.061121,-0.057228,-0.1821,-0.027974,-0.079503,-0.036792
-0.17605,-0.042398,-0.26686,0.028193,0.018117,0.030455,-0.006193,0.14964,-0.043848,-0.17469,-0.11054,0.029712,0.13583,0.083693,0.066097,0.030259,-0.024679,0.057872,0.020289,-0.093626,-0.14486,-0.11061,0.024865,0.011447,0.0059753,0.057591,-0.034585,0.010769,0.058296,0.047586,0.16135,-0.042585,0.03998,0.00063359,0.020534,0.17369,-0.17738,0.080501,-0.042577,-0.016069,-0.16598,-0.056681,-0.089972,0.1498,-0.19464,-0.2144,-0.13307,0.013891,0.20582,0.06622,0.10011,-0.12494,0.12318,-0.084213,-0.086897,-0.063428,-0.027073,-0.043249,-0.016335,-0.022128,0.11307,-0.04325,-0.12837,-0.0031933,0.076889,-0.28668,0.078078,-0.00058218,0.12432,-0.086299,-0.044082,0.079818,0.22705,-0.056452,-0.019343,0.038314,-0.0070876,0.012896,-0.027728,0.0053063,-0.13816,0.077963,0.16027,0.02201,0.03006,-0.099816,0.042216,-0.11168,-0.017304,0.054588,-0.13958,0.087878,-0.068907,0.035584,0.00060829,-0.1784,0.062063,0.029379,0.057294,0.038792
0.038613,-0.040127,0.057238,-0.11705,-0.0093338,0.078902,0.074017,0.025962,-0.047203,-0.043759,-0.13407,0.086125,0.070265,-0.13895,0.015486,-0.0061528,-0.16254,0.11793,0.13082,0.0054431,-0.066608,-0.17906,0.020328,0.14855,-0.14492,0.201,-0.016901,-0.040112,-0.24028,0.071931,0.05705,-0.041289,-0.046127,0.12944,0.20939,0.0026372,-0.10706,-0.048458,0.096259,0.090256,0.11244,0.18558,0.15202,-0.14348,0.010064,-0.17324,-0.03265,0.0068182,0.050518,-0.18215,-0.15035,0.018337,0.088335,-0.068687,0.014834,0.046812,0.11514,0.08994,0.1256,0.024444,-0.050656,0.066485,-0.11711,0.17051,0.17278,-0.030841,0.015588,0.21108,0.074355,-0.11239,0.17139,-0.080877,-0.17015,0.0011924,0.131,0.20067,-0.050942,-0.079899,0.053145,-0.098689,0.11211,0.13714,0.025481,-0.028006,0.14267,-0.010483,-0.16434,0.07543,-0.010703,0.15813,-0.034546,0.098992,-0.057277,0.05125,0.25784,0.027671,-0.043611,0.12614,0.13497,0.11824
-0.028482,0.019978,0.25071,0.11478,0.077636,0.1596,-0.029416,0.16894,0.034772,0.043761,-0.11123,0.073652,-0.13401,0.13982,-0.10148,0.13262,0.10145,0.08519,-0.032356,0.13744,0.024649,-0.14247,0.06809,-0.043791,-0.06176,0.12203,0.065556,0.078654,0.22809,-0.047573,0.1633,-0.035846,0.10436,-0.085158,-0.10208,-0.062575,-0.13104,-0.050909,0.063697,-0.0046302,0.08214,0.13118,-0.038474,-0.0086085,0.09606,-0.004726,-0.073265,-0.090993,0.17837,-0.017899,-0.26098,0.031704,-0.056797,-0.010017,-0.048459,-0.053121,0.099062,-0.17856,0.051236,-0.10001,0.0637,0.020289,0.088799,0.19613,0.09083,0.12542,-0.021187,-0.14486,-0.0020164,-0.11787,0.023836,-0.024575,-0.12884,-0.028908,-0.16177,-0.10173,0.00053986,-0.16065,0.032566,-0.11217,-0.017111,-0.0022643,-0.050578,-0.031677,-0.26111,0.0066299,-0.16291,-0.013809,-0.11013,-0.15151,-0.036016,0.031898,-0.044062,0.146,-0.10893,-0.16137,0.029175,-0.040086,0.015554,-0.052012
0.086867,0.1353,0.047141,0.026417,0.15602,-0.037989,0.075291,-0.10713,-0.085267,-0.041124,0.063087,0.067646,-0.049183,-0.27196,-0.032642,-0.09761,-0.0058843,-0.036475,0.13783,-0.098546,0.098269,0.012032,-0.053007,-0.011542,-0.094642,-0.089378,-0.035605,-0.022222,-0.16797,-0.13189,-0.21376,0.10276,0.1585,0.039134,0.026253,0.0069002,-0.020499,-0.0019842,0.040064,0.16702,0.034229,-0.1269,-0.033847,0.076883,0.17067,-0.016963,-0.10454,0.094584,-0.035746,0.013854,0.18159,0.0036632,0.0062334,0.045154,-0.098239,-0.10926,0.10076,-0.28377,-0.075327,-0.14498,-0.10596,-0.096343,0.09979,0.059615,0.065836,0.114,-0.1418,0.054673,0.12779,0.00060163,0.0052439,-0.11734,-0.063197,0.02103,-0.26577,0.052092,-0.13959,-0.13804,-0.1378,0.14504,-0.23683,-0.015621,0.044246,-0.058831,0.084615,-0.17949,0.053141,-0.04636,-0.16661,-0.0072878,-0.013382,0.055947,0.062081,-0.11632,0.015483,-0.041385,0.0163,0.052765,-0.079327,-0.08674
-0.081701,-0.13596,0.18947,-0.044546,-0.14061,0.11433,0.12722,0.011914,-0.0077714,-0.086594,-0.12627,-0.083692,-0.082379,0.13179,0.11468,0.1717,-0.23207,-0.13735,0.13011,0.029635,0.10858,0.02742,0.069146,0.092767,-0.079395,-0.0051075,-0.011288,0.081276,-0.037969,0.0044895,-0.045324,0.032549,0.0036499,0.049868,0.035658,-0.13093,-0.079637,-0.041025,-0.06491,0.093643,-0.046728,-0.020017,-0.17173,-0.0062445,0.15326,-0.06405,-0.11742,0.003075,0.0135,-0.10409,-0.019304,0.029378,0.0078322,0.079156,-0.012864,0.027937,-0.084238,-0.046479,-0.038224,-0.044241,-0.044828,-0.13983,0.017931,0.10358,-0.081107,0.12309,0.066016,0.069831,0.086449,-0.0076408,-0.10193,0.092121,0.029185,-0.032751,0.0086292,0.010294,0.098217,0.093779,0.07901,0.08485,0.017527,0.041034,0.1177,0.03635,-0.10154,0.042764,-0.028704,0.025438,0.089854,0.072658,0.13275,0.038553,0.0045927,0.051381,-0.022838,-0.24271,-0.032955,-0.10396,-0.067558,-0.092379
0.021422,-0.11861,-0.099761,0.048626,0.0047839,0.04685,0.038964,0.087278,-0.043299,0.11337,-0.01378,0.068294,-0.18957,0.14385,-0.068066,0.047075,-0.16067,-0.022689,-0.083918,-0.080802,0.045497,-0.044082,0.038794,-0.017666,0.073046,-0.048284,0.11802,-0.11809,0.12108,0.068263,0.059706,-0.13598,-0.027697,0.066315,-0.049627,-0.084125,-0.046997,0.16575,-0.024172,0.0039255,-0.17339,-0.11372,-0.086526,0.15982,-0.060956,0.06837,-0.0089111,-0.2595,0.12161,0.032152,0.026743,-0.0054609,-0.068871,-0.072662,0.0054778,0.21706,0.10889,-0.064518,0.17844,-0.069885,0.10715,0.036463,-0.11106,0.088655,-0.039622,0.00085483,0.026843,-0.077914,-0.097031,-0.084714,0.071039,0.017512,-0.15381,0.10811,0.12309,-0.12774,-0.010712,0.043515,0.034973,0.22553,-0.090713,-0.068949,-0.18086,0.11801,-0.058015,-0.033461,0.14009,-0.12763,0.045139,-0.041941,0.037061,-0.053258,0.064529,-0.097127,-0.031069,0.1666,0.079537,-0.024011,-0.084735,-0.12624
0.13619,-0.036435,-0.067683,0.11819,-0.03071,0.16958,-0.15281,-0.077683,0.035898,0.012462,0.012463,-0.018511,0.022416,-0.15609,-0.091641,-0.014969,0.093085,0.10657,-0.046179,-0.15641,-0.1402,0.060107,-0.032147,-0.066237,-0.0074149,-0.083736,-0.053398,0.035738,0.060391,0.006467,0.052161,0.052625,0.15576,-0.017851,0.0024357,0.068535,0.046506,0.092004,-0.10316,-0.0087117,0.069344,-0.032096,-0.099031,0.14333,0.0083031,0.07054,0.084938,-0.11491,0.16333,-0.071176,0.11309,-0.062281,-0.052504,0.022798,-0.071307,-0.093728,0.045024,-0.22101,0.046783,-0.0003194,0.05461,0.0036263,-0.24635,0.011859,-0.14508,-0.064928,0.091537,0.039973,-0.050072,0.073359,0.12912,-0.099955,0.014925,-0.060988,-0.13745,-0.012002,0.11702,0.0091665,0.014555,0.11996,0.13942,-0.00075633,-0.093078,-0.017262,-0.016878,0.041812,0.094071,0.019954,0.026966,-0.010228,-0.0090564,0.024489,0.14006,-0.018923,-0.054526,-0.08712,-0.0053496,0.027816,0.076074,0.042197
-0.11686,0.094913,-0.061487,0.026143,0.087049,-0.064555,0.011114,-0.06551,-0.026064,-0.020751,-0.030627,0.034563,0.13243,-0.029038,0.11627,-0.090771,-0.1043,0.07554,-0.090731,0.021454,0.18119,0.18169,0.10535,-0.020991,-0.021782,-0.0015366,-0.081423,-0.023567,0.062722,0.020362,-0.022634,0.092825,0.012545,-0.029416,-0.064926,-0.068635,-0.080518,0.057035,0.15246,0.036447,-0.13821,0.0029433,-0.062432,-0.0081309,0.082866,-0.095048,0.01572,0.20427,-0.069357,0.015451,0.071543,0.22163,-0.059349,-0.11522,-0.032189,-0.0049906,-0.0070898,-0.2196,-0.016987,-0.043199,-0.01802,0.079687,-0.019318,-0.021702,-0.070184,-0.0063548,-0.023977,-0.045647,-0.080033,0.033642,0.25602,-0.23829,0.017759,-0.10263,-0.038717,-0.078281,0.14922,-0.0058341,-0.07081,-0.00025079,0.061877,-0.061058,0.10027,-0.086812,0.044541,-0.17989,0.061373,-0.074229,-0.050683,0.069461,-0.053675,0.089129,-0.10997,-0.10921,0.059624,0.0085416,-0.060534,0.03017,-0.0074488,-0.027203
0.20306,-0.0062013,0.042798,-0.0040859,0.037509,-0.050412,0.041067,-0.010359,-0.13702,0.01843,0.12191,-0.062555,0.014085,-0.085047,0.078435,-0.0061923,0.14699,0.1185,0.034055,-0.042555,-0.11976,0.051431,-0.072998,-0.084985,-0.19022,-0.028547,0.13481,0.027737,0.068978,-0.071019,0.22476,0.10163,0.082064,0.12126,-0.004076,0.019001,0.020198,-0.098009,0.10204,0.20274,-0.026612,-0.068452,0.048871,0.048311,-0.12218,-0.10132,-0.1761,0.044144,-0.0013262,0.15986,0.14252,-0.0035342,0.0080911,0.048047,0.078694,-0.0068065,0.076901,-0.0092656,0.019261,-0.14329,0.02901,-0.14351,0.088134,-0.057729,-0.12791,-0.012877,-0.034757,-0.087784,-0.11164,0.040942,0.15102,-0.031261,0.085442,-0.029909,0.10689,-0.0098754,-0.031718,0.11469,0.098925,0.031542,0.049227,-0.21775,-0.016484,0.19912,0.010872,0.018057,0.054052,0.20523,0.10778,-0.045741,-0.18811,0.083456,0.11906,-0.0089584,0.019805,0.11796,-0.054437,0.097341,-0.039355,-0.07748
0.033771,-0.055385,0.1906,0.040524,0.19715,0.027201,-0.0068501,0.12915,-0.045709,-0.076105,0.20128,0.1705,-0.11962,0.10469,0.016251,0.073655,-0.17984,-0.10962,-0.092564,0.04879,0.031846,-0.019458,-0.065112,-0.074044,-0.011531,-0.13523,-0.00096083,0.023134,0.085267,-0.097002,0.15723,-0.084734,-0.044623,-0.12814,0.18019,-0.050255,-0.055746,-0.0054337,0.062917,0.15112,0.041806,0.14929,-0.12023,0.099983,0.08859,-0.059179,0.012591,-0.12744,-0.10417,0.021212,0.1991,0.1477,-0.13879,-0.012176,-0.080903,-0.0032204,-0.021778,-0.05273,-0.08391,0.041202,0.0057636,0.050011,0.27573,0.18921,-0.052557,-0.048115,0.10204,0.10596,-0.20739,-0.089363,0.22138,-0.044878,0.010736,-0.05274,0.086308,0.1544,-0.044781,-0.13144,-0.022761,0.10673,-0.015585,-0.055084,0.11081,-0.0813,-0.099006,0.15392,0.053487,-0.23205,-0.079714,0.010989,0.068558,-0.18599,-0.039365,-0.033335,-0.17216,-0.034007,-0.06762,0.037595,-0.21379,0.13646
-0.0088105,0.090044,0.21095,0.14758,0.004874,0.073637,-0.19307,-0.032795,-0.039562,-0.013928,-0.15568,0.12547,-0.10561,-0.10756,0.019829,0.0023099,-0.034329,0.034064,-1.117e-05,-0.15445,-0.073806,-0.037048,0.058955,0.1265,0.034505,-0.10148,0.0047326,-0.18775,0.079408,-0.057931,-0.050714,-0.11252,-0.079396,0.048481,-0.12886,0.095922,0.09189,0.14101,-0.12376,-0.0024852,0.047617,0.1322,0.03693,0.042263,0.14976,-0.28179,-0.025117,0.10221,-0.053734,0.041791,0.030394,0.080695,0.038303,-0.050102,-0.073457,0.015521,0.057044,0.0072934,0.11962,0.0072691,0.045512,-0.033928,-0.058155,-0.22395,-0.18243,0.052355,0.040648,-0.15058,0.029093,0.049349,0.16991,-0.031289,0.046887,0.10735,0.060509,0.0051946,0.0066257,-0.0074984,-0.12496,-0.052273,0.14775,0.020027,-0.11867,0.16692,0.10987,-0.05796,0.14944,-0.10399,0.048174,-0.23298,-0.1309,0.12051,-0.10798,0.10659,-0.0044157,-0.12721,-0.088325,-0.17799,-0.10352,-0.035415
-0.012578,-0.082536,-0.12062,0.10913,-0.16943,-0.021551,-0.068257,0.081843,0.026806,-0.12858,0.077745,-0.064194,0.064114,0.13889,0.11855,0.091439,0.0038165,-0.13224,0.078825,-0.060654,0.2574,-0.28643,-0.028558,0.032595,-0.0050321,0.035595,-0.082892,-0.11003,0.11812,0.14051,0.10619,-0.084318,-0.079097,0.091318,0.12191,-0.040177,0.14863,-0.028675,-0.13835,-0.050091,-0.067572,-0.060579,-0.017115,0.028998,0.043362,-0.13678,-0.10798,-0.078133,0.073943,-0.028237,0.049513,0.14676,0.16986,-0.0080408,-0.075723,0.010465,-0.10831,0.01485,-0.14019,-0.09167,-0.14269,0.16939,0.061826,-0.021809,0.0094777,-0.056553,-0.081018,-0.10977,-0.031005,0.044195,0.092587,-0.049938,0.093186,0.14659,0.030789,-0.18133,0.089825,-0.04869,0.0013897,-0.038131,0.1396,0.08786,-0.0084495,-0.13037,-0.12147,0.023025,-0.012648,-0.093984,0.028394,0.01283,-0.045536,0.042435,-0.13638,-0.17047,0.010068,-0.06441,0.1246,0.0039288,0.026374,-0.033383
-0.013431,-0.2591,0.106,-0.1318,0.10605,-0.0093019,-0.077085,0.16774,-0.12023,-0.10812,0.18149,-0.13411,0.076857,0.046839,0.068082,-0.018658,-0.038121,0.1244,0.14441,0.028287,-0.037804,-0.031602,0.15613,0.040914,0.025353,-0.044893,-0.028059,0.060132,0.040094,-0.0050522,0.050407,0.052706,0.1464,-0.068435,0.0097499,-0.041712,0.059676,0.052178,-0.14482,0.027514,0.10727,-0.029736,0.17567,-0.036986,0.17442,0.20494,0.11662,-0.019711,0.11272,0.049762,0.023588,0.039362,0.055203,-0.10535,-0.0090342,0.0029795,-0.14449,-0.17339,0.068202,-0.11447,0.096785,0.13623,0.048621,0.058388,-0.012424,0.078774,-0.070158,-0.0018719,0.17852,0.077307,0.030186,0.002585,-0.042198,0.014191,0.12654,0.07602,0.083417,-0.086223,-0.15055,0.1455,0.077254,0.032844,0.012054,-0.098463,0.10706,-0.013103,0.011979,0.076769,0.067507,0.12049,-0.25935,0.045285,0.039673,0.20994,-0.17448,-0.022554,-0.055555,0.055182,-0.066707,0.085704
-0.058347,-0.23483,0.064511,0.19163,0.022804,-0.06802,0.17755,-0.10791,0.16751,0.21614,0.13081,-0.010185,-0.019805,-0.013783,-0.049573,-0.14358,0.019289,0.014218,-0.16918,0.21136,0.056549,-0.089511,-0.096736,0.010764,0.017394,-0.026931,0.098414,-0.033474,0.020775,0.06746,0.15968,-0.010695,-0.029581,0.077956,-0.053671,0.047539,-0.043824,-0.097827,0.13759,-0.047169,0.10838,-0.10715,-0.14832,-0.018415,0.082095,-0.043037,-0.025415,-0.034441,0.063867,-0.011751,-0.00053355,-0.02145,0.1318,0.083172,-0.1015,-0.15317,-0.11594,0.019609,-0.072079,-0.049294,0.0741,0.11674,-0.096096,0.047459,0.12037,0.012269,-0.007327,-0.035836,-0.067115,-0.068443,0.071241,0.077125,0.033619,-0.10481,-0.0022483,-0.15211,0.041237,0.10416,-0.0092028,0.04915,-0.20921,0.014993,-0.013442,-0.17709,0.040371,-0.0066785,0.10231,0.025256,0.041105,-0.04013,-0.14989,-0.018287,-0.052286,-0.018275,-0.014187,-0.074826,0.12346,0.038643,-0.037711,-0.14557
0.078968,-0.085792,-0.0017466,-0.073749,-0.10638,-0.21724,-0.020306,-0.20441,0.029095,-0.022317,-0.061341,0.0034237,-0.0041423,-0.045207,-0.052623,0.041952,0.0075158,-0.083925,-0.043234,-0.025296,0.061892,0.13976,0.074708,-0.098196,0.022555,0.094631,0.052417,-0.12135,0.041968,-0.02857,-0.097682,0.035607,-0.063706,-0.0010747,-0.085852,0.058165,0.045012,0.11803,-0.0646,-0.23376,-0.18943,-0.058692,-0.027543,0.077987,0.058757,-0.022319,0.093579,0.016259,-0.0071864,-0.16418,-0.037242,-0.06967,-0.020307,-0.013022,-0.032057,-0.040911,-0.10024,0.10909,-0.010464,-0.075085,-0.0058421,0.11513,-0.044107,0.042575,-0.00046082,0.036596,-0.14438,0.18228,0.00024886,0.13455,-0.15992,-0.018616,-0.046325,-0.13867,-0.14186,-0.10131,-0.073839,0.0044508,0.0093021,0.071268,-0.0080139,0.017134,0.001814,-0.076664,0.088679,-0.056351,-0.039702,-0.10226,-0.066903,0.028626,-0.030554,0.022905,0.080121,-0.13863,-0.024413,-0.15536,0.015661,-0.026725,-0.13721,0.11744
-0.18055,-0.070672,0.042411,0.063019,-0.20505,0.066571,0.11847,-0.015629,-0.00091999,0.094088,0.0051729,-0.039095,-0.07117,0.063713,0.018411,-0.031364,-0.008014,-0.055918,-0.033732,-0.16637,-0.083104,0.057828,-0.011454,0.093603,-0.10108,0.036262,0.022627,0.12471,0.038898,-0.098807,0.011794,-0.010266,0.0090596,-0.017708,-0.16306,-0.21737,0.030985,0.045172,0.053402,-0.093047,-0.16075,-0.0025651,-0.16072,0.06898,0.089804,0.063916,-0.18173,0.052558,-0.007374,-0.062993,0.0046782,0.18973,-0.077891,-0.12678,0.1607,0.045773,0.10538,-0.0322,-0.062328,-0.01791,-0.11839,0.15768,0.13268,-0.10611,-0.0027444,-0.0068157,-0.08311,-0.12505,0.11724,0.052426,-0.091281,-0.11784,0.016654,0.057211,-0.065766,0.039841,0.1097,0.093621,-0.0033389,-0.096669,-0.068038,0.062676,0.011866,-0.17541,0.1991,-0.061837,0.10593,0.18376,0.23544,0.163,-0.027839,0.10828,-0.064046,-0.060866,0.12935,-0.20963,-0.14081,-0.028311,-0.14689,-0.086648
-0.14572,-0.10511,-0.038696,0.038706,0.31013,0.065711,-0.090166,-0.0271,-0.18257,-0.25563,0.039177,-0.13579,0.00966,-0.075748,-0.11669,0.0856,0.019271,0.00078563,0.016937,-0.039145,0.05868,0.020531,0.038497,0.13976,-0.070763,-0.11612,-0.010509,0.029151,0.032408,0.16633,0.10907,0.17481,-0.18912,-0.054896,0.032517,-0.10155,0.18006,0.036355,0.026049,0.041144,-0.091807,0.055572,0.17164,-0.064443,0.11235,0.20198,0.17049,0.067063,-0.051198,-0.083649,0.098619,-0.11706,0.11311,0.01408,0.15404,0.076041,-0.016502,0.088265,-0.1561,0.12627,0.16557,-0.014975,-0.000219,0.029792,-0.11694,-0.13605,0.007302,0.0055864,0.072703,-0.090262,-0.13491,0.13689,-0.051465,-0.013519,0.11303,-0.091978,-0.16688,0.050014,0.06695,0.025822,0.016499,-0.066215,0.033693,-0.059573,0.016191,0.06293,-0.10957,-0.1019,-0.16306,0.02803,-0.15387,0.068238,0.068708,0.035239,0.24557,-0.054176,-0.092695,-0.12611,0.12285,0.064569
0.11917,0.042669,0.0022169,0.16569,0.17118,0.01643,0.021602,0.15702,0.24979,-0.30712,0.053582,0.066785,0.043271,0.011086,-0.035249,-0.059035,0.0081531,-0.14983,0.15088,-0.088479,-0.013232,-0.066166,0.21781,-0.13105,0.020601,-0.072728,0.10007,0.0057142,-0.24752,0.18088,0.036128,-0.11493,-0.21825,0.016165,-0.062836,0.05184,-0.15279,0.19905,-0.18019,-0.071506,-0.21325,-0.096896,0.025355,0.013845,-0.0025254,0.14614,0.051676,-0.053262,-0.070171,0.0033617,0.010475,-0.064908,0.082562,-0.13797,-0.040879,0.12929,-0.084654,-0.010247,0.18812,0.080986,-0.13461,0.24427,-0.013107,0.12028,-0.15312,0.088418,0.0521,-0.049442,0.043537,-0.049679,0.0074249,0.15828,0.20583,0.085515,0.13193,0.030254,0.15973,0.015096,-0.11712,0.12938,-0.084707,0.016758,-0.08152,0.1849,0.016391,0.13824,-0.15419,0.22022,-0.10748,-0.050342,-0.11309,-0.073648,-0.019785,-0.20484,-0.066617,-0.13331,0.18623,-0.056187,-0.15108,-0.077334
-0.053376,0.016779,0.12167,0.022091,0.014136,-0.17092,0.015758,0.080864,0.15235,0.14406,0.0515,-0.019572,-0.070109,-0.006847,-0.00048665,0.040739,0.13944,-0.28375,0.11901,-0.0033779,0.093443,0.056325,-0.12087,-0.097426,-0.1694,-0.10122,0.24096,0.061591,0.014647,0.023871,-0.061538,0.13678,0.0026568,0.064505,0.18458,0.0055093,-0.014913,-0.055751,0.0643,-0.080403,0.21648,0.0031859,-0.069651,0.0008072,-0.010529,-0.10544,0.07028,-0.043135,0.13487,-0.094433,0.1496,-0.17139,-0.017533,0.038186,0.0032905,0.10534,0.15212,-0.12855,0.056194,0.011227,-0.044987,-0.091869,0.067875,-0.15001,0.013523,-0.038688,-0.13596,-0.047057,-0.014719,0.1182,-0.026525,0.02761,-0.060232,-0.0033619,-0.023859,-0.027426,0.031112,-0.080582,0.16873,0.039495,0.19153,0.12505,-0.082958,-0.10579,-0.16867,-0.013276,-0.13322,-0.14432,-0.037606,0.084326,0.046973,0.067859,-0.038709,-0.036512,-0.090118,-0.052632,-0.093227,-0.02047,0.035212,0.05099
-0.036041,0.014554,0.29213,-0.018208,-0.034796,-0.14741,-0.13878,0.079854,-0.041384,-0.12368,-0.0055625,0.050966,-0.092228,-0.20477,-0.1666,-0.057675,-0.03658,-0.085572,-0.065888,0.095741,0.13104,0.021279,-0.11122,0.062228,0.047622,0.081258,0.012368,0.049391,-0.010985,-0.12394,0.086439,0.062976,-0.058885,0.036398,-0.047172,-0.097369,-0.22542,-0.055539,0.094482,0.047484,-0.092962,0.011445,-0.0058478,0.18193,0.071489,-0.067797,-0.021601,-0.040808,0.11405,-0.13859,0.10263,-0.12957,-0.30304,-0.053457,-0.1101,-0.15913,-0.073215,-0.16213,0.052934,0.20858,0.010011,0.038597,-0.12101,0.041249,-0.0040186,-0.064016,-0.064854,0.018075,0.097639,0.0075332,-0.046215,0.0001223,-0.032735,-0.11047,-0.082018,-0.055568,-0.10378,0.037864,-0.046206,-0.16468,-0.067461,0.039963,0.01618,0.003798,0.0034352,0.10071,0.0042028,-0.14752,-0.008088,-0.16204,0.0017988,-0.00047624,-0.02033,0.20717,0.067331,-0.046487,0.030354,0.23068,-0.033781,-0.10814
-0.097004,-0.21237,0.033352,-0.033758,0.1501,0.0016633,0.055702,0.04279,-0.058205,-0.001902,-0.074999,0.098466,-0.066133,-0.058262,0.038279,0.0014738,-0.15207,-0.075405,-0.025751,-0.12274,0.0028161,0.044364,0.0309,0.056815,0.12288,0.12057,-0.11229,-0.20452,0.0098428,-0.11229,-0.021567,0.03363,-0.11654,0.031734,-0.080023,0.083393,-0.10723,0.095651,0.04336,0.10538,-0.0052472,-0.040742,-0.08612,0.12201,0.024144,-0.090173,-0.021801,-0.074219,0.04688,0.052453,0.18583,0.1975,0.083903,0.21229,-0.062951,-0.081559,0.10792,-0.13293,0.0020688,-0.13278,0.10466,0.10842,-0.064178,0.084191,-0.090669,-0.11434,-0.10726,-0.17547,0.023725,0.028783,-0.2219,-0.036952,0.013975,0.065811,-0.053001,0.023518,0.01671,-0.1205,0.042228,0.1368,-0.0024153,-0.012793,0.13816,0.16775,0.029762,0.027484,0.15381,-0.00018343,0.030842,-0.10932,0.042929,-0.19885,0.035463,-0.17088,0.10877,0.054594,0.075514,0.10795,-0.085557,0.071859
0.26861,-0.02923,-0.05494,0.058388,0.027339,-0.024734,-0.052837,0.011612,-0.1535,-0.0061657,0.13231,-0.12344,-0.025736,-0.057817,-0.013831,-0.14996,0.046484,0.10305,0.0069841,-0.015029,-0.10104,0.021792,-0.077127,0.084531,-0.02122,0.24035,0.042384,-0.011269,-0.066252,-0.068232,-0.18985,0.058683,0.0070649,-0.045125,0.21708,0.019904,0.090141,-0.04032,0.039319,0.054747,-0.082992,-0.089797,-0.12209,0.12166,0.0014203,0.0033751,-0.079208,0.16042,-0.064175,-0.019467,0.11,0.1426,0.047513,0.097503,-0.24387,-0.09592,-0.086874,0.045873,0.048823,-0.030952,-0.087709,0.074173,0.036046,-0.073928,-0.036892,0.1538,0.10274,-0.028347,-0.041906,-0.035567,-0.037546,0.036907,0.20024,0.038923,0.002118,0.068116,-0.030198,-0.28433,-0.044625,-0.032808,0.017618,-0.10683,-0.10806,-0.021572,0.18038,0.06511,0.033303,0.12954,-0.066976,0.21233,0.041234,-0.17829,-0.03782,-0.095938,0.22233,-0.0046319,-0.17599,0.23635,-0.055989,-0.10931
-0.023481,0.037386,-0.016318,0.080332,-0.19084,0.17404,0.1273,0.080892,-0.10488,0.070575,-0.090915,0.023466,0.067721,-0.16447,-0.078465,0.026248,0.052656,0.049651,-0.0073748,-0.15005,0.083148,-0.013242,0.039852,0.22455,-0.017264,-0.032392,-0.10104,-0.036092,0.095977,0.099159,-0.11066,-0.042904,0.11867,0.00069437,-0.07659,-0.073304,0.076187,-0.014167,0.11922,-0.19885,-0.045488,-0.1339,-0.10338,-0.035838,-0.030327,-0.096378,-0.071729,0.089929,-0.05502,-0.0079182,0.057861,-0.056294,0.24814,-0.14602,0.0057187,0.030546,-0.081728,-0.11412,-0.0081493,0.053694,-0.05244,0.03935,0.25415,-0.055022,0.16344,0.038828,0.014518,0.034099,0.071243,0.1127,0.023733,0.1477,0.02578,0.012453,0.0048345,0.26212,0.0011008,0.084819,-0.040715,0.096376,-0.098966,0.22797,-0.049358,-0.061475,-0.080983,-0.11233,-0.24408,-0.05341,-0.15052,-0.048298,-0.016021,-0.020813,0.10967,-0.1118,-0.1223,-0.17332,-0.0054374,-0.049674,0.14349,0.031298
0.059462,-0.14315,0.076587,0.048378,-0.072131,0.037704,0.0051677,0.085838,-0.15412,0.018017,0.063805,0.087515,-0.13153,0.11257,-0.014097,0.051448,-0.067978,0.022229,0.074876,-0.082182,-0.0090349,0.0043967,0.19286,-0.1686,-0.16088,-0.076612,0.059427,0.088909,-0.0013281,0.11075,-0.028966,-0.12232,-0.039076,-0.0014117,0.09179,-0.18224,0.13759,0.035631,0.0040344,0.040712,0.16604,0.048586,0.032033,0.057592,-0.027247,-0.099881,0.11932,-0.11291,-0.016588,-0.00764,0.11301,0.024095,-0.033388,0.046659,0.039114,-0.026268,0.073462,0.033039,-0.037166,0.084353,0.068783,0.018151,0.22021,-0.0019409,-0.02841,-0.0087654,-0.0013445,0.16906,0.063884,-0.047372,-0.0094681,0.07942,0.041904,0.19231,-0.057991,0.1656,0.10492,-0.034632,0.19677,-0.045522,-0.12153,0.08621,-0.12887,0.013757,0.034979,-0.066261,-0.21232,0.08223,-0.017544,0.058174,0.10555,-0.2184,-0.1433,0.23102,0.022101,-0.053368,0.03709,-0.13311,0.18093,0.11918
-0.034094,-0.016332,0.073622,-0.07262,0.0074469,-0.022413,-0.20126,-0.18438,0.055809,-0.02451,0.037593,-0.15899,0.091543,-0.092744,-0.10471,0.067954,0.072922,-0.013353,-0.0038514,0.087048,0.023679,-0.11534,-0.024974,0.11579,0.030797,-0.13103,-0.029852,-0.096264,0.061444,-0.12279,0.13928,0.10258,-0.072991,-0.16308,-0.2544,-0.016671,0.10217,0.0030726,-0.017189,-0.12907,0.043112,0.1236,-0.0094391,0.075062,0.03058,0.094625,0.033916,-0.023852,0.028284,0.00395,0.04584,-0.14496,-0.1313,0.053876,-0.024877,0.019868,-0.0069812,0.060216,0.062843,-0.044314,-0.19719,-0.029646,-0.032834,0.042841,0.028454,0.040201,-0.05945,0.076948,0.040038,0.051862,0.010511,0.064522,-0.069981,0.097956,0.068493,0.1481,-0.17847,0.054168,-0.024197,0.0022947,-0.061831,0.055824,0.058023,-0.026806,-0.013964,0.046961,-0.059732,0.087088,-0.13614,-0.073731,-0.18484,-0.088318,0.13881,-0.046137,0.095558,0.1557,0.029277,-0.059707,0.091989,-0.10685
-0.02831,0.11071,-0.018322,0.079172,-0.046912,-0.19132,0.10205,0.14471,0.050993,-0.016703,0.087701,0.076894,-0.095645,-0.12583,0.10652,0.021626,-0.15729,-0.030257,0.039982,0.12687,0.059876,-0.019749,-0.028806,-0.0014496,0.060844,0.0088214,0.018091,-0.0071055,0.14888,0.12876,-0.0083341,0.16862,0.00076024,-0.023927,-0.028676,-0.19795,0.10336,-0.01139,-0.078784,0.0080339,-0.0089565,-0.14182,0.0042758,-0.061619,-0.11931,0.10657,0.14741,-0.25077,0.068935,0.090151,-0.013881,0.31523,0.079601,-0.11729,0.1795,0.084093,-0.052867,0.15533,0.079086,0.036531,-0.16731,-0.067989,-0.046864,0.073199,0.010965,-0.06432,-0.073783,0.27133,-0.11817,0.15573,0.023421,-0.062227,0.088015,0.21486,-0.17021,-0.10337,0.013814,0.024617,0.092892,0.12213,0.13144,-0.10411,0.089147,-0.1526,0.049113,0.092524,-0.024035,0.10737,-0.12402,0.18187,0.086587,-0.018245,0.088302,-0.057755,0.054372,0.12408,-0.0072238,0.062807,0.0060374,-0.089194
-0.015453,0.20237,0.2123,-0.042766,-0.034565,-0.20639,0.03887,0.11622,-0.15451,-0.11962,-0.28833,-0.05627,0.01742,-0.12602,0.10108,0.23718,-0.043339,-0.026147,-0.065462,0.11234,-0.010614,-0.047433,0.007574,0.1696,-0.043938,-0.11319,-0.036767,-0.13165,0.14393,-0.037972,-0.052439,0.064417,-0.057969,0.014989,0.02014,0.17494,0.0084448,-0.066739,-0.14077,-0.049215,0.041476,-0.12262,-0.13409,0.0090837,0.0796,0.013412,-0.13871,0.12837,0.037765,0.061522,-0.0040838,-0.024335,0.039188,-0.055619,-0.060951,0.080152,-0.082826,0.038213,-0.13404,-0.044644,-0.047249,0.069337,0.089517,-0.00016525,0.15601,-0.039883,0.18642,0.017167,0.1288,-0.14703,0.027723,-0.021643,-0.10136,-0.048114,0.11047,-0.072095,-0.025815,0.088637,0.15041,-0.0092646,-0.026269,-0.20435,-0.019091,0.0013397,-0.12923,0.06948,-0.061094,-0.068713,-0.09953,-0.12586,-0.066438,-0.069724,-0.097867,0.10326,-0.046547,-0.037736,-0.013491,0.004621,0.1873,0.042122
0.2078,0.035363,-0.068298,-0.044051,0.068697,-0.18323,-0.10321,-0.093214,0.091956,0.013483,0.038198,0.019631,0.032199,0.16852,-0.058148,-0.14923,-0.15733,-0.13298,-0.095606,-0.1191,0.06137,0.064446,-0.065787,-0.052646,-0.0057867,0.03633,0.032461,0.018032,-0.017037,0.036694,-0.015507,-0.046021,-0.073838,0.032094,-0.041934,-0.074489,-0.31865,-0.021259,-0.016139,-0.19958,0.04713,-0.10074,-0.040991,-0.042623,0.0030639,-0.15773,0.12345,-0.030026,0.024475,-0.013457,0.090761,-0.0046815,-0.017609,0.08385,0.044078,-0.014717,0.28002,-0.015754,0.062286,0.081572,-0.022006,0.064109,0.046857,0.0057774,-0.017761,0.083005,0.088393,0.11656,-0.01336,-0.012555,0.18648,0.13988,0.0029485,0.058737,-0.10525,-0.082006,-0.00044161,0.090831,0.076598,0.12257,0.033375,-0.084859,0.064223,-0.080348,0.038393,0.11975,-0.048447,-0.029152,-0.027344,0.014553,0.092827,-0.0011513,-0.026659,-0.031144,-0.066544,-0.0073776,-0.086832,0.0081136,0.081015,0.1644
0.054785,-0.14724,-0.001232,-0.062537,-0.13936,-0.060916,-0.0057236,-0.00042945,0.00743,-0.17708,-0.13398,0.050511,0.14155,-0.088383,0.1849,0.050157,-0.01793,0.2045,-0.021757,-0.062679,-0.070515,0.067704,-0.11892,0.064845,-0.023096,-0.040332,0.069562,-0.1599,-0.078671,-0.031388,0.045549,-0.055991,0.010837,-0.12026,0.093578,0.047723,-0.0099109,0.053186,-0.016998,0.12009,-0.049597,0.098852,0.052646,-0.16151,-0.11059,0.12742,-0.0044098,0.048932,-0.076401,0.07808,-0.092179,0.12101,0.087735,-0.074848,-0.055322,0.13944,0.12391,-0.012378,-0.029987,0.06002,0.033054,0.030723,0.1157,0.078331,0.01803,-0.048377,-0.031703,-0.0021211,0.0055554,-0.017728,0.034968,-0.22948,-0.12506,0.017811,0.084119,-0.12284,-0.21044,0.029437,-0.043041,-0.0032715,0.01549,-0.21792,0.015259,0.071158,-0.1209,-0.2023,0.026928,0.12696,-0.029408,0.034835,0.12751,0.050586,0.043227,-0.025899,-0.049017,-0.12328,0.089279,-0.063633,0.19772,-0.14694
0.11243,0.049996,-0.12032,-0.019908,-0.057173,0.085179,-0.18919,0.054958,-0.099627,-0.00063385,0.092191,-0.019497,-0.034613,-0.055316,-0.051613,-0.099366,0.042141,0.02407,-0.10826,0.096811,0.0037221,-0.085539,-0.061024,0.12623,0.044501,-0.030609,-0.012741,-0.11261,0.1497,-0.0090183,-0.022307,0.13183,0.016541,0.0074303,0.029758,-0.081985,0.11546,0.012861,-0.065173,-0.2147,0.097708,0.0064604,0.056688,-0.072081,-0.036499,-0.018711,0.07023,-0.041375,0.093158,0.14271,0.024937,-0.050595,-0.066365,0.054615,0.070786,-0.09968,-0.0065497,-0.24498,0.028902,-0.038282,0.050227,-0.15331,-0.11665,-0.049356,-0.029118,0.004685,0.060069,0.045105,0.10161,-0.077114,0.1291,-0.17893,-0.036769,-0.080864,0.013372,0.16882,-0.084331,-0.18373,0.060047,-0.011662,0.13765,0.10344,0.028216,0.0037581,-0.15691,-0.094352,0.10093,0.1694,0.057489,0.025432,0.10375,0.052273,0.11437,0.12413,-0.11092,-0.081664,-0.2106,0.097426,0.11196,0.048552
0.028351,0.035043,0.052435,0.024969,-0.15493,0.16768,-0.070932,-0.18152,0.10306,0.1136,0.17474,0.034028,-0.16503,0.013358,0.19057,-1.3889e-05,-0.22021,0.15594,-0.0064489,-0.054932,0.03887,0.31192,-0.065709,-0.10661,-0.017011,-0.079234,0.055517,-0.017373,0.057176,0.11482,0.095967,-0.032987,-0.089975,-0.045149,-0.12257,-0.19857,0.20612,-0.0074534,-0.015825,-0.025028,0.043056,-0.00042663,0.07807,0.12951,0.024157,-0.13186,0.1418,0.091882,0.030299,-0.14107,-0.024142,0.070719,-0.053144,0.062139,-0.14589,0.083637,-0.071816,-0.13286,-0.012164,0.056441,-0.063428,-0.078411,0.21994,-0.060056,0.030548,0.17901,0.039795,0.017163,0.014772,-0.027569,-0.06846,0.077655,-0.045295,0.14281,-0.025022,-0.010681,-0.01431,0.037321,-0.031934,-0.038677,-0.061821,-0.091619,0.019288,-0.13421,0.044541,0.068887,0.14295,0.010384,-0.021737,0.06868,-0.08025,-0.080873,0.13679,-0.0018824,-0.0086917,-0.039196,0.06471,-0.11811,0.1271,-0.097117
0.06783,-0.014305,0.11699,-0.12476,0.09254,0.040229,0.031465,0.15773,-0.28443,0.045286,-0.11486,0.13591,-0.002526,0.052972,-0.090968,0.0068918,0.12075,-0.1036,0.058522,-0.056187,-0.14065,0.096157,-0.047322,0.038128,-0.12441,-0.091398,0.040712,0.031172,0.035407,-0.13226,0.18679,-0.039797,0.09767,-0.052971,-0.025304,0.038837,-0.14279,0.030502,-0.092158,0.13,0.073718,0.0013458,-0.049199,0.011109,-0.044648,-0.23334,0.0062271,0.039577,0.20208,0.064334,-0.031095,0.12683,0.022441,-0.018035,0.017545,-0.015349,-0.070384,-0.039607,-0.05436,0.0721,-0.050835,-0.15669,0.1212,0.20572,-0.026966,-0.077613,-0.16844,0.026532,0.2139,-0.12836,0.071944,-0.097453,0.038175,0.021735,0.11256,-0.025732,-0.042404,0.053518,-0.070668,0.070946,0.077613,-0.11931,-0.144,0.0039967,0.0045292,-0.22445,0.0731,-0.11485,-0.071301,-0.093646,-0.077295,0.14857,0.18746,-0.097512,-0.0080299,0.065315,-0.18208,0.0063179,-0.092366,0.041322
0.051353,-0.11747,-0.12341,0.085242,0.14419,-0.15849,-0.010359,-0.14674,-0.11943,-0.18263,0.045268,-0.027935,-0.31571,0.019015,0.090014,-0.068487,-0.036682,0.0047921,-0.13913,0.044123,-0.10422,-0.21203,0.043875,0.20179,-0.12695,0.049917,-0.074539,-0.1208,0.13172,0.10286,0.001978,0.066996,0.14189,-0.10882,0.076357,0.11349,0.08315,-0.0324,-0.069414,0.12382,-0.039521,-0.066853,0.025523,-0.047529,0.036925,-0.049292,0.12668,-0.050934,0.037512,0.2988,0.044858,0.0042547,-0.084951,0.09272,0.095009,0.12592,0.11379,0.097548,0.03177,0.1189,-0.012018,-0.082121,-0.078093,-0.10665,0.058273,0.22843,0.061383,-0.040665,0.12226,0.12636,0.025458,-0.073318,0.022936,0.015256,0.15879,0.00019108,-0.010399,0.098511,-0.031706,0.079881,-0.034997,-0.093558,0.085046,-0.098003,-0.011235,0.1023,-0.20506,0.17765,0.059852,-0.13852,-0.018658,-0.1055,0.17024,-0.019552,-0.094184,-0.1686,-0.030747,-0.060652,0.17408,0.034438
0.019076,0.0078563,0.053116,-0.00056438,-0.066019,0.17915,0.099918,0.14623,-0.02539,0.049056,-0.032242,0.0223,0.10472,-0.18399,0.11967,0.14553,-0.062201,-0.055844,0.17633,-0.0026704,0.029198,0.042273,-0.18549,-0.10437,-0.16096,0.08075,-0.042439,0.012278,0.017496,0.0078209,-0.11427,-0.12959,-0.046352,0.026104,0.022354,0.036653,-0.020711,-0.11485,0.09587,0.012493,-0.14578,-0.20108,-0.00053197,-0.023814,0.18235,-0.016531,0.10815,-0.16345,0.1438,-0.094955,0.2301,0.084667,-0.035077,0.08769,0.0087326,0.029175,-0.11572,-0.0093181,-0.065097,0.0055945,0.027979,0.052328,0.18549,-0.0033214,-0.0039589,0.031836,-0.037199,-0.12289,-0.15871,-0.049694,0.29695,0.064658,-0.17107,-0.099862,0.049517,0.13567,-0.074474,0.021536,-0.16152,0.019468,-0.069331,0.10633,0.1983,-0.0022898,0.12313,0.13102,0.052401,0.03348,-0.23215,0.0177,-0.035208,-0.054346,-0.045781,-0.061779,-0.10277,-0.01005,0.045744,0.027372,-0.17461,0.050387
-0.098017,0.041754,-0.078554,0.010393,0.23985,0.059816,-0.0837,-0.057405,-0.11195,0.026094,-0.11686,0.014007,0.025557,-0.12105,-0.10095,-0.038853,0.16096,-0.25715,0.16418,0.14971,-0.018809,0.035694,-0.053021,-0.058313,0.11268,0.013173,0.012173,0.068948,0.14188,0.079524,0.049294,0.013606,0.12402,0.0025011,-0.20913,-0.14676,0.021858,0.071855,0.039195,-0.24148,0.044868,-0.061341,-0.11126,0.1044,-0.10637,-0.026047,-0.061216,0.22795,0.028086,0.13009,0.15337,-0.14019,-0.056116,-0.075186,-0.012353,0.17262,-0.074184,-0.0029493,-0.018531,0.13877,0.037815,-0.16286,0.14459,0.022581,0.027667,-0.26177,0.023597,0.030582,0.023333,0.056293,0.095269,-0.0069011,0.025915,0.21343,-0.01036,-0.23162,0.043372,0.0073836,0.077548,0.25676,0.042142,0.040355,-0.0046012,0.13019,0.1047,-0.14562,-0.14428,-0.096983,0.080674,-0.089491,0.041454,0.075221,-0.051453,0.0032603,-0.062825,-0.15937,0.038169,-0.13531,-0.15641,0.080429
0.077123,0.064149,-0.0067699,0.068321,-0.0431,0.078981,-0.0021188,0.15558,0.062967,0.10034,0.13437,0.13362,0.021477,0.046991,0.0063308,-0.12596,-0.067555,0.003166,0.029357,-0.12096,-0.093801,0.010952,0.02932,0.060861,-0.14197,0.092554,-0.026341,0.1978,-0.033636,-0.038086,-0.19602,0.12119,-0.10004,0.16142,-0.045192,0.035654,-0.09659,0.0704,-0.11023,0.0060041,-0.072498,-0.060727,-0.044266,-0.0011333,0.040887,-0.145,0.038406,0.049125,0.11559,0.0028901,0.052765,0.036435,-0.061249,-0.039444,0.090731,-0.23781,-0.15742,-0.14741,0.03359,0.062783,-0.053598,0.088129,-0.19728,0.089226,0.051488,-0.1888,0.049155,0.087502,0.13558,0.048635,0.087104,0.029506,-0.010084,0.17023,-0.034599,-0.13786,0.0005956,0.054395,0.16061,0.063127,0.12215,0.19742,0.071123,-0.12774,0.011695,0.0018377,0.059786,-0.071858,-0.0091321,-0.026072,0.15194,0.12445,-0.12992,-0.20077,-0.082638,-0.094582,-0.11861,-0.03037,0.13469,0.16414
0.030902,0.021573,0.066316,0.062662,0.15841,-0.053745,-0.023767,0.11104,-0.084725,0.15194,0.1181,0.093257,-0.034519,0.02883,-0.014754,0.061001,0.0070016,-0.044639,0.011934,-0.16193,0.06132,0.029403,-0.12911,-0.098884,-0.028308,-0.026745,-0.16645,0.10816,0.032128,-0.035263,0.17871,0.092495,-0.015065,0.0079856,-0.034075,-0.067069,0.10136,-0.078205,0.089067,-0.069385,0.01943,-0.022101,-0.033579,0.12534,-0.018732,0.046755,-0.013352,0.11137,0.059428,0.065064,-0.1096,0.11407,-0.044044,0.010604,0.077233,0.010709,0.20762,0.019136,0.094682,-0.02709,-0.052357,0.1463,-0.22218,-0.043227,0.068424,0.014727,0.18736,-0.066003,-0.069608,0.091768,0.013183,0.027552,-0.072432,0.15156,0.0098722,-0.12081,0.10018,-0.01084,-0.0457,0.13466,-0.050829,-0.099499,-0.032092,0.00314,-0.067822,-0.099696,-0.019927,0.17002,0.005358,0.13219,0.011567,-0.17498,-0.08254,-0.18729,0.045581,-0.050758,-0.023144,0.10064,-0.0060935,0.070493
-0.21593,-0.1744,-0.14396,0.1823,0.17,0.11111,0.0022125,0.038888,0.13534,0.08679,0.061268,-0.1246,-0.1037,-0.01354,0.22226,0.0046741,0.083761,0.086545,-0.0925,0.00277,-0.012818,0.27102,0.046637,-0.012289,-0.042093,-0.059002,-0.047829,0.017715,-0.0060202,-0.13955,-0.049909,0.16452,-0.016511,0.036578,0.038668,0.10839,-0.061829,-0.01882,0.024217,0.020324,0.019685,0.03796,0.051234,-0.067189,0.039595,0.032879,0.10782,0.099266,0.14989,0.024429,0.11082,0.04661,-0.050972,0.041689,0.10792,-0.021649,0.069819,-0.042311,-0.2846,0.035767,0.072804,0.095933,-0.051833,0.14339,0.037635,-0.19007,0.10029,-0.18238,0.016958,-0.05329,-0.048765,0.20857,-0.015045,-0.081679,-0.06778,0.19507,-0.064997,0.1567,0.014155,-0.10139,0.058586,-0.040479,-0.0024451,-0.11477,-0.020171,0.010645,-0.033679,0.18072,0.041355,0.22821,-0.11866,-0.09251,-0.042237,0.013784,0.054303,-0.047402,0.052751,0.047059,-0.057126,0.078659
-0.03507,-0.26194,-0.025093,0.018209,0.19362,-0.13275,-0.12879,-0.0070209,-0.038455,-0.11245,-0.0067673,0.065208,0.14886,0.014145,-0.086489,0.042289,0.12009,0.05788,0.068788,-0.017458,0.12045,0.03793,-0.13206,-0.087294,-0.034236,-0.018275,-0.16384,-0.17818,-0.054467,0.060041,-0.051791,0.21751,-0.019011,0.18475,-0.10182,0.082608,-0.10751,-0.099937,0.06223,-0.018744,-0.1549,-0.12375,-0.013063,0.046601,-0.097756,0.077978,0.049552,-0.028469,-0.16862,-0.071631,0.067682,-0.13614,-0.063913,0.095465,0.10374,-0.091844,0.0539,-0.15084,0.054114,-0.10278,-0.14602,0.071612,0.071755,0.051676,-0.037498,-0.17433,0.019335,-0.060871,-0.19924,0.068026,-0.067096,0.023923,-0.08326,-0.15221,-0.060035,-0.043953,-0.027893,0.061778,0.1183,0.017659,-0.23781,0.040701,-0.031371,-0.1383,0.024863,0.0079082,0.12261,0.14401,0.020689,0.034423,-0.18928,-0.051597,0.050828,0.041655,0.017228,0.10364,0.0060875,-0.051158,-0.063907,-0.027005
0.072812,-0.098774,-0.042925,-0.043332,-0.047372,0.037013,-0.15506,0.051508,-0.035478,0.044873,0.12074,0.087528,0.09183,-0.11003,0.03553,-0.1017,-0.066723,-0.11136,-0.19269,-0.19117,0.065699,0.025176,-0.014565,-0.01756,0.032311,-0.053676,-0.15298,0.18867,0.088326,-0.038379,0.15075,0.088368,-0.031118,0.013207,0.010125,0.19235,-0.11103,-0.0087775,-0.019331,0.082004,0.023969,0.050185,-0.0024775,-0.010956,-0.064746,-0.12456,0.020905,-0.022293,-0.10802,-0.016149,0.0089948,-0.078563,0.016836,-0.042132,0.014859,0.0047525,0.21497,-0.018543,-0.078496,0.056048,-0.1793,0.12364,0.010777,-0.083908,-0.020889,-0.10488,-0.11156,-0.043601,0.16117,0.015603,0.092621,0.043881,-0.09966,-0.0204,0.19235,0.017657,0.066408,0.09512,-0.032127,-0.26666,0.218,-0.11831,0.17627,-0.14245,0.15125,0.055873,0.15071,-0.065146,-0.03053,-0.11552,0.018976,-0.098588,0.075586,0.11597,-0.20264,-0.14154,0.021299,-0.061936,0.094817,0.061539
0.1146,-0.065708,-0.10486,-0.035685,-0.0029467,0.031326,0.078663,0.058689,-0.099271,0.0933,-0.043453,-0.09461,-0.0097489,0.039613,0.19234,6.1324e-05,-0.19811,-0.16857,-0.11298,-0.017497,0.1523,-0.18996,0.017536,-0.01746,-0.11067,-0.046508,0.13745,0.047377,-0.010467,-0.018768,-0.21643,0.19408,0.1453,-0.11409,-0.0039359,-0.072603,-0.032691,-0.037317,-0.017809,0.10787,0.015029,-0.0017746,-0.099724,0.080424,-0.00746,0.026594,0.11578,0.023477,-0.0086444,-0.15593,0.014338,0.060851,0.10617,-0.058768,0.058717,-0.083331,-0.086377,0.00078823,-0.065309,0.075689,-0.20493,0.077015,-0.045667,0.054155,0.074451,0.17835,-0.12882,-0.053351,-0.0054705,0.050755,0.039833,0.0078556,0.10566,-0.12985,0.18416,0.005753,-0.1257,-0.10775,-0.096318,0.062425,-0.0048539,0.089384,-0.059256,-0.030037,-0.026014,0.061812,-0.14493,0.27324,-0.092886,0.087545,0.19903,0.02537,-0.033648,-0.14748,0.034553,0.1793,0.043675,-0.17131,-0.19389,-0.13893
-0.037993,0.11763,-0.12034,0.15335,-0.037489,-0.086651,0.031761,0.020997,-0.1117,-0.03491,-0.082365,-0.045003,0.022817,-0.19372,0.10747,0.15905,0.12629,-0.19603,-0.016145,0.042087,-0.013035,-0.085772,-0.066795,0.005469,-0.084557,0.12117,-0.10008,-0.23907,-0.098567,0.037972,-0.031861,0.0046157,0.059062,0.089401,-0.02393,0.11575,-0.11188,-0.029867,-0.16312,-0.14544,0.029684,-0.022591,0.10492,0.0304,0.033304,0.14764,-0.0014117,0.1001,0.08653,0.083367,0.19527,0.028242,0.011545,-0.016873,-0.063909,0.088528,-0.065802,0.08485,-0.081506,-0.17681,-0.031125,-0.030256,-0.12981,0.10169,0.11868,-0.03638,-0.013666,-0.085821,-0.27213,-0.098281,0.089294,0.0044664,0.047741,-0.0043433,0.043028,0.037206,-0.044274,0.0038151,-0.043247,0.044609,0.044929,-0.1126,0.1463,0.049686,-0.027985,-0.040364,-0.10079,-0.095595,0.06196,0.0094931,0.2223,-0.12243,0.0083067,0.075385,-0.010491,-0.07804,-0.12739,0.1116,-0.082478,-0.037278
-0.018556,0.17398,-0.073977,-0.24062,-0.080066,0.12613,0.06937,-0.036571,0.070913,-0.052864,0.068123,-0.051673,-0.14792,0.037101,-0.0026651,0.063615,0.0036262,0.091981,0.10508,0.078317,-0.12878,-0.087647,0.070453,0.026871,-0.095367,0.02053,0.073665,0.025325,-0.17607,0.076358,-0.055805,-0.014401,0.0045791,0.093248,-0.059885,-0.079313,-0.16802,0.10103,-0.20516,-0.090489,-0.05761,0.085833,0.0060188,-0.030033,-0.038025,0.05526,-0.092725,-0.14975,0.054089,0.0012207,-0.061849,-0.16469,-0.028836,0.10444,-0.032744,-0.13385,-0.14474,0.093603,0.091525,-0.11447,0.01909,-0.030919,0.076325,-0.011487,0.023008,0.11118,-0.054998,-0.0035996,0.24092,-0.021171,-0.078282,-0.11998,0.11144,0.17197,0.03037,-0.069158,-0.10313,-0.18864,-0.16709,-0.040519,-0.023569,0.13112,-0.026766,0.085188,0.059609,-0.13221,-0.1316,-0.11115,-0.11038,0.022042,-0.10944,-0.050292,0.024413,-0.098219,-0.14151,-0.10026,0.10634,-0.12139,0.13458,0.0044512
-0.090743,-0.11732,0.092136,0.11959,-0.075032,0.030962,0.069873,0.013499,-0.025149,-0.046025,0.071353,-0.053424,-0.082844,-0.04043,0.024478,-0.15479,-0.090812,0.014085,-0.11276,-0.012687,0.022689,-0.021005,-0.067755,0.056254,-0.11143,0.047097,-0.064058,0.15162,0.037957,-0.208,0.15366,0.092129,-0.14092,-0.1288,-0.085006,0.092194,-0.10488,-0.034202,-0.14947,0.070568,-0.1476,-0.025708,-0.089092,-0.1004,0.11479,-0.048877,0.07824,-0.04334,0.084378,-0.13031,0.010255,0.11441,-0.000858,-0.11173,-0.044394,0.041833,-0.037904,0.075231,-0.01594,0.054284,-0.029156,0.070326,0.033679,-0.24762,0.027671,0.033709,-0.064819,0.015205,0.010152,0.19055,0.026538,0.016154,0.052558,-0.0065196,-0.03756,0.13081,0.066825,0.099922,0.13743,0.041646,-0.012781,0.026217,-0.21462,-0.1165,0.050488,0.074943,0.098483,-0.057867,0.14573,0.046231,0.13472,-0.0076156,-0.027708,0.046537,0.081459,0.094596,-0.021118,-0.1475,0.039136,0.032655
0.11524,0.056618,0.096481,0.1794,-0.064344,-0.044538,0.11099,-0.17994,0.046653,0.011733,-0.016859,0.079954,-0.058435,0.084075,-0.10403,-0.177,-0.095479,0.064371,-0.048271,-0.096829,-0.093803,-0.088776,-0.01168,-0.095861,-0.097892,0.11417,-0.20297,0.010454,0.044341,-0.19043,0.016618,-0.17909,-0.089674,0.19003,-0.097589,-0.19178,0.11459,0.11626,0.23311,0.079943,0.16419,-0.00069891,-0.068622,0.0027107,0.15439,-0.015544,-0.077051,0.040603,-0.11596,0.18989,0.023722,-0.042425,0.11526,-0.06314,0.064508,0.025249,0.06036,-0.06379,-0.15212,-0.12999,0.02871,0.15638,-0.095495,0.13274,-0.22051,0.19766,0.084784,-0.29694,-0.12519,0.20925,-0.00027488,-0.080218,-0.31723,0.094655,0.023861,-0.1702,-0.045211,0.11217,0.24191,0.076809,0.17409,0.1219,-0.12233,-0.011957,-0.00046939,-0.13178,-0.12465,-0.070437,0.01941,-0.060063,0.11071,-0.0087152,0.15274,0.024784,0.054241,0.085991,0.031148,-0.077785,0.080838,0.046767
0.078522,0.055125,0.049902,-0.023133,0.016212,-0.1343,0.065642,-0.0018058,-0.063132,-0.19522,0.078062,0.010781,0.056534,-0.0088395,0.098051,0.015806,-0.14276,-0.076273,-0.15229,-0.10505,-0.07505,0.074827,0.033257,-0.18632,-0.11671,0.082225,0.23984,-0.035622,-0.016424,-9.8417e-05,0.047308,-0.082853,-0.11322,-0.0028976,-0.022101,-0.076192,-0.070764,0.046577,-0.028507,0.15033,0.079794,-0.090527,0.016764,-0.028201,0.070948,0.27358,0.07793,-0.085268,0.013313,0.12941,0.044521,0.025554,-0.15389,0.11902,-0.015493,0.089579,0.04743,-0.0091707,0.082052,-0.1143,-0.056527,-0.087193,-0.061815,0.0093502,0.010486,-0.036454,0.067285,-0.096706,-0.039077,0.0029138,-0.096175,0.20852,0.087596,0.17051,-0.19864,0.15405,-0.076128,0.0091914,0.065461,0.17397,-0.044406,0.091248,-0.0064643,0.03432,-0.0092652,-0.043467,-0.0032941,0.045877,0.021459,0.020573,0.16091,-0.093693,-0.23307,-0.088021,-0.010001,0.0050916,-0.15083,-0.061109,0.046183,0.055886
-0.035741,-0.012975,-0.010039,0.061571,-0.058636,-0.041788,0.055484,0.025122,-0.040239,0.068229,-0.010866,0.078361,0.015498,0.035776,-0.01738,-0.024476,-0.05878,0.11609,-0.053175,0.013827,0.039767,-0.13264,-0.073258,-0.10973,0.14236,0.0042035,0.071222,-0.2166,-0.036598,0.034526,-0.066981,0.04327,-0.022856,-0.071584,-0.18328,0.0014184,-0.22423,0.13058,-0.044091,0.029387,-0.00088767,0.13943,-0.0021781,-0.14437,-0.036776,0.050381,0.1943,-0.090709,0.12079,-0.052294,-0.035397,0.12541,0.1316,-0.26807,-0.094557,-0.0030526,0.05403,0.10237,-0.0030998,0.07349,-0.0045374,-0.12008,-0.099006,0.22226,-0.015667,-0.059113,0.089534,0.049524,-0.089614,0.18833,-0.087536,-0.073182,-0.026564,-0.097502,-0.032487,0.15002,-0.047326,0.13035,0.15693,-0.035478,-0.073578,-0.084093,0.068873,-0.046543,0.10241,0.19538,-0.0080337,0.14537,-0.069647,-0.1726,0.23118,0.048761,0.03676,0.053649,0.059718,0.14338,0.0041763,-0.2032,0.060815,0.02045
